20210301 000000;8.625200;8.625200;8.623950;8.624110;0
20210301 000100;8.624180;8.624190;8.623130;8.623300;0
20210301 000200;8.623370;8.623510;8.622050;8.622210;0
20210301 000300;8.622260;8.622880;8.621950;8.622730;0
20210301 000400;8.622780;8.622780;8.622400;8.622570;0
20210301 000500;8.622690;8.623950;8.622690;8.623880;0
20210301 000600;8.623890;8.624820;8.622660;8.624430;0
20210301 000700;8.624400;8.624450;8.623430;8.624020;0
20210301 000800;8.624030;8.624220;8.613510;8.616130;0
20210301 000900;8.616050;8.616550;8.614850;8.615370;0
20210301 001000;8.615290;8.618540;8.614600;8.618080;0
20210301 001100;8.618080;8.618170;8.617110;8.617210;0
20210301 001200;8.617210;8.617760;8.616600;8.617380;0
20210301 001300;8.617380;8.619330;8.617280;8.618620;0
20210301 001400;8.618520;8.618830;8.616240;8.618120;0
20210301 001500;8.618020;8.618430;8.616920;8.616920;0
20210301 001600;8.617020;8.618220;8.616940;8.618050;0
20210301 001700;8.618010;8.618100;8.617220;8.617730;0
20210301 001800;8.617730;8.619490;8.617730;8.618540;0
20210301 001900;8.618540;8.618810;8.618370;8.618750;0
20210301 002000;8.618760;8.619010;8.618700;8.618980;0
20210301 002100;8.618980;8.619010;8.618460;8.618650;0
20210301 002200;8.618640;8.618920;8.618330;8.618850;0
20210301 002300;8.618880;8.619640;8.618700;8.619630;0
20210301 002400;8.619660;8.619670;8.619230;8.619650;0
20210301 002500;8.619650;8.619680;8.619230;8.619480;0
20210301 002600;8.619480;8.619750;8.619400;8.619570;0
20210301 002700;8.619570;8.620400;8.619340;8.620170;0
20210301 002800;8.620180;8.620580;8.619890;8.620580;0
20210301 002900;8.620590;8.620620;8.619830;8.619860;0
20210301 003000;8.619860;8.620460;8.616340;8.616550;0
20210301 003100;8.616500;8.617340;8.616050;8.617310;0
20210301 003200;8.617310;8.617740;8.617080;8.617260;0
20210301 003300;8.617310;8.618610;8.617270;8.618610;0
20210301 003400;8.618520;8.619130;8.617910;8.618690;0
20210301 003500;8.618770;8.620020;8.618760;8.619250;0
20210301 003600;8.619320;8.619320;8.618550;8.618730;0
20210301 003700;8.618760;8.619350;8.618450;8.618920;0
20210301 003800;8.618950;8.619250;8.617670;8.617730;0
20210301 003900;8.617810;8.619020;8.617770;8.618220;0
20210301 004000;8.618320;8.618520;8.617470;8.618130;0
20210301 004100;8.618020;8.618130;8.616850;8.617090;0
20210301 004200;8.617230;8.617720;8.616770;8.617050;0
20210301 004300;8.617050;8.617070;8.613640;8.614230;0
20210301 004400;8.614290;8.615110;8.614220;8.615110;0
20210301 004500;8.615100;8.615600;8.614840;8.614950;0
20210301 004600;8.614950;8.614950;8.614330;8.614420;0
20210301 004700;8.614430;8.614690;8.614260;8.614590;0
20210301 004800;8.614540;8.614560;8.613930;8.613950;0
20210301 004900;8.614260;8.614570;8.614050;8.614390;0
20210301 005000;8.614390;8.614920;8.614390;8.614710;0
20210301 005100;8.614710;8.615650;8.614690;8.614950;0
20210301 005200;8.614780;8.614860;8.613970;8.614090;0
20210301 005300;8.614140;8.614560;8.613960;8.614030;0
20210301 005400;8.614040;8.614270;8.613780;8.614090;0
20210301 005500;8.614130;8.614910;8.613600;8.613680;0
20210301 005600;8.613710;8.614280;8.613570;8.614270;0
20210301 005700;8.614270;8.614280;8.613210;8.613340;0
20210301 005800;8.613510;8.613510;8.612970;8.613350;0
20210301 005900;8.613420;8.613420;8.611670;8.611670;0
20210301 010000;8.611680;8.614110;8.611680;8.613730;0
20210301 010100;8.613660;8.615280;8.613400;8.613970;0
20210301 010200;8.614190;8.614190;8.612160;8.612460;0
20210301 010300;8.612410;8.612410;8.611650;8.611810;0
20210301 010400;8.611810;8.611810;8.609920;8.610200;0
20210301 010500;8.610130;8.610140;8.607860;8.607970;0
20210301 010600;8.607900;8.609020;8.607830;8.608520;0
20210301 010700;8.608620;8.608720;8.605980;8.606920;0
20210301 010800;8.606750;8.607130;8.606150;8.606420;0
20210301 010900;8.606520;8.606630;8.605710;8.605830;0
20210301 011000;8.605720;8.606720;8.605520;8.606450;0
20210301 011100;8.606250;8.606650;8.605420;8.606450;0
20210301 011200;8.606350;8.607450;8.606350;8.607060;0
20210301 011300;8.607050;8.607120;8.606250;8.606350;0
20210301 011400;8.606550;8.607230;8.606250;8.606450;0
20210301 011500;8.606460;8.607520;8.606460;8.607050;0
20210301 011600;8.607100;8.607620;8.607050;8.607350;0
20210301 011700;8.607360;8.607360;8.605820;8.606010;0
20210301 011800;8.606030;8.607220;8.606010;8.606150;0
20210301 011900;8.606090;8.606420;8.605930;8.606050;0
20210301 012000;8.606160;8.606260;8.605030;8.605030;0
20210301 012100;8.604750;8.605030;8.603750;8.604850;0
20210301 012200;8.604760;8.607570;8.604660;8.606650;0
20210301 012300;8.606750;8.607130;8.606230;8.607130;0
20210301 012400;8.607390;8.608020;8.607140;8.607810;0
20210301 012500;8.607630;8.607630;8.606420;8.606610;0
20210301 012600;8.606710;8.607850;8.606130;8.606960;0
20210301 012700;8.606810;8.606960;8.606120;8.606150;0
20210301 012800;8.606100;8.607020;8.606100;8.606920;0
20210301 012900;8.606910;8.607460;8.606910;8.607210;0
20210301 013000;8.607220;8.608220;8.607220;8.607720;0
20210301 013100;8.607620;8.608470;8.607200;8.607300;0
20210301 013200;8.607370;8.607510;8.606270;8.606350;0
20210301 013300;8.606420;8.606610;8.604170;8.604310;0
20210301 013400;8.604280;8.604470;8.603580;8.604460;0
20210301 013500;8.604300;8.604730;8.603700;8.604430;0
20210301 013600;8.604420;8.604420;8.603640;8.604230;0
20210301 013700;8.604230;8.604230;8.603480;8.603620;0
20210301 013800;8.603620;8.603620;8.596120;8.599430;0
20210301 013900;8.599430;8.600120;8.598530;8.599040;0
20210301 014000;8.599080;8.599430;8.598600;8.598980;0
20210301 014100;8.598940;8.599140;8.598240;8.598280;0
20210301 014200;8.598350;8.598460;8.594350;8.596300;0
20210301 014300;8.596300;8.596360;8.592540;8.595520;0
20210301 014400;8.595320;8.595320;8.593750;8.593820;0
20210301 014500;8.594130;8.594140;8.589930;8.590640;0
20210301 014600;8.590640;8.590980;8.589020;8.590520;0
20210301 014700;8.590250;8.590910;8.590050;8.590530;0
20210301 014800;8.590570;8.590570;8.588890;8.588890;0
20210301 014900;8.588980;8.589530;8.587870;8.588450;0
20210301 015000;8.588550;8.588550;8.586830;8.586870;0
20210301 015100;8.586020;8.586880;8.585540;8.586090;0
20210301 015200;8.586050;8.586320;8.585520;8.585640;0
20210301 015300;8.585590;8.586890;8.585440;8.586890;0
20210301 015400;8.586900;8.587020;8.586120;8.586310;0
20210301 015500;8.586260;8.586890;8.586170;8.586580;0
20210301 015600;8.586580;8.586760;8.585950;8.586580;0
20210301 015700;8.586580;8.587210;8.586430;8.586570;0
20210301 015800;8.586650;8.587350;8.586580;8.586970;0
20210301 015900;8.587000;8.588880;8.586270;8.587500;0
20210301 020000;8.588230;8.590450;8.587870;8.589390;0
20210301 020100;8.589490;8.589870;8.585540;8.585630;0
20210301 020200;8.585660;8.588550;8.585590;8.588270;0
20210301 020300;8.588420;8.589970;8.588420;8.589620;0
20210301 020400;8.589480;8.589650;8.588710;8.589180;0
20210301 020500;8.589380;8.592320;8.588180;8.588180;0
20210301 020600;8.588180;8.588360;8.583690;8.583840;0
20210301 020700;8.583840;8.585490;8.581730;8.581730;0
20210301 020800;8.581550;8.585030;8.581300;8.585030;0
20210301 020900;8.585030;8.587090;8.584350;8.584780;0
20210301 021000;8.584630;8.585140;8.583640;8.583640;0
20210301 021100;8.583640;8.584520;8.583020;8.583230;0
20210301 021200;8.583210;8.583990;8.583020;8.583530;0
20210301 021300;8.583670;8.583700;8.580610;8.581110;0
20210301 021400;8.581110;8.582400;8.580640;8.581650;0
20210301 021500;8.581660;8.581660;8.578980;8.579520;0
20210301 021600;8.579590;8.583300;8.579290;8.583280;0
20210301 021700;8.583430;8.586540;8.583040;8.583520;0
20210301 021800;8.583520;8.583550;8.579490;8.579880;0
20210301 021900;8.579880;8.580780;8.577300;8.578350;0
20210301 022000;8.578350;8.581420;8.577440;8.578260;0
20210301 022100;8.578290;8.579320;8.576910;8.577000;0
20210301 022200;8.576990;8.577710;8.576320;8.576630;0
20210301 022300;8.576630;8.578530;8.574620;8.576290;0
20210301 022400;8.576430;8.577220;8.575920;8.576420;0
20210301 022500;8.576420;8.578370;8.576130;8.577180;0
20210301 022600;8.577160;8.579140;8.574900;8.577430;0
20210301 022700;8.577380;8.578390;8.576580;8.578110;0
20210301 022800;8.578110;8.578110;8.575650;8.575870;0
20210301 022900;8.575800;8.576350;8.574690;8.576350;0
20210301 023000;8.575880;8.579950;8.574140;8.578690;0
20210301 023100;8.578690;8.580010;8.578010;8.580010;0
20210301 023200;8.580010;8.585330;8.580010;8.584370;0
20210301 023300;8.584370;8.584760;8.583240;8.583540;0
20210301 023400;8.583540;8.583780;8.580620;8.583280;0
20210301 023500;8.583280;8.583370;8.577120;8.579400;0
20210301 023600;8.579320;8.581090;8.578270;8.580970;0
20210301 023700;8.581040;8.582010;8.580770;8.581810;0
20210301 023800;8.581880;8.581890;8.580530;8.581160;0
20210301 023900;8.581180;8.582150;8.580730;8.581100;0
20210301 024000;8.581020;8.581410;8.578870;8.581020;0
20210301 024100;8.581170;8.587380;8.581170;8.587250;0
20210301 024200;8.587220;8.589760;8.585750;8.589750;0
20210301 024300;8.589750;8.591920;8.589360;8.591530;0
20210301 024400;8.591430;8.594210;8.589950;8.594210;0
20210301 024500;8.594420;8.594420;8.591540;8.591590;0
20210301 024600;8.591460;8.591880;8.590400;8.590930;0
20210301 024700;8.590990;8.592640;8.590720;8.592450;0
20210301 024800;8.592450;8.593970;8.591420;8.593960;0
20210301 024900;8.593960;8.597080;8.593960;8.597040;0
20210301 025000;8.597040;8.600570;8.597040;8.600270;0
20210301 025100;8.600260;8.600890;8.598710;8.599090;0
20210301 025200;8.598960;8.600370;8.598740;8.600140;0
20210301 025300;8.600310;8.601290;8.600310;8.600390;0
20210301 025400;8.600380;8.600990;8.599980;8.600860;0
20210301 025500;8.600940;8.600940;8.600070;8.600300;0
20210301 025600;8.600250;8.600630;8.599650;8.600100;0
20210301 025700;8.600070;8.605380;8.600070;8.605190;0
20210301 025800;8.605340;8.611020;8.605170;8.611020;0
20210301 025900;8.610870;8.616680;8.610180;8.611890;0
20210301 030000;8.611980;8.612300;8.606500;8.608350;0
20210301 030100;8.608340;8.609730;8.605650;8.609250;0
20210301 030200;8.609250;8.613470;8.608830;8.613130;0
20210301 030300;8.613120;8.620530;8.612760;8.620470;0
20210301 030400;8.620470;8.624130;8.619410;8.624130;0
20210301 030500;8.624130;8.629760;8.623980;8.629240;0
20210301 030600;8.629220;8.629220;8.625670;8.627500;0
20210301 030700;8.627490;8.629650;8.627140;8.627820;0
20210301 030800;8.627900;8.629840;8.627470;8.628250;0
20210301 030900;8.628240;8.628390;8.625700;8.627930;0
20210301 031000;8.627940;8.631920;8.627940;8.630740;0
20210301 031100;8.630680;8.632100;8.629610;8.630570;0
20210301 031200;8.630560;8.630560;8.628770;8.628910;0
20210301 031300;8.629010;8.629830;8.626470;8.626470;0
20210301 031400;8.626470;8.626490;8.624920;8.625260;0
20210301 031500;8.625190;8.625840;8.624880;8.625840;0
20210301 031600;8.625840;8.628060;8.625840;8.627650;0
20210301 031700;8.627780;8.640190;8.627640;8.639840;0
20210301 031800;8.639990;8.639990;8.635670;8.636090;0
20210301 031900;8.636090;8.637480;8.634520;8.635240;0
20210301 032000;8.635240;8.637170;8.632510;8.637170;0
20210301 032100;8.637310;8.642060;8.637290;8.640060;0
20210301 032200;8.639970;8.642150;8.638750;8.640630;0
20210301 032300;8.640720;8.640930;8.632820;8.633640;0
20210301 032400;8.633500;8.639200;8.633500;8.637750;0
20210301 032500;8.637740;8.637950;8.633270;8.634060;0
20210301 032600;8.634260;8.638080;8.634000;8.635780;0
20210301 032700;8.635940;8.636920;8.632900;8.633050;0
20210301 032800;8.632940;8.635320;8.632940;8.634420;0
20210301 032900;8.634320;8.638120;8.634150;8.637630;0
20210301 033000;8.637420;8.638580;8.636860;8.637120;0
20210301 033100;8.637120;8.647140;8.637120;8.644220;0
20210301 033200;8.643950;8.650290;8.643950;8.649430;0
20210301 033300;8.649420;8.651030;8.646500;8.648040;0
20210301 033400;8.647810;8.649260;8.645430;8.646670;0
20210301 033500;8.646460;8.646660;8.642330;8.644040;0
20210301 033600;8.643770;8.644260;8.641430;8.641870;0
20210301 033700;8.641830;8.641830;8.637720;8.639090;0
20210301 033800;8.639030;8.642650;8.638370;8.641710;0
20210301 033900;8.641650;8.645660;8.641130;8.644320;0
20210301 034000;8.644420;8.648190;8.641770;8.641770;0
20210301 034100;8.641820;8.642200;8.639920;8.639940;0
20210301 034200;8.639940;8.641410;8.639740;8.640700;0
20210301 034300;8.640460;8.641140;8.640460;8.640720;0
20210301 034400;8.640820;8.644420;8.640770;8.641870;0
20210301 034500;8.641870;8.642280;8.636890;8.637160;0
20210301 034600;8.637220;8.639050;8.637200;8.638820;0
20210301 034700;8.638820;8.639400;8.637220;8.638790;0
20210301 034800;8.638790;8.642380;8.638730;8.642230;0
20210301 034900;8.642300;8.643020;8.640860;8.641240;0
20210301 035000;8.641250;8.642530;8.640460;8.642040;0
20210301 035100;8.642040;8.643150;8.641150;8.642390;0
20210301 035200;8.642390;8.642480;8.641000;8.641470;0
20210301 035300;8.641530;8.642100;8.640800;8.641250;0
20210301 035400;8.641340;8.641570;8.636410;8.636410;0
20210301 035500;8.636340;8.637830;8.634690;8.635010;0
20210301 035600;8.635010;8.637200;8.634540;8.636490;0
20210301 035700;8.636490;8.641250;8.636490;8.637650;0
20210301 035800;8.637670;8.638040;8.635790;8.636160;0
20210301 035900;8.636260;8.638420;8.633510;8.635210;0
20210301 040000;8.635030;8.636920;8.633790;8.634540;0
20210301 040100;8.634670;8.634700;8.630570;8.631760;0
20210301 040200;8.631760;8.636390;8.631150;8.635690;0
20210301 040300;8.635680;8.636320;8.635100;8.635710;0
20210301 040400;8.635890;8.635890;8.632880;8.635110;0
20210301 040500;8.634610;8.636140;8.631760;8.633280;0
20210301 040600;8.633300;8.635750;8.632890;8.633790;0
20210301 040700;8.633730;8.635870;8.633290;8.633980;0
20210301 040800;8.633890;8.635550;8.633810;8.634800;0
20210301 040900;8.634800;8.635990;8.634210;8.635630;0
20210301 041000;8.635590;8.635660;8.631450;8.633080;0
20210301 041100;8.633090;8.635320;8.632390;8.634940;0
20210301 041200;8.634940;8.639190;8.634560;8.638430;0
20210301 041300;8.638480;8.638720;8.636400;8.637520;0
20210301 041400;8.637420;8.641090;8.634920;8.639490;0
20210301 041500;8.639680;8.641120;8.638520;8.640770;0
20210301 041600;8.640690;8.644100;8.640160;8.643370;0
20210301 041700;8.643400;8.644220;8.642430;8.644130;0
20210301 041800;8.644120;8.644190;8.641190;8.641700;0
20210301 041900;8.641780;8.648170;8.640900;8.647720;0
20210301 042000;8.647620;8.648690;8.646730;8.647550;0
20210301 042100;8.647580;8.648370;8.646900;8.647820;0
20210301 042200;8.647810;8.652090;8.646560;8.652090;0
20210301 042300;8.652090;8.654790;8.650000;8.654120;0
20210301 042400;8.654220;8.654260;8.651580;8.653140;0
20210301 042500;8.653120;8.654090;8.651690;8.653160;0
20210301 042600;8.653160;8.653810;8.652700;8.652700;0
20210301 042700;8.652820;8.652860;8.651220;8.651270;0
20210301 042800;8.651300;8.651490;8.650570;8.650690;0
20210301 042900;8.650830;8.651410;8.648410;8.648580;0
20210301 043000;8.648470;8.654800;8.647280;8.654620;0
20210301 043100;8.654620;8.656300;8.653880;8.655910;0
20210301 043200;8.655910;8.657080;8.655910;8.656320;0
20210301 043300;8.656400;8.656510;8.654040;8.654530;0
20210301 043400;8.654800;8.656950;8.653970;8.653970;0
20210301 043500;8.653970;8.654450;8.650840;8.654450;0
20210301 043600;8.654440;8.661700;8.653610;8.660430;0
20210301 043700;8.660430;8.661880;8.657610;8.660040;0
20210301 043800;8.660180;8.660260;8.658310;8.658580;0
20210301 043900;8.658570;8.659940;8.657630;8.657800;0
20210301 044000;8.657750;8.658340;8.657070;8.657740;0
20210301 044100;8.657530;8.659180;8.657020;8.657970;0
20210301 044200;8.657970;8.658760;8.653890;8.656640;0
20210301 044300;8.656640;8.656640;8.651450;8.655060;0
20210301 044400;8.655050;8.655050;8.650180;8.650670;0
20210301 044500;8.650420;8.652280;8.650410;8.651940;0
20210301 044600;8.652030;8.653110;8.649380;8.649980;0
20210301 044700;8.649980;8.651580;8.649600;8.650530;0
20210301 044800;8.650650;8.653350;8.650490;8.652380;0
20210301 044900;8.652490;8.652680;8.651250;8.651750;0
20210301 045000;8.651830;8.652420;8.651830;8.651990;0
20210301 045100;8.651860;8.651860;8.651110;8.651670;0
20210301 045200;8.651480;8.651700;8.651100;8.651370;0
20210301 045300;8.651360;8.651540;8.649670;8.650300;0
20210301 045400;8.650310;8.651200;8.647520;8.650700;0
20210301 045500;8.650710;8.651220;8.649870;8.650410;0
20210301 045600;8.650410;8.651300;8.649710;8.651250;0
20210301 045700;8.651250;8.651250;8.646570;8.646850;0
20210301 045800;8.646780;8.648050;8.644370;8.647370;0
20210301 045900;8.647320;8.649490;8.645920;8.646810;0
20210301 050000;8.646800;8.647220;8.645600;8.647060;0
20210301 050100;8.646920;8.651630;8.646530;8.649790;0
20210301 050200;8.649790;8.649790;8.646480;8.648260;0
20210301 050300;8.648200;8.648260;8.645630;8.647330;0
20210301 050400;8.647330;8.648610;8.646590;8.648380;0
20210301 050500;8.648830;8.652030;8.648280;8.652030;0
20210301 050600;8.652030;8.654120;8.650450;8.653990;0
20210301 050700;8.654130;8.654490;8.651560;8.652750;0
20210301 050800;8.652790;8.652940;8.649500;8.649670;0
20210301 050900;8.649660;8.653460;8.649660;8.652420;0
20210301 051000;8.652420;8.653090;8.651350;8.652860;0
20210301 051100;8.652600;8.652600;8.649590;8.652210;0
20210301 051200;8.652340;8.652340;8.650120;8.651670;0
20210301 051300;8.651670;8.652680;8.650650;8.652030;0
20210301 051400;8.652040;8.652200;8.650710;8.651690;0
20210301 051500;8.651620;8.651630;8.648390;8.648900;0
20210301 051600;8.648870;8.649210;8.648230;8.649020;0
20210301 051700;8.649110;8.651820;8.649040;8.651210;0
20210301 051800;8.651110;8.651570;8.648100;8.648480;0
20210301 051900;8.648480;8.649690;8.647330;8.648490;0
20210301 052000;8.648560;8.649230;8.648220;8.648730;0
20210301 052100;8.648730;8.649680;8.647640;8.648990;0
20210301 052200;8.648930;8.649070;8.647130;8.648320;0
20210301 052300;8.648190;8.648530;8.647060;8.648320;0
20210301 052400;8.648320;8.649620;8.646870;8.648440;0
20210301 052500;8.648490;8.649180;8.648200;8.648380;0
20210301 052600;8.648300;8.648620;8.646520;8.648520;0
20210301 052700;8.648390;8.650980;8.647230;8.648150;0
20210301 052800;8.648150;8.648650;8.647160;8.648290;0
20210301 052900;8.648280;8.648520;8.645570;8.648520;0
20210301 053000;8.648450;8.650500;8.647310;8.647430;0
20210301 053100;8.647330;8.647330;8.644930;8.644930;0
20210301 053200;8.644900;8.644900;8.640920;8.641730;0
20210301 053300;8.641740;8.642680;8.640250;8.642020;0
20210301 053400;8.642070;8.644610;8.640620;8.643930;0
20210301 053500;8.643830;8.645830;8.643620;8.643940;0
20210301 053600;8.643980;8.644600;8.642750;8.644590;0
20210301 053700;8.644590;8.646730;8.644370;8.646270;0
20210301 053800;8.646270;8.646280;8.641690;8.641800;0
20210301 053900;8.641800;8.644520;8.641670;8.643990;0
20210301 054000;8.643910;8.644460;8.641530;8.643580;0
20210301 054100;8.643590;8.643690;8.641790;8.641800;0
20210301 054200;8.641860;8.642680;8.640370;8.641550;0
20210301 054300;8.641550;8.642440;8.639310;8.639320;0
20210301 054400;8.639320;8.640270;8.637970;8.639270;0
20210301 054500;8.639240;8.643060;8.639230;8.643060;0
20210301 054600;8.643070;8.643070;8.639520;8.641580;0
20210301 054700;8.641580;8.642050;8.640950;8.642050;0
20210301 054800;8.642180;8.642740;8.641640;8.642000;0
20210301 054900;8.642100;8.642580;8.638650;8.641870;0
20210301 055000;8.641870;8.644240;8.641500;8.643790;0
20210301 055100;8.643800;8.645230;8.643290;8.644690;0
20210301 055200;8.644540;8.645910;8.644050;8.644930;0
20210301 055300;8.644930;8.647500;8.643560;8.647500;0
20210301 055400;8.647490;8.648500;8.646920;8.648500;0
20210301 055500;8.648650;8.650630;8.648650;8.650630;0
20210301 055600;8.650770;8.651850;8.649380;8.651210;0
20210301 055700;8.651220;8.652910;8.650150;8.652830;0
20210301 055800;8.652830;8.653990;8.652360;8.653970;0
20210301 055900;8.653900;8.653900;8.649790;8.650560;0
20210301 060000;8.650510;8.650510;8.643270;8.644600;0
20210301 060100;8.644640;8.648270;8.644170;8.648110;0
20210301 060200;8.648110;8.650420;8.643340;8.643340;0
20210301 060300;8.643340;8.645370;8.643090;8.644050;0
20210301 060400;8.644050;8.644050;8.641100;8.643430;0
20210301 060500;8.643490;8.643810;8.640840;8.642460;0
20210301 060600;8.642520;8.647070;8.642520;8.646020;0
20210301 060700;8.646030;8.647990;8.645810;8.645960;0
20210301 060800;8.646000;8.646000;8.641960;8.643630;0
20210301 060900;8.643550;8.643720;8.641570;8.641570;0
20210301 061000;8.641680;8.642930;8.640690;8.642820;0
20210301 061100;8.642670;8.643410;8.641970;8.643320;0
20210301 061200;8.643270;8.645120;8.643190;8.644420;0
20210301 061300;8.644520;8.648750;8.644520;8.648520;0
20210301 061400;8.648440;8.648440;8.644850;8.644910;0
20210301 061500;8.644830;8.646090;8.643180;8.644190;0
20210301 061600;8.644180;8.645390;8.644070;8.644670;0
20210301 061700;8.644670;8.648620;8.643850;8.648580;0
20210301 061800;8.648570;8.651850;8.648150;8.651330;0
20210301 061900;8.651420;8.651420;8.649370;8.650560;0
20210301 062000;8.650470;8.652430;8.650360;8.652420;0
20210301 062100;8.652350;8.654370;8.652070;8.652070;0
20210301 062200;8.652070;8.653250;8.650480;8.651900;0
20210301 062300;8.652570;8.653880;8.649630;8.649720;0
20210301 062400;8.649620;8.649720;8.646150;8.648890;0
20210301 062500;8.648930;8.649110;8.646980;8.648340;0
20210301 062600;8.648120;8.648690;8.645850;8.648610;0
20210301 062700;8.648920;8.650930;8.648860;8.650120;0
20210301 062800;8.650030;8.651990;8.650020;8.651970;0
20210301 062900;8.651980;8.653920;8.651290;8.652960;0
20210301 063000;8.653020;8.658350;8.653020;8.657700;0
20210301 063100;8.657880;8.657880;8.654050;8.654160;0
20210301 063200;8.654160;8.654970;8.653680;8.654610;0
20210301 063300;8.654520;8.654520;8.650990;8.651020;0
20210301 063400;8.651260;8.652840;8.650510;8.651530;0
20210301 063500;8.651560;8.652620;8.650510;8.652430;0
20210301 063600;8.652320;8.653320;8.649400;8.649490;0
20210301 063700;8.649540;8.651430;8.649060;8.651430;0
20210301 063800;8.651570;8.652860;8.651540;8.651720;0
20210301 063900;8.651720;8.651900;8.650760;8.650970;0
20210301 064000;8.651090;8.651200;8.644260;8.645550;0
20210301 064100;8.645550;8.646990;8.644840;8.646960;0
20210301 064200;8.646970;8.647890;8.644170;8.644780;0
20210301 064300;8.644780;8.644780;8.639400;8.639670;0
20210301 064400;8.639670;8.645030;8.639670;8.645030;0
20210301 064500;8.645120;8.646320;8.644280;8.646200;0
20210301 064600;8.646220;8.646920;8.646020;8.646600;0
20210301 064700;8.646640;8.646900;8.646380;8.646810;0
20210301 064800;8.646720;8.652600;8.646720;8.651920;0
20210301 064900;8.651920;8.652650;8.650130;8.650350;0
20210301 065000;8.650350;8.650360;8.649100;8.649460;0
20210301 065100;8.649450;8.649450;8.645050;8.645210;0
20210301 065200;8.645360;8.646200;8.645060;8.645900;0
20210301 065300;8.645900;8.648410;8.645770;8.648410;0
20210301 065400;8.648340;8.648590;8.645840;8.645890;0
20210301 065500;8.645960;8.646310;8.644170;8.644710;0
20210301 065600;8.644640;8.647330;8.644640;8.647090;0
20210301 065700;8.647220;8.647220;8.645410;8.646520;0
20210301 065800;8.646530;8.646620;8.641700;8.641700;0
20210301 065900;8.641700;8.641700;8.638570;8.638570;0
20210301 070000;8.638570;8.641840;8.636870;8.638520;0
20210301 070100;8.638500;8.640450;8.638070;8.639070;0
20210301 070200;8.639150;8.639150;8.635110;8.635770;0
20210301 070300;8.635700;8.636580;8.633030;8.633180;0
20210301 070400;8.633190;8.633920;8.631820;8.633310;0
20210301 070500;8.633170;8.633170;8.632430;8.632630;0
20210301 070600;8.632510;8.634120;8.631820;8.632430;0
20210301 070700;8.632070;8.632430;8.626620;8.626720;0
20210301 070800;8.627080;8.628690;8.626030;8.628690;0
20210301 070900;8.628620;8.630380;8.628620;8.628910;0
20210301 071000;8.628940;8.628940;8.624280;8.624880;0
20210301 071100;8.624810;8.627410;8.624500;8.627270;0
20210301 071200;8.627300;8.629260;8.627170;8.627930;0
20210301 071300;8.627760;8.633550;8.627080;8.631950;0
20210301 071400;8.631920;8.633960;8.631920;8.633910;0
20210301 071500;8.633970;8.633970;8.629890;8.630390;0
20210301 071600;8.630390;8.631360;8.625410;8.630180;0
20210301 071700;8.630320;8.633510;8.629070;8.633400;0
20210301 071800;8.633400;8.633580;8.625110;8.625540;0
20210301 071900;8.625470;8.626730;8.625150;8.626540;0
20210301 072000;8.626470;8.629120;8.624390;8.628710;0
20210301 072100;8.628710;8.630120;8.628710;8.629970;0
20210301 072200;8.629900;8.629900;8.628400;8.629530;0
20210301 072300;8.629590;8.629750;8.627920;8.627940;0
20210301 072400;8.628020;8.628050;8.624880;8.627890;0
20210301 072500;8.627900;8.629890;8.627900;8.629880;0
20210301 072600;8.629820;8.630910;8.629720;8.630620;0
20210301 072700;8.630620;8.632160;8.629530;8.629530;0
20210301 072800;8.629140;8.629320;8.628030;8.628400;0
20210301 072900;8.628320;8.628330;8.625370;8.625960;0
20210301 073000;8.625900;8.625950;8.625020;8.625180;0
20210301 073100;8.625150;8.625800;8.624420;8.625160;0
20210301 073200;8.625170;8.625210;8.621690;8.621740;0
20210301 073300;8.621840;8.621950;8.618820;8.619120;0
20210301 073400;8.619160;8.619590;8.617460;8.617820;0
20210301 073500;8.618020;8.618160;8.616480;8.616620;0
20210301 073600;8.616530;8.617620;8.616220;8.616620;0
20210301 073700;8.616730;8.618420;8.614840;8.618370;0
20210301 073800;8.618370;8.619500;8.618130;8.618130;0
20210301 073900;8.618240;8.618880;8.614260;8.614330;0
20210301 074000;8.614310;8.614310;8.610750;8.612120;0
20210301 074100;8.612320;8.612630;8.610210;8.611430;0
20210301 074200;8.611320;8.612630;8.610870;8.611250;0
20210301 074300;8.611380;8.612920;8.610930;8.611230;0
20210301 074400;8.611190;8.611190;8.605990;8.607820;0
20210301 074500;8.608020;8.608800;8.607800;8.608500;0
20210301 074600;8.608460;8.608770;8.606950;8.607560;0
20210301 074700;8.607410;8.607450;8.602430;8.604590;0
20210301 074800;8.604830;8.607500;8.604770;8.604930;0
20210301 074900;8.605150;8.605570;8.602650;8.602820;0
20210301 075000;8.602820;8.604920;8.602720;8.604640;0
20210301 075100;8.605120;8.607100;8.604920;8.606820;0
20210301 075200;8.606810;8.608660;8.606570;8.606570;0
20210301 075300;8.606530;8.607550;8.605620;8.605940;0
20210301 075400;8.606010;8.606510;8.603360;8.603690;0
20210301 075500;8.603700;8.604400;8.602680;8.603100;0
20210301 075600;8.603120;8.603130;8.599340;8.599790;0
20210301 075700;8.599780;8.601430;8.599470;8.600100;0
20210301 075800;8.600100;8.600100;8.596930;8.598770;0
20210301 075900;8.599170;8.601920;8.599170;8.600180;0
20210301 080000;8.600100;8.606660;8.599230;8.602200;0
20210301 080100;8.602180;8.602970;8.600050;8.602020;0
20210301 080200;8.601910;8.603570;8.600730;8.601730;0
20210301 080300;8.601650;8.602660;8.601100;8.601680;0
20210301 080400;8.601720;8.601910;8.599580;8.599760;0
20210301 080500;8.599700;8.600270;8.598160;8.598350;0
20210301 080600;8.598070;8.598070;8.594920;8.595840;0
20210301 080700;8.596110;8.597000;8.592290;8.592320;0
20210301 080800;8.592310;8.595550;8.591180;8.594970;0
20210301 080900;8.595300;8.595300;8.591200;8.593040;0
20210301 081000;8.592980;8.593570;8.590240;8.590660;0
20210301 081100;8.590740;8.593390;8.590700;8.593390;0
20210301 081200;8.593390;8.594610;8.592930;8.594250;0
20210301 081300;8.594250;8.594740;8.593810;8.594440;0
20210301 081400;8.594790;8.595920;8.593150;8.594800;0
20210301 081500;8.594790;8.596300;8.593400;8.595070;0
20210301 081600;8.595000;8.597920;8.594830;8.596330;0
20210301 081700;8.596390;8.600040;8.596390;8.599960;0
20210301 081800;8.599960;8.600350;8.599010;8.599050;0
20210301 081900;8.599050;8.602360;8.598590;8.602000;0
20210301 082000;8.602000;8.602960;8.599440;8.600340;0
20210301 082100;8.600340;8.603320;8.600330;8.603220;0
20210301 082200;8.603220;8.605610;8.602640;8.603720;0
20210301 082300;8.603810;8.607650;8.603070;8.606560;0
20210301 082400;8.606610;8.610970;8.606600;8.607640;0
20210301 082500;8.607660;8.609390;8.606810;8.609250;0
20210301 082600;8.609190;8.611940;8.608720;8.611930;0
20210301 082700;8.611870;8.613560;8.611330;8.613280;0
20210301 082800;8.613460;8.613900;8.611830;8.611860;0
20210301 082900;8.611860;8.612840;8.611500;8.612750;0
20210301 083000;8.612700;8.612930;8.610500;8.610570;0
20210301 083100;8.610440;8.616000;8.610440;8.613480;0
20210301 083200;8.613360;8.613560;8.612180;8.613300;0
20210301 083300;8.613170;8.616100;8.612570;8.614620;0
20210301 083400;8.614610;8.614710;8.611950;8.611970;0
20210301 083500;8.612500;8.612510;8.606840;8.608640;0
20210301 083600;8.608630;8.612420;8.608630;8.611730;0
20210301 083700;8.611570;8.614140;8.609990;8.609990;0
20210301 083800;8.609780;8.609910;8.605960;8.606240;0
20210301 083900;8.606160;8.606810;8.603460;8.605980;0
20210301 084000;8.606000;8.606570;8.604880;8.605150;0
20210301 084100;8.605120;8.605120;8.600340;8.600380;0
20210301 084200;8.600450;8.601460;8.599980;8.601460;0
20210301 084300;8.601450;8.603160;8.600070;8.600150;0
20210301 084400;8.600150;8.604600;8.600150;8.604200;0
20210301 084500;8.604220;8.604220;8.599810;8.600680;0
20210301 084600;8.600540;8.608040;8.599680;8.607630;0
20210301 084700;8.607520;8.608600;8.606770;8.608260;0
20210301 084800;8.608450;8.609250;8.605430;8.605860;0
20210301 084900;8.605840;8.606570;8.605570;8.605610;0
20210301 085000;8.605610;8.607040;8.603080;8.603640;0
20210301 085100;8.603740;8.604970;8.602130;8.603150;0
20210301 085200;8.603090;8.605730;8.602870;8.605500;0
20210301 085300;8.605510;8.606710;8.604840;8.606370;0
20210301 085400;8.606370;8.606450;8.604120;8.604120;0
20210301 085500;8.604120;8.604120;8.598820;8.601950;0
20210301 085600;8.602040;8.604030;8.600780;8.600810;0
20210301 085700;8.600820;8.604820;8.600580;8.604520;0
20210301 085800;8.604550;8.604750;8.602280;8.602340;0
20210301 085900;8.602350;8.602490;8.598900;8.601010;0
20210301 090000;8.600860;8.601290;8.597430;8.598950;0
20210301 090100;8.598810;8.601830;8.598530;8.601650;0
20210301 090200;8.601660;8.603070;8.600600;8.600600;0
20210301 090300;8.600630;8.600640;8.595480;8.595950;0
20210301 090400;8.595830;8.598880;8.595830;8.596410;0
20210301 090500;8.596400;8.596480;8.554460;8.594830;0
20210301 090600;8.594840;8.599120;8.594710;8.596920;0
20210301 090700;8.596920;8.600450;8.596770;8.598260;0
20210301 090800;8.598190;8.601150;8.596190;8.598860;0
20210301 090900;8.598860;8.598860;8.596360;8.596590;0
20210301 091000;8.596540;8.598150;8.591930;8.591930;0
20210301 091100;8.592070;8.592880;8.586860;8.586860;0
20210301 091200;8.587180;8.590280;8.584980;8.588120;0
20210301 091300;8.588190;8.593610;8.588120;8.591430;0
20210301 091400;8.591230;8.593020;8.589920;8.591380;0
20210301 091500;8.591310;8.595220;8.591310;8.594350;0
20210301 091600;8.594270;8.594360;8.588660;8.594030;0
20210301 091700;8.594030;8.595280;8.591870;8.591920;0
20210301 091800;8.591920;8.591920;8.587810;8.589740;0
20210301 091900;8.589750;8.590440;8.585770;8.589030;0
20210301 092000;8.589030;8.593360;8.587930;8.591900;0
20210301 092100;8.591680;8.593050;8.589520;8.591150;0
20210301 092200;8.591090;8.591110;8.586460;8.587910;0
20210301 092300;8.587910;8.589830;8.583010;8.586540;0
20210301 092400;8.586620;8.586620;8.582170;8.585130;0
20210301 092500;8.584920;8.585360;8.579470;8.584510;0
20210301 092600;8.584590;8.585570;8.583890;8.585500;0
20210301 092700;8.585590;8.588460;8.585310;8.585320;0
20210301 092800;8.585320;8.585440;8.581570;8.582000;0
20210301 092900;8.582220;8.585980;8.579660;8.582650;0
20210301 093000;8.582650;8.586510;8.580370;8.584550;0
20210301 093100;8.584470;8.589130;8.584330;8.588070;0
20210301 093200;8.587750;8.597500;8.587750;8.597450;0
20210301 093300;8.597600;8.597680;8.593250;8.595880;0
20210301 093400;8.595900;8.596160;8.590500;8.590630;0
20210301 093500;8.590600;8.592040;8.588030;8.588770;0
20210301 093600;8.588780;8.592920;8.588540;8.592780;0
20210301 093700;8.592790;8.592860;8.589340;8.589950;0
20210301 093800;8.589950;8.590410;8.585330;8.586510;0
20210301 093900;8.586650;8.587310;8.583310;8.584540;0
20210301 094000;8.584540;8.590280;8.583900;8.586240;0
20210301 094100;8.586230;8.589030;8.585830;8.588320;0
20210301 094200;8.588120;8.588420;8.587550;8.588330;0
20210301 094300;8.588060;8.588540;8.586370;8.586380;0
20210301 094400;8.586380;8.587140;8.577790;8.583320;0
20210301 094500;8.583130;8.583420;8.581080;8.581340;0
20210301 094600;8.581350;8.581630;8.576860;8.576860;0
20210301 094700;8.576930;8.578740;8.574720;8.578460;0
20210301 094800;8.578460;8.581740;8.578360;8.581110;0
20210301 094900;8.581240;8.585590;8.580030;8.585580;0
20210301 095000;8.585790;8.590850;8.585790;8.589870;0
20210301 095100;8.589900;8.590500;8.586970;8.588190;0
20210301 095200;8.588180;8.591990;8.587280;8.588030;0
20210301 095300;8.587960;8.587960;8.582620;8.585670;0
20210301 095400;8.585550;8.587300;8.584650;8.587300;0
20210301 095500;8.587290;8.589430;8.586370;8.589280;0
20210301 095600;8.589280;8.589940;8.587790;8.589000;0
20210301 095700;8.588810;8.590830;8.588520;8.590050;0
20210301 095800;8.589960;8.590840;8.588780;8.590440;0
20210301 095900;8.590480;8.594770;8.589420;8.593700;0
20210301 100000;8.595340;8.597060;8.592580;8.594740;0
20210301 100100;8.594850;8.596190;8.592650;8.594030;0
20210301 100200;8.594040;8.595520;8.589430;8.589570;0
20210301 100300;8.589810;8.590740;8.583420;8.585030;0
20210301 100400;8.584940;8.588680;8.576730;8.588680;0
20210301 100500;8.588550;8.588560;8.583680;8.584660;0
20210301 100600;8.584590;8.590670;8.582930;8.589450;0
20210301 100700;8.589280;8.591890;8.587680;8.588900;0
20210301 100800;8.588960;8.589830;8.584770;8.587820;0
20210301 100900;8.587650;8.588660;8.584110;8.587260;0
20210301 101000;8.587260;8.589340;8.586820;8.587930;0
20210301 101100;8.587930;8.590190;8.585920;8.588750;0
20210301 101200;8.588820;8.590820;8.588490;8.590160;0
20210301 101300;8.590110;8.593940;8.589990;8.591590;0
20210301 101400;8.591530;8.591530;8.585360;8.586540;0
20210301 101500;8.586590;8.586620;8.576370;8.576460;0
20210301 101600;8.576440;8.579420;8.576320;8.578470;0
20210301 101700;8.578500;8.579690;8.577440;8.579080;0
20210301 101800;8.578980;8.579390;8.578030;8.578790;0
20210301 101900;8.578760;8.580100;8.578560;8.579080;0
20210301 102000;8.579010;8.579010;8.571950;8.571970;0
20210301 102100;8.571960;8.573660;8.567770;8.572930;0
20210301 102200;8.572860;8.578060;8.572430;8.575190;0
20210301 102300;8.575190;8.577810;8.575190;8.575720;0
20210301 102400;8.575690;8.578490;8.575410;8.578490;0
20210301 102500;8.578620;8.586040;8.578620;8.584390;0
20210301 102600;8.584370;8.586000;8.583040;8.585610;0
20210301 102700;8.585660;8.585880;8.581440;8.582320;0
20210301 102800;8.582350;8.583650;8.580300;8.580340;0
20210301 102900;8.580350;8.583300;8.576810;8.582200;0
20210301 103000;8.582240;8.583810;8.579400;8.581340;0
20210301 103100;8.581260;8.584050;8.581260;8.582700;0
20210301 103200;8.582710;8.584650;8.580170;8.582870;0
20210301 103300;8.582790;8.583370;8.580370;8.582470;0
20210301 103400;8.582470;8.582610;8.579640;8.581350;0
20210301 103500;8.581350;8.582560;8.575880;8.576120;0
20210301 103600;8.576170;8.577670;8.575080;8.575260;0
20210301 103700;8.575160;8.575160;8.569670;8.573190;0
20210301 103800;8.573190;8.576350;8.573190;8.576270;0
20210301 103900;8.576110;8.576930;8.571390;8.571510;0
20210301 104000;8.571520;8.573020;8.569860;8.572590;0
20210301 104100;8.572680;8.574120;8.572280;8.572630;0
20210301 104200;8.572660;8.575570;8.572440;8.575470;0
20210301 104300;8.575380;8.575460;8.573670;8.574800;0
20210301 104400;8.574690;8.576240;8.574320;8.574780;0
20210301 104500;8.574450;8.574450;8.569720;8.570060;0
20210301 104600;8.569930;8.571610;8.569210;8.570030;0
20210301 104700;8.570030;8.571900;8.567660;8.568160;0
20210301 104800;8.568160;8.568850;8.559720;8.561520;0
20210301 104900;8.561620;8.562220;8.559110;8.561210;0
20210301 105000;8.561210;8.562350;8.559490;8.559890;0
20210301 105100;8.559900;8.562280;8.559840;8.560770;0
20210301 105200;8.560770;8.562940;8.556300;8.557120;0
20210301 105300;8.556970;8.558160;8.556350;8.556790;0
20210301 105400;8.556790;8.560400;8.556140;8.560000;0
20210301 105500;8.559740;8.560110;8.556010;8.556010;0
20210301 105600;8.556010;8.558810;8.553340;8.553350;0
20210301 105700;8.553480;8.554740;8.549120;8.549850;0
20210301 105800;8.549850;8.552230;8.549530;8.549540;0
20210301 105900;8.549500;8.552490;8.546110;8.552170;0
20210301 110000;8.552230;8.553420;8.550870;8.552010;0
20210301 110100;8.551880;8.554040;8.551450;8.552580;0
20210301 110200;8.552500;8.558710;8.552500;8.556210;0
20210301 110300;8.555980;8.555980;8.551290;8.554750;0
20210301 110400;8.554520;8.555330;8.553840;8.554480;0
20210301 110500;8.554410;8.558340;8.554030;8.558340;0
20210301 110600;8.558330;8.558440;8.554030;8.554030;0
20210301 110700;8.554030;8.554470;8.550680;8.551380;0
20210301 110800;8.551550;8.552230;8.550400;8.550760;0
20210301 110900;8.550670;8.550720;8.548170;8.548170;0
20210301 111000;8.548190;8.549060;8.547000;8.547260;0
20210301 111100;8.547540;8.548290;8.546970;8.547560;0
20210301 111200;8.547610;8.547770;8.546690;8.547580;0
20210301 111300;8.547580;8.550160;8.547580;8.548920;0
20210301 111400;8.549020;8.550220;8.549020;8.549730;0
20210301 111500;8.549540;8.550890;8.549020;8.549260;0
20210301 111600;8.549330;8.550920;8.549290;8.550420;0
20210301 111700;8.550420;8.551120;8.550020;8.550860;0
20210301 111800;8.550860;8.551320;8.547590;8.548110;0
20210301 111900;8.548180;8.548220;8.546710;8.546710;0
20210301 112000;8.546620;8.546850;8.545110;8.545750;0
20210301 112100;8.545740;8.546200;8.545150;8.546070;0
20210301 112200;8.546210;8.546270;8.545590;8.546000;0
20210301 112300;8.546020;8.548340;8.545870;8.548340;0
20210301 112400;8.548340;8.548500;8.547400;8.547920;0
20210301 112500;8.547920;8.550290;8.547920;8.550120;0
20210301 112600;8.550110;8.553570;8.550110;8.553510;0
20210301 112700;8.553420;8.553600;8.552870;8.553460;0
20210301 112800;8.553480;8.556020;8.553380;8.556020;0
20210301 112900;8.555860;8.559680;8.555510;8.557230;0
20210301 113000;8.557350;8.558820;8.556420;8.558660;0
20210301 113100;8.558740;8.559680;8.558320;8.559130;0
20210301 113200;8.559180;8.561190;8.559110;8.561180;0
20210301 113300;8.561400;8.561750;8.560650;8.560730;0
20210301 113400;8.560870;8.561390;8.556260;8.557020;0
20210301 113500;8.556920;8.557870;8.556710;8.557870;0
20210301 113600;8.557870;8.558110;8.556600;8.557860;0
20210301 113700;8.557860;8.561160;8.557460;8.560630;0
20210301 113800;8.560640;8.560640;8.559050;8.559310;0
20210301 113900;8.559370;8.560810;8.559260;8.560620;0
20210301 114000;8.560620;8.560660;8.556930;8.558270;0
20210301 114100;8.558320;8.559670;8.557920;8.558720;0
20210301 114200;8.558850;8.564030;8.558690;8.560620;0
20210301 114300;8.560620;8.561530;8.559390;8.559390;0
20210301 114400;8.559380;8.559730;8.555040;8.555040;0
20210301 114500;8.555330;8.565740;8.552960;8.562780;0
20210301 114600;8.562880;8.562920;8.560050;8.560870;0
20210301 114700;8.560900;8.561660;8.552840;8.554430;0
20210301 114800;8.554480;8.560770;8.554450;8.559200;0
20210301 114900;8.559230;8.559970;8.558620;8.558720;0
20210301 115000;8.558720;8.558890;8.555760;8.556620;0
20210301 115100;8.556590;8.556690;8.555890;8.556500;0
20210301 115200;8.556300;8.556680;8.555420;8.555430;0
20210301 115300;8.555580;8.556300;8.555260;8.555300;0
20210301 115400;8.555190;8.555470;8.554930;8.555150;0
20210301 115500;8.555040;8.556090;8.555040;8.555560;0
20210301 115600;8.555610;8.556810;8.555560;8.556630;0
20210301 115700;8.556590;8.556720;8.556140;8.556450;0
20210301 115800;8.556440;8.556640;8.553430;8.553500;0
20210301 115900;8.553500;8.554210;8.553240;8.553560;0
20210301 120000;8.553740;8.553910;8.551050;8.551370;0
20210301 120100;8.551460;8.551520;8.549800;8.549940;0
20210301 120200;8.549840;8.549960;8.546340;8.546370;0
20210301 120300;8.546460;8.548300;8.546460;8.548160;0
20210301 120400;8.548290;8.548860;8.547940;8.548090;0
20210301 120500;8.548000;8.548070;8.547490;8.547700;0
20210301 120600;8.547720;8.547720;8.546670;8.547560;0
20210301 120700;8.547560;8.548130;8.547180;8.547880;0
20210301 120800;8.547880;8.548220;8.547770;8.548160;0
20210301 120900;8.548240;8.548440;8.547000;8.547160;0
20210301 121000;8.547160;8.548850;8.547080;8.548850;0
20210301 121100;8.549010;8.549010;8.548070;8.548130;0
20210301 121200;8.548190;8.549230;8.548190;8.548660;0
20210301 121300;8.548790;8.548800;8.547280;8.547280;0
20210301 121400;8.547450;8.548450;8.547450;8.547780;0
20210301 121500;8.547940;8.549370;8.547650;8.548630;0
20210301 121600;8.548530;8.548800;8.548050;8.548790;0
20210301 121700;8.548660;8.549840;8.547300;8.547370;0
20210301 121800;8.547530;8.549880;8.547530;8.549510;0
20210301 121900;8.549510;8.550670;8.547640;8.550380;0
20210301 122000;8.550540;8.551900;8.549900;8.551770;0
20210301 122100;8.551770;8.552690;8.551520;8.552660;0
20210301 122200;8.552660;8.552670;8.548280;8.548570;0
20210301 122300;8.548430;8.549260;8.546900;8.546900;0
20210301 122400;8.547170;8.547170;8.544410;8.545110;0
20210301 122500;8.545110;8.545750;8.544920;8.545570;0
20210301 122600;8.545570;8.547740;8.545570;8.547700;0
20210301 122700;8.547630;8.548510;8.547240;8.548510;0
20210301 122800;8.548440;8.549900;8.548290;8.549600;0
20210301 122900;8.549960;8.550220;8.548900;8.550220;0
20210301 123000;8.550230;8.551450;8.549940;8.550900;0
20210301 123100;8.550930;8.551420;8.550210;8.550210;0
20210301 123200;8.550210;8.550850;8.549630;8.549990;0
20210301 123300;8.549840;8.550120;8.548730;8.550010;0
20210301 123400;8.549920;8.550620;8.549540;8.550570;0
20210301 123500;8.550470;8.550600;8.549760;8.549760;0
20210301 123600;8.549740;8.550090;8.549000;8.549520;0
20210301 123700;8.549460;8.549810;8.548910;8.549480;0
20210301 123800;8.549670;8.550430;8.548680;8.548970;0
20210301 123900;8.549050;8.551520;8.548710;8.550200;0
20210301 124000;8.550060;8.551430;8.549840;8.551120;0
20210301 124100;8.551160;8.554930;8.550950;8.554160;0
20210301 124200;8.554130;8.556240;8.553620;8.556150;0
20210301 124300;8.556080;8.559430;8.555720;8.559430;0
20210301 124400;8.559220;8.560320;8.557910;8.559270;0
20210301 124500;8.559080;8.560220;8.558980;8.559350;0
20210301 124600;8.559260;8.560170;8.558980;8.560170;0
20210301 124700;8.560030;8.560030;8.558970;8.559170;0
20210301 124800;8.559090;8.559090;8.557660;8.557810;0
20210301 124900;8.557910;8.558300;8.557870;8.558300;0
20210301 125000;8.558500;8.560310;8.558500;8.560250;0
20210301 125100;8.560210;8.561410;8.560020;8.561410;0
20210301 125200;8.561560;8.562450;8.561390;8.561520;0
20210301 125300;8.561650;8.566550;8.561210;8.564660;0
20210301 125400;8.564520;8.564580;8.563840;8.563840;0
20210301 125500;8.563980;8.565680;8.563800;8.565670;0
20210301 125600;8.565780;8.567290;8.565570;8.565630;0
20210301 125700;8.565820;8.568050;8.565720;8.567560;0
20210301 125800;8.567710;8.570820;8.567570;8.570000;0
20210301 125900;8.570320;8.571870;8.570050;8.571870;0
20210301 130000;8.571870;8.572790;8.570880;8.571050;0
20210301 130100;8.570820;8.574500;8.570540;8.574410;0
20210301 130200;8.574780;8.576720;8.572930;8.576020;0
20210301 130300;8.576020;8.577670;8.573690;8.576890;0
20210301 130400;8.576650;8.578070;8.576610;8.577940;0
20210301 130500;8.577780;8.578790;8.576620;8.576980;0
20210301 130600;8.577030;8.579630;8.576890;8.578410;0
20210301 130700;8.578440;8.579310;8.578280;8.578750;0
20210301 130800;8.579020;8.580880;8.578780;8.580830;0
20210301 130900;8.581110;8.582710;8.580490;8.582350;0
20210301 131000;8.582290;8.583950;8.580120;8.580990;0
20210301 131100;8.581200;8.584240;8.576710;8.584240;0
20210301 131200;8.584230;8.585420;8.583790;8.584610;0
20210301 131300;8.584600;8.585260;8.584180;8.585260;0
20210301 131400;8.585130;8.587190;8.584950;8.586900;0
20210301 131500;8.586710;8.588540;8.584240;8.587450;0
20210301 131600;8.587440;8.587860;8.583120;8.583300;0
20210301 131700;8.583100;8.583300;8.582300;8.582640;0
20210301 131800;8.582640;8.582900;8.581880;8.582050;0
20210301 131900;8.582120;8.583070;8.582120;8.583060;0
20210301 132000;8.583090;8.583570;8.582480;8.583400;0
20210301 132100;8.583140;8.583330;8.581160;8.581310;0
20210301 132200;8.581390;8.581740;8.580630;8.581010;0
20210301 132300;8.580870;8.580980;8.579580;8.579980;0
20210301 132400;8.579840;8.579940;8.579150;8.579900;0
20210301 132500;8.579730;8.582870;8.570390;8.571630;0
20210301 132600;8.571630;8.577990;8.571440;8.572960;0
20210301 132700;8.573110;8.575500;8.573110;8.575500;0
20210301 132800;8.575660;8.575810;8.575320;8.575380;0
20210301 132900;8.575240;8.575240;8.572910;8.574850;0
20210301 133000;8.574810;8.576560;8.573060;8.574870;0
20210301 133100;8.574870;8.575840;8.574720;8.575660;0
20210301 133200;8.575830;8.576260;8.569920;8.573210;0
20210301 133300;8.573200;8.573400;8.572010;8.572010;0
20210301 133400;8.570570;8.570570;8.567830;8.567960;0
20210301 133500;8.567680;8.574900;8.567510;8.568280;0
20210301 133600;8.568000;8.573600;8.568000;8.568600;0
20210301 133700;8.569180;8.571260;8.568600;8.571120;0
20210301 133800;8.571260;8.571480;8.570230;8.571090;0
20210301 133900;8.571030;8.571030;8.568800;8.569070;0
20210301 134000;8.568950;8.569450;8.568740;8.568840;0
20210301 134100;8.568760;8.568760;8.567380;8.568070;0
20210301 134200;8.568030;8.571910;8.567640;8.567640;0
20210301 134300;8.567910;8.568030;8.567520;8.567800;0
20210301 134400;8.567800;8.569240;8.567740;8.569070;0
20210301 134500;8.569080;8.569510;8.568890;8.569130;0
20210301 134600;8.569140;8.569140;8.568660;8.568890;0
20210301 134700;8.569060;8.569330;8.568300;8.568300;0
20210301 134800;8.568400;8.569040;8.559320;8.563110;0
20210301 134900;8.563110;8.564280;8.563110;8.563440;0
20210301 135000;8.563430;8.564190;8.563270;8.564190;0
20210301 135100;8.564190;8.564290;8.563060;8.564280;0
20210301 135200;8.564280;8.565000;8.564280;8.564830;0
20210301 135300;8.564830;8.565910;8.564830;8.565200;0
20210301 135400;8.565270;8.565490;8.565160;8.565310;0
20210301 135500;8.565320;8.565520;8.565050;8.565050;0
20210301 135600;8.565100;8.565300;8.564410;8.564560;0
20210301 135700;8.564760;8.565650;8.564580;8.565650;0
20210301 135800;8.565540;8.565540;8.564990;8.565180;0
20210301 135900;8.565200;8.565610;8.565080;8.565380;0
20210301 140000;8.565240;8.565680;8.564990;8.565340;0
20210301 140100;8.565420;8.565480;8.564860;8.565440;0
20210301 140200;8.565480;8.565580;8.563790;8.564020;0
20210301 140300;8.563960;8.564490;8.563810;8.564130;0
20210301 140400;8.564050;8.564880;8.564050;8.564830;0
20210301 140500;8.564960;8.564990;8.563700;8.563800;0
20210301 140600;8.563880;8.564550;8.563530;8.564160;0
20210301 140700;8.564150;8.564670;8.564120;8.564370;0
20210301 140800;8.564490;8.564640;8.563520;8.563640;0
20210301 140900;8.563540;8.565160;8.563520;8.564830;0
20210301 141000;8.564900;8.564900;8.564480;8.564680;0
20210301 141100;8.564820;8.564940;8.564470;8.564470;0
20210301 141200;8.564560;8.565520;8.564300;8.565420;0
20210301 141300;8.565520;8.565620;8.564400;8.564500;0
20210301 141400;8.564520;8.565360;8.564520;8.565030;0
20210301 141500;8.565030;8.566030;8.564580;8.565840;0
20210301 141600;8.565900;8.565900;8.565360;8.565420;0
20210301 141700;8.565480;8.565990;8.565360;8.565600;0
20210301 141800;8.565680;8.566090;8.565620;8.565880;0
20210301 141900;8.565860;8.566360;8.565830;8.566360;0
20210301 142000;8.566250;8.566500;8.565830;8.565890;0
20210301 142100;8.565890;8.566070;8.565580;8.565750;0
20210301 142200;8.565610;8.565610;8.565030;8.565250;0
20210301 142300;8.565240;8.565410;8.564970;8.565210;0
20210301 142400;8.565190;8.565790;8.564990;8.565790;0
20210301 142500;8.565850;8.566050;8.565550;8.565820;0
20210301 142600;8.565930;8.566040;8.565740;8.565770;0
20210301 142700;8.565860;8.566000;8.565740;8.565750;0
20210301 142800;8.565760;8.566430;8.565640;8.566430;0
20210301 142900;8.566380;8.566410;8.565740;8.565770;0
20210301 143000;8.565700;8.565910;8.565400;8.565500;0
20210301 143100;8.565520;8.566170;8.565520;8.566060;0
20210301 143200;8.566090;8.567030;8.566010;8.566330;0
20210301 143300;8.566260;8.566630;8.565980;8.566560;0
20210301 143400;8.566580;8.566580;8.566580;8.566580;0
20210301 143500;8.566570;8.566570;8.565750;8.565750;0
20210301 143600;8.565670;8.565670;8.565100;8.565480;0
20210301 143700;8.565470;8.566240;8.565390;8.565850;0
20210301 143800;8.565830;8.566110;8.565830;8.565950;0
20210301 143900;8.565830;8.566390;8.565820;8.565870;0
20210301 144000;8.565830;8.565850;8.565830;8.565850;0
20210301 144100;8.565850;8.565850;8.564880;8.565390;0
20210301 144200;8.565330;8.565510;8.565250;8.565380;0
20210301 144300;8.565370;8.565370;8.564450;8.564740;0
20210301 144400;8.564740;8.564980;8.562930;8.563000;0
20210301 144500;8.563270;8.563830;8.563080;8.563270;0
20210301 144600;8.563660;8.563710;8.563270;8.563360;0
20210301 144700;8.563380;8.563610;8.562780;8.563100;0
20210301 144800;8.562740;8.564100;8.562740;8.564090;0
20210301 144900;8.564090;8.564090;8.562830;8.563250;0
20210301 145000;8.563310;8.563930;8.560480;8.560880;0
20210301 145100;8.560800;8.561660;8.554150;8.554530;0
20210301 145200;8.554490;8.556920;8.554430;8.556260;0
20210301 145300;8.556150;8.556320;8.551380;8.552260;0
20210301 145400;8.552360;8.556020;8.552140;8.555950;0
20210301 145500;8.555950;8.556440;8.555790;8.556290;0
20210301 145600;8.556290;8.558010;8.555800;8.556480;0
20210301 145700;8.556400;8.557530;8.556020;8.556920;0
20210301 145800;8.556880;8.557920;8.556880;8.557620;0
20210301 145900;8.557520;8.559490;8.556950;8.558320;0
20210301 150000;8.558160;8.558330;8.556670;8.557700;0
20210301 150100;8.557750;8.558920;8.557630;8.558810;0
20210301 150200;8.558720;8.561520;8.557740;8.561520;0
20210301 150300;8.561390;8.561390;8.558830;8.560440;0
20210301 150400;8.560440;8.561820;8.559290;8.561820;0
20210301 150500;8.561800;8.562640;8.561570;8.562570;0
20210301 150600;8.562760;8.564520;8.562480;8.564460;0
20210301 150700;8.564320;8.564950;8.564130;8.564810;0
20210301 150800;8.564810;8.564870;8.563520;8.563520;0
20210301 150900;8.563930;8.563930;8.560230;8.560250;0
20210301 151000;8.560140;8.560190;8.558740;8.559110;0
20210301 151100;8.559200;8.561030;8.559200;8.560670;0
20210301 151200;8.560520;8.561250;8.560520;8.561080;0
20210301 151300;8.560800;8.561310;8.560190;8.560800;0
20210301 151400;8.560800;8.561300;8.560620;8.561110;0
20210301 151500;8.561010;8.561630;8.560580;8.561500;0
20210301 151600;8.561450;8.562540;8.561320;8.562170;0
20210301 151700;8.562370;8.562760;8.561970;8.562530;0
20210301 151800;8.562570;8.562570;8.560650;8.560890;0
20210301 151900;8.560750;8.561170;8.560260;8.561170;0
20210301 152000;8.561140;8.561260;8.560060;8.560190;0
20210301 152100;8.560190;8.561050;8.559760;8.559790;0
20210301 152200;8.559780;8.560120;8.559380;8.559530;0
20210301 152300;8.559530;8.560130;8.559460;8.559820;0
20210301 152400;8.559920;8.559920;8.559500;8.559780;0
20210301 152500;8.559780;8.560130;8.559780;8.559900;0
20210301 152600;8.560120;8.560990;8.559900;8.560610;0
20210301 152700;8.561010;8.561100;8.560280;8.560820;0
20210301 152800;8.560920;8.561200;8.560350;8.560960;0
20210301 152900;8.561000;8.561150;8.560330;8.560800;0
20210301 153000;8.560810;8.561050;8.560240;8.560860;0
20210301 153100;8.560540;8.561130;8.560060;8.560710;0
20210301 153200;8.560640;8.560720;8.559570;8.559950;0
20210301 153300;8.560040;8.560520;8.559670;8.559860;0
20210301 153400;8.560020;8.560530;8.559330;8.559920;0
20210301 153500;8.559830;8.559920;8.558960;8.559120;0
20210301 153600;8.559100;8.560320;8.558640;8.560320;0
20210301 153700;8.560420;8.563420;8.560020;8.561450;0
20210301 153800;8.561590;8.561980;8.560620;8.560750;0
20210301 153900;8.560900;8.563630;8.560900;8.563360;0
20210301 154000;8.563390;8.563520;8.561790;8.562320;0
20210301 154100;8.562250;8.562250;8.558880;8.559320;0
20210301 154200;8.559430;8.559630;8.558480;8.558780;0
20210301 154300;8.558900;8.558980;8.558320;8.558850;0
20210301 154400;8.558850;8.560120;8.558680;8.560120;0
20210301 154500;8.560220;8.561120;8.560090;8.560350;0
20210301 154600;8.560250;8.560300;8.559910;8.560160;0
20210301 154700;8.560220;8.561180;8.560090;8.560230;0
20210301 154800;8.560410;8.561390;8.560220;8.561180;0
20210301 154900;8.561180;8.561180;8.560720;8.561150;0
20210301 155000;8.560990;8.562030;8.560990;8.562030;0
20210301 155100;8.562080;8.562900;8.562000;8.562600;0
20210301 155200;8.562600;8.562600;8.560800;8.560880;0
20210301 155300;8.560890;8.560950;8.560520;8.560520;0
20210301 155400;8.560520;8.560760;8.560160;8.560170;0
20210301 155500;8.560120;8.563000;8.560120;8.562680;0
20210301 155600;8.562720;8.564020;8.562590;8.563810;0
20210301 155700;8.563780;8.563990;8.562470;8.562850;0
20210301 155800;8.562850;8.564780;8.562850;8.564130;0
20210301 155900;8.564250;8.564250;8.561670;8.561690;0
20210301 160000;8.561300;8.561590;8.560970;8.561090;0
20210301 160100;8.561090;8.561850;8.558050;8.558330;0
20210301 160200;8.558320;8.560790;8.557650;8.559680;0
20210301 160300;8.559680;8.559680;8.559010;8.559120;0
20210301 160400;8.559180;8.559430;8.559180;8.559320;0
20210301 160500;8.559120;8.559320;8.559020;8.559220;0
20210301 160600;8.559220;8.559220;8.558510;8.558590;0
20210301 160700;8.558520;8.558660;8.557980;8.558200;0
20210301 160800;8.558210;8.558210;8.557340;8.557480;0
20210301 160900;8.557440;8.558410;8.557370;8.558350;0
20210301 161000;8.558420;8.558480;8.557810;8.557930;0
20210301 161100;8.557940;8.558140;8.557280;8.557720;0
20210301 161200;8.557720;8.558160;8.557720;8.558160;0
20210301 161300;8.558190;8.558190;8.557740;8.557990;0
20210301 161400;8.558000;8.558090;8.557340;8.557870;0
20210301 161500;8.557820;8.557860;8.557460;8.557460;0
20210301 161600;8.557460;8.557530;8.556550;8.557330;0
20210301 161700;8.557430;8.558000;8.557360;8.557700;0
20210301 161800;8.557700;8.558210;8.557260;8.558180;0
20210301 161900;8.558170;8.558270;8.557900;8.558040;0
20210301 162000;8.558040;8.558420;8.557680;8.557940;0
20210301 162100;8.557710;8.558560;8.557010;8.558560;0
20210301 162200;8.558600;8.558790;8.557860;8.558440;0
20210301 162300;8.558440;8.558810;8.557980;8.558590;0
20210301 162400;8.558580;8.559110;8.557970;8.558810;0
20210301 162500;8.558520;8.559000;8.558520;8.558920;0
20210301 162600;8.558760;8.559330;8.558230;8.558230;0
20210301 162700;8.558270;8.558320;8.557930;8.558080;0
20210301 162800;8.558020;8.558020;8.557510;8.557640;0
20210301 162900;8.557680;8.558060;8.557430;8.557430;0
20210301 163000;8.557470;8.557520;8.556730;8.557320;0
20210301 163100;8.557330;8.557330;8.556530;8.556840;0
20210301 163200;8.556910;8.557050;8.556880;8.557040;0
20210301 163300;8.557000;8.557520;8.556720;8.556720;0
20210301 163400;8.556740;8.557620;8.556740;8.557370;0
20210301 163500;8.557150;8.557520;8.556720;8.557330;0
20210301 163600;8.556920;8.557630;8.556860;8.557490;0
20210301 163700;8.557490;8.557490;8.556700;8.556920;0
20210301 163800;8.556930;8.557520;8.554910;8.554910;0
20210301 163900;8.554960;8.563430;8.551060;8.554420;0
20210301 164000;8.554420;8.560840;8.551460;8.551470;0
20210301 164100;8.551720;8.556350;8.551360;8.552420;0
20210301 164200;8.552620;8.557560;8.551250;8.552120;0
20210301 164300;8.552220;8.559300;8.551720;8.554710;0
20210301 164400;8.554450;8.554460;8.550360;8.551060;0
20210301 164500;8.551060;8.552960;8.550960;8.552130;0
20210301 164600;8.550960;8.555920;8.550520;8.555220;0
20210301 164700;8.555120;8.558320;8.553520;8.555730;0
20210301 164800;8.555620;8.556430;8.551100;8.553020;0
20210301 164900;8.552630;8.556720;8.552620;8.554720;0
20210301 165000;8.554920;8.562360;8.550780;8.551630;0
20210301 165100;8.551640;8.552830;8.551630;8.552320;0
20210301 165200;8.552320;8.554260;8.550000;8.550560;0
20210301 165300;8.550560;8.557920;8.550420;8.556420;0
20210301 165400;8.557020;8.557020;8.550220;8.551020;0
20210301 165500;8.551010;8.556330;8.549420;8.552230;0
20210301 165600;8.552120;8.553320;8.551250;8.553120;0
20210301 165700;8.553330;8.557690;8.551640;8.553130;0
20210301 165800;8.552230;8.557800;8.551820;8.553230;0
20210301 165900;8.553230;8.553730;8.552790;8.553580;0
20210301 170000;8.551920;8.551920;8.551920;8.551920;0
20210301 171000;8.552220;8.552220;8.552120;8.552120;0
20210301 171100;8.552320;8.553620;8.552320;8.553620;0
20210301 171200;8.553430;8.553430;8.553430;8.553430;0
20210301 172200;8.553230;8.553430;8.553230;8.553430;0
20210301 172500;8.547740;8.553420;8.547450;8.553420;0
20210301 172800;8.547300;8.579340;8.547160;8.553820;0
20210301 173000;8.553720;8.553730;8.553720;8.553730;0
20210301 173100;8.553720;8.553720;8.553720;8.553720;0
20210301 173200;8.553730;8.553730;8.552320;8.552320;0
20210301 173400;8.552520;8.552720;8.552520;8.552720;0
20210301 173500;8.552720;8.552720;8.552420;8.552420;0
20210301 173600;8.552320;8.552320;8.551420;8.551420;0
20210301 173700;8.551620;8.551620;8.551620;8.551620;0
20210301 173800;8.551820;8.551930;8.551820;8.551930;0
20210301 174100;8.551830;8.551830;8.551830;8.551830;0
20210301 174200;8.550140;8.551820;8.550140;8.551820;0
20210301 174400;8.551620;8.551620;8.551620;8.551620;0
20210301 174500;8.551620;8.551620;8.551620;8.551620;0
20210301 174700;8.551520;8.551520;8.551420;8.551420;0
20210301 174800;8.551420;8.551430;8.551420;8.551420;0
20210301 174900;8.551420;8.551530;8.551420;8.551520;0
20210301 175000;8.551520;8.551530;8.551030;8.551030;0
20210301 175100;8.551120;8.551120;8.550820;8.550820;0
20210301 175200;8.550830;8.550830;8.548900;8.548900;0
20210301 175400;8.548890;8.548900;8.548890;8.548890;0
20210301 175500;8.548890;8.548900;8.548890;8.548900;0
20210301 175600;8.548920;8.548920;8.548920;8.548920;0
20210301 175700;8.548920;8.548920;8.548920;8.548920;0
20210301 175800;8.549120;8.549220;8.549020;8.549020;0
20210301 175900;8.549120;8.557720;8.549020;8.557720;0
20210301 180000;8.557720;8.560530;8.557630;8.558830;0
20210301 180100;8.558720;8.558720;8.557620;8.558530;0
20210301 180200;8.558420;8.558620;8.558020;8.558420;0
20210301 180300;8.558420;8.558520;8.555600;8.557830;0
20210301 180400;8.557920;8.558020;8.557420;8.557420;0
20210301 180500;8.557520;8.557520;8.557020;8.557230;0
20210301 180600;8.557120;8.557920;8.557120;8.557620;0
20210301 180700;8.557720;8.558630;8.557720;8.558620;0
20210301 180800;8.558520;8.558520;8.557920;8.558220;0
20210301 180900;8.558130;8.558220;8.557420;8.557820;0
20210301 181000;8.557720;8.557930;8.557520;8.557520;0
20210301 181100;8.557430;8.557530;8.556560;8.557520;0
20210301 181200;8.557630;8.557920;8.557020;8.557620;0
20210301 181300;8.557820;8.558230;8.557420;8.557520;0
20210301 181400;8.557620;8.557620;8.557120;8.557220;0
20210301 181500;8.557130;8.558230;8.557120;8.558230;0
20210301 181600;8.558220;8.558320;8.557720;8.557820;0
20210301 181700;8.557830;8.557930;8.557670;8.557820;0
20210301 181800;8.558120;8.558120;8.557320;8.557420;0
20210301 181900;8.557720;8.557720;8.557130;8.557220;0
20210301 182000;8.557120;8.557420;8.556820;8.556920;0
20210301 182100;8.556920;8.557320;8.556820;8.557220;0
20210301 182200;8.557220;8.557620;8.557120;8.557620;0
20210301 182300;8.557620;8.558120;8.556830;8.557920;0
20210301 182400;8.558020;8.558020;8.557220;8.557220;0
20210301 182500;8.557330;8.560350;8.557120;8.560140;0
20210301 182600;8.560270;8.560680;8.559350;8.559370;0
20210301 182700;8.559440;8.560530;8.559440;8.560520;0
20210301 182800;8.560520;8.560920;8.559920;8.559920;0
20210301 182900;8.559820;8.560720;8.559820;8.560120;0
20210301 183000;8.559920;8.559920;8.558120;8.559020;0
20210301 183100;8.558920;8.559620;8.558820;8.559520;0
20210301 183200;8.559520;8.559530;8.558320;8.559020;0
20210301 183300;8.559020;8.559320;8.558620;8.559230;0
20210301 183400;8.559220;8.559220;8.557720;8.558420;0
20210301 183500;8.558420;8.559030;8.557620;8.557620;0
20210301 183600;8.557620;8.559220;8.557620;8.558820;0
20210301 183700;8.558820;8.559520;8.558220;8.558520;0
20210301 183800;8.558520;8.558620;8.557620;8.558120;0
20210301 183900;8.558120;8.559960;8.556520;8.559330;0
20210301 184000;8.559490;8.559810;8.557020;8.557920;0
20210301 184100;8.557720;8.558630;8.557230;8.557520;0
20210301 184200;8.557720;8.559120;8.557120;8.558220;0
20210301 184300;8.558220;8.559030;8.558020;8.558420;0
20210301 184400;8.558620;8.560920;8.558520;8.560620;0
20210301 184500;8.560620;8.561820;8.560030;8.560720;0
20210301 184600;8.560420;8.561830;8.560220;8.560520;0
20210301 184700;8.560520;8.562020;8.560120;8.561020;0
20210301 184800;8.561220;8.561820;8.560820;8.561330;0
20210301 184900;8.561220;8.561630;8.559730;8.559820;0
20210301 185000;8.559720;8.560630;8.558860;8.559420;0
20210301 185100;8.559320;8.560130;8.559020;8.559630;0
20210301 185200;8.559720;8.559930;8.552130;8.553090;0
20210301 185300;8.553090;8.556810;8.552230;8.552540;0
20210301 185400;8.552540;8.558620;8.552510;8.557530;0
20210301 185500;8.557420;8.558530;8.556920;8.557720;0
20210301 185600;8.557730;8.557920;8.551310;8.552130;0
20210301 185700;8.552130;8.555710;8.551670;8.552220;0
20210301 185800;8.552220;8.552420;8.551270;8.551720;0
20210301 185900;8.551720;8.555500;8.550950;8.551270;0
20210301 190000;8.551290;8.556300;8.550720;8.550720;0
20210301 190100;8.550730;8.555730;8.549040;8.554620;0
20210301 190200;8.554730;8.557410;8.552120;8.554720;0
20210301 190300;8.554720;8.557510;8.552770;8.555230;0
20210301 190400;8.555320;8.557120;8.553460;8.555720;0
20210301 190500;8.555620;8.558440;8.554460;8.556130;0
20210301 190600;8.555930;8.559310;8.554320;8.554720;0
20210301 190700;8.554720;8.557610;8.553030;8.556140;0
20210301 190800;8.556900;8.558500;8.553320;8.558300;0
20210301 190900;8.558300;8.561440;8.554720;8.558820;0
20210301 191000;8.558820;8.560520;8.558120;8.559520;0
20210301 191100;8.559420;8.560770;8.554290;8.557530;0
20210301 191200;8.557030;8.557030;8.555250;8.556220;0
20210301 191300;8.556130;8.559940;8.555720;8.558820;0
20210301 191400;8.558720;8.559030;8.557220;8.558220;0
20210301 191500;8.558030;8.558030;8.553090;8.553620;0
20210301 191600;8.553420;8.555620;8.552830;8.555120;0
20210301 191700;8.555020;8.555120;8.553530;8.554320;0
20210301 191800;8.554520;8.555720;8.553420;8.555720;0
20210301 191900;8.555620;8.557920;8.555320;8.557920;0
20210301 192000;8.557820;8.557820;8.555960;8.556530;0
20210301 192100;8.556420;8.557430;8.555460;8.557320;0
20210301 192200;8.557220;8.557220;8.555600;8.555600;0
20210301 192300;8.556030;8.556320;8.555600;8.555600;0
20210301 192400;8.556120;8.556320;8.555520;8.556250;0
20210301 192500;8.556250;8.558320;8.553830;8.553830;0
20210301 192600;8.553790;8.554220;8.552590;8.553780;0
20210301 192700;8.553740;8.553800;8.553440;8.553460;0
20210301 192800;8.553350;8.554320;8.553020;8.553430;0
20210301 192900;8.553440;8.554610;8.553430;8.554160;0
20210301 193000;8.554160;8.556420;8.553750;8.555650;0
20210301 193100;8.555650;8.557220;8.555650;8.556440;0
20210301 193200;8.556440;8.557230;8.556200;8.556220;0
20210301 193300;8.556250;8.556320;8.555850;8.555850;0
20210301 193400;8.555850;8.556520;8.555850;8.556220;0
20210301 193500;8.556120;8.556420;8.555710;8.555990;0
20210301 193600;8.555990;8.556320;8.555350;8.555710;0
20210301 193700;8.555710;8.556730;8.555710;8.556280;0
20210301 193800;8.556280;8.556620;8.554910;8.555020;0
20210301 193900;8.555120;8.556420;8.554850;8.555520;0
20210301 194000;8.555620;8.555620;8.554770;8.555420;0
20210301 194100;8.555330;8.555420;8.554630;8.554920;0
20210301 194200;8.555120;8.555220;8.554340;8.554340;0
20210301 194300;8.554340;8.555530;8.554340;8.554900;0
20210301 194400;8.555320;8.555630;8.555020;8.555020;0
20210301 194500;8.555020;8.556620;8.555020;8.556320;0
20210301 194600;8.556300;8.557320;8.556090;8.557280;0
20210301 194700;8.558030;8.558120;8.556980;8.557150;0
20210301 194800;8.557310;8.557720;8.556970;8.556980;0
20210301 194900;8.556950;8.557320;8.556730;8.556990;0
20210301 195000;8.556960;8.557820;8.556950;8.557720;0
20210301 195100;8.557550;8.557820;8.556800;8.556830;0
20210301 195200;8.556830;8.558350;8.556830;8.558350;0
20210301 195300;8.558510;8.560630;8.558510;8.560630;0
20210301 195400;8.560770;8.562020;8.559840;8.560780;0
20210301 195500;8.560990;8.563430;8.560660;8.563420;0
20210301 195600;8.563500;8.564320;8.563350;8.564060;0
20210301 195700;8.563990;8.564240;8.563550;8.563790;0
20210301 195800;8.563930;8.565020;8.563790;8.564470;0
20210301 195900;8.564470;8.564630;8.563720;8.563720;0
20210301 200000;8.563820;8.563870;8.561740;8.562100;0
20210301 200100;8.561940;8.563430;8.561760;8.561870;0
20210301 200200;8.561880;8.562420;8.561080;8.561530;0
20210301 200300;8.561620;8.562320;8.561020;8.562020;0
20210301 200400;8.562030;8.562820;8.561450;8.561450;0
20210301 200500;8.561450;8.562720;8.561410;8.561930;0
20210301 200600;8.561800;8.563520;8.560900;8.562320;0
20210301 200700;8.562120;8.562430;8.561570;8.562320;0
20210301 200800;8.562320;8.564020;8.561740;8.563220;0
20210301 200900;8.563320;8.564130;8.561680;8.562820;0
20210301 201000;8.562820;8.564420;8.561510;8.564120;0
20210301 201100;8.563930;8.564120;8.561920;8.563630;0
20210301 201200;8.563720;8.563730;8.561860;8.562520;0
20210301 201300;8.562230;8.563320;8.562070;8.562160;0
20210301 201400;8.562820;8.563720;8.562320;8.562550;0
20210301 201500;8.562550;8.564720;8.562550;8.563420;0
20210301 201600;8.563720;8.564120;8.562820;8.563220;0
20210301 201700;8.563020;8.563920;8.562720;8.563100;0
20210301 201800;8.563100;8.566130;8.562990;8.565480;0
20210301 201900;8.565480;8.566130;8.565260;8.566000;0
20210301 202000;8.565930;8.572130;8.565920;8.570920;0
20210301 202100;8.570830;8.570930;8.568890;8.569520;0
20210301 202200;8.569250;8.570420;8.569220;8.570120;0
20210301 202300;8.570020;8.572460;8.569880;8.572460;0
20210301 202400;8.572460;8.573330;8.572130;8.573330;0
20210301 202500;8.573120;8.573630;8.572430;8.573340;0
20210301 202600;8.573280;8.574510;8.573280;8.574250;0
20210301 202700;8.574110;8.574420;8.572910;8.573080;0
20210301 202800;8.573070;8.573630;8.572850;8.573630;0
20210301 202900;8.573720;8.573720;8.572300;8.572320;0
20210301 203000;8.572290;8.573230;8.572240;8.572860;0
20210301 203100;8.572710;8.573730;8.572290;8.572290;0
20210301 203200;8.572300;8.574830;8.572290;8.572660;0
20210301 203300;8.572660;8.574520;8.572470;8.574120;0
20210301 203400;8.574020;8.575030;8.573820;8.574420;0
20210301 203500;8.574320;8.576320;8.574320;8.575170;0
20210301 203600;8.576230;8.577130;8.575070;8.575250;0
20210301 203700;8.575110;8.576230;8.574830;8.575970;0
20210301 203800;8.576040;8.579620;8.576040;8.578300;0
20210301 203900;8.578310;8.580020;8.578300;8.579600;0
20210301 204000;8.579600;8.580920;8.579590;8.580190;0
20210301 204100;8.580190;8.580770;8.577730;8.577740;0
20210301 204200;8.577730;8.578130;8.576180;8.576610;0
20210301 204300;8.576610;8.578120;8.576610;8.577720;0
20210301 204400;8.577720;8.578330;8.577450;8.577820;0
20210301 204500;8.577720;8.579230;8.577560;8.578100;0
20210301 204600;8.577790;8.579200;8.577680;8.578760;0
20210301 204700;8.578670;8.579460;8.578450;8.578780;0
20210301 204800;8.578790;8.580170;8.578360;8.579820;0
20210301 204900;8.579680;8.580320;8.579100;8.580020;0
20210301 205000;8.579840;8.583020;8.579620;8.582830;0
20210301 205100;8.582920;8.583130;8.581210;8.581820;0
20210301 205200;8.581820;8.582320;8.579660;8.579940;0
20210301 205300;8.579950;8.580530;8.578670;8.578920;0
20210301 205400;8.578930;8.578930;8.576380;8.576560;0
20210301 205500;8.576650;8.577520;8.576020;8.576240;0
20210301 205600;8.576240;8.577520;8.576240;8.577100;0
20210301 205700;8.577070;8.578220;8.576980;8.577170;0
20210301 205800;8.577210;8.578630;8.576490;8.576490;0
20210301 205900;8.576500;8.578320;8.576070;8.577430;0
20210301 210000;8.577220;8.578920;8.577220;8.577640;0
20210301 210100;8.577640;8.579530;8.577640;8.578990;0
20210301 210200;8.579230;8.579820;8.578860;8.578920;0
20210301 210300;8.578910;8.578920;8.577020;8.577360;0
20210301 210400;8.577360;8.577950;8.576690;8.576690;0
20210301 210500;8.576910;8.577720;8.576830;8.576990;0
20210301 210600;8.576990;8.577460;8.576580;8.577450;0
20210301 210700;8.577450;8.577450;8.576890;8.576970;0
20210301 210800;8.576970;8.576970;8.575530;8.575660;0
20210301 210900;8.575660;8.575660;8.575030;8.575330;0
20210301 211000;8.575330;8.575630;8.575290;8.575470;0
20210301 211100;8.575460;8.576830;8.575460;8.575940;0
20210301 211200;8.575930;8.576020;8.573410;8.573640;0
20210301 211300;8.573650;8.574280;8.573120;8.573460;0
20210301 211400;8.573510;8.573510;8.572760;8.572970;0
20210301 211500;8.572970;8.573190;8.572620;8.573120;0
20210301 211600;8.573070;8.573900;8.572960;8.573040;0
20210301 211700;8.573040;8.573530;8.572910;8.572940;0
20210301 211800;8.573180;8.573250;8.572630;8.573250;0
20210301 211900;8.573230;8.573270;8.572760;8.572930;0
20210301 212000;8.573040;8.573470;8.572850;8.573460;0
20210301 212100;8.573420;8.574360;8.573420;8.574320;0
20210301 212200;8.573920;8.580650;8.573920;8.577340;0
20210301 212300;8.577330;8.578420;8.577330;8.577760;0
20210301 212400;8.577900;8.578930;8.577520;8.577520;0
20210301 212500;8.577630;8.577630;8.575990;8.576000;0
20210301 212600;8.575890;8.578230;8.575530;8.578020;0
20210301 212700;8.578030;8.578630;8.576640;8.578020;0
20210301 212800;8.578120;8.578730;8.577630;8.578120;0
20210301 212900;8.578220;8.578530;8.577100;8.577220;0
20210301 213000;8.577320;8.578920;8.576780;8.578730;0
20210301 213100;8.578820;8.578920;8.576830;8.577160;0
20210301 213200;8.577170;8.577620;8.576600;8.577420;0
20210301 213300;8.577320;8.578330;8.577140;8.577820;0
20210301 213400;8.577920;8.578320;8.576680;8.577520;0
20210301 213500;8.577520;8.578620;8.577280;8.577380;0
20210301 213600;8.577380;8.577620;8.576350;8.576660;0
20210301 213700;8.576560;8.576720;8.575950;8.576120;0
20210301 213800;8.576520;8.577930;8.575160;8.575160;0
20210301 213900;8.575190;8.577320;8.575190;8.575720;0
20210301 214000;8.575910;8.577660;8.575720;8.577480;0
20210301 214100;8.577240;8.578820;8.577200;8.578570;0
20210301 214200;8.578660;8.579320;8.578410;8.579090;0
20210301 214300;8.579120;8.579820;8.578750;8.578770;0
20210301 214400;8.578830;8.580320;8.578790;8.579600;0
20210301 214500;8.579560;8.581120;8.579230;8.579790;0
20210301 214600;8.579960;8.580840;8.579670;8.580680;0
20210301 214700;8.580640;8.582770;8.580550;8.582720;0
20210301 214800;8.582910;8.583220;8.582660;8.582770;0
20210301 214900;8.582820;8.583060;8.582740;8.583060;0
20210301 215000;8.583060;8.592320;8.583060;8.591230;0
20210301 215100;8.591120;8.596530;8.591120;8.595320;0
20210301 215200;8.595320;8.598630;8.595320;8.595820;0
20210301 215300;8.595920;8.597320;8.593870;8.594130;0
20210301 215400;8.594420;8.595730;8.593820;8.595150;0
20210301 215500;8.595330;8.595330;8.593610;8.594060;0
20210301 215600;8.594010;8.594880;8.593660;8.594640;0
20210301 215700;8.594580;8.595620;8.593530;8.595020;0
20210301 215800;8.595120;8.596720;8.593170;8.593400;0
20210301 215900;8.593410;8.594020;8.592270;8.592450;0
20210301 220000;8.592630;8.593320;8.590500;8.591060;0
20210301 220100;8.591150;8.591150;8.588580;8.588620;0
20210301 220200;8.588660;8.590920;8.587090;8.590380;0
20210301 220300;8.590580;8.591180;8.589670;8.590660;0
20210301 220400;8.590660;8.591650;8.589970;8.590440;0
20210301 220500;8.590440;8.591230;8.589770;8.591090;0
20210301 220600;8.590660;8.592620;8.590640;8.592410;0
20210301 220700;8.592420;8.593210;8.591450;8.592500;0
20210301 220800;8.592500;8.593660;8.591150;8.592940;0
20210301 220900;8.592700;8.593230;8.591860;8.592620;0
20210301 221000;8.592620;8.593360;8.592100;8.593280;0
20210301 221100;8.593280;8.593480;8.591650;8.592590;0
20210301 221200;8.592680;8.594180;8.591700;8.593460;0
20210301 221300;8.593710;8.593710;8.590440;8.591450;0
20210301 221400;8.591460;8.592180;8.590990;8.592000;0
20210301 221500;8.592000;8.592210;8.591170;8.591260;0
20210301 221600;8.591410;8.592620;8.590950;8.592610;0
20210301 221700;8.592610;8.592820;8.591900;8.592540;0
20210301 221800;8.592630;8.594000;8.592390;8.594000;0
20210301 221900;8.593770;8.594550;8.593410;8.593960;0
20210301 222000;8.594080;8.595720;8.594080;8.594720;0
20210301 222100;8.594630;8.597000;8.594180;8.596530;0
20210301 222200;8.596420;8.597120;8.595060;8.595170;0
20210301 222300;8.595220;8.596220;8.595220;8.596120;0
20210301 222400;8.596230;8.596230;8.593640;8.594920;0
20210301 222500;8.594920;8.594920;8.593290;8.593640;0
20210301 222600;8.593560;8.594200;8.593430;8.593550;0
20210301 222700;8.593590;8.594270;8.593580;8.593910;0
20210301 222800;8.593870;8.594020;8.591870;8.592650;0
20210301 222900;8.592600;8.592960;8.591690;8.592400;0
20210301 223000;8.592360;8.594230;8.591630;8.591950;0
20210301 223100;8.591990;8.594230;8.591460;8.593310;0
20210301 223200;8.593360;8.593450;8.592220;8.592650;0
20210301 223300;8.592830;8.593350;8.590820;8.591700;0
20210301 223400;8.591740;8.592260;8.590570;8.591630;0
20210301 223500;8.591630;8.591720;8.590550;8.591270;0
20210301 223600;8.591310;8.591410;8.589680;8.589840;0
20210301 223700;8.589840;8.590800;8.588260;8.588520;0
20210301 223800;8.588450;8.588880;8.583960;8.583960;0
20210301 223900;8.584000;8.586730;8.583960;8.585760;0
20210301 224000;8.585700;8.585930;8.584410;8.585920;0
20210301 224100;8.585820;8.587720;8.585450;8.586790;0
20210301 224200;8.586760;8.587860;8.586760;8.587050;0
20210301 224300;8.587050;8.587120;8.585470;8.585560;0
20210301 224400;8.585570;8.587410;8.585430;8.585750;0
20210301 224500;8.585740;8.585860;8.583630;8.584010;0
20210301 224600;8.584010;8.586120;8.583420;8.585540;0
20210301 224700;8.585760;8.586190;8.583570;8.583880;0
20210301 224800;8.583880;8.586190;8.582960;8.585490;0
20210301 224900;8.585770;8.587720;8.585460;8.587040;0
20210301 225000;8.587000;8.587730;8.586950;8.587200;0
20210301 225100;8.587130;8.587180;8.584730;8.584730;0
20210301 225200;8.584790;8.585370;8.583010;8.584110;0
20210301 225300;8.584140;8.584770;8.583740;8.583960;0
20210301 225400;8.583960;8.587120;8.583960;8.587120;0
20210301 225500;8.587010;8.587320;8.585670;8.586230;0
20210301 225600;8.586230;8.586230;8.583960;8.583980;0
20210301 225700;8.583970;8.585610;8.583560;8.583570;0
20210301 225800;8.583570;8.583680;8.583050;8.583440;0
20210301 225900;8.583450;8.583630;8.583030;8.583570;0
20210301 230000;8.583570;8.583930;8.583450;8.583780;0
20210301 230100;8.583780;8.583960;8.583490;8.583700;0
20210301 230200;8.583700;8.584310;8.583080;8.583380;0
20210301 230300;8.583560;8.584400;8.583040;8.583760;0
20210301 230400;8.583750;8.584030;8.582820;8.582970;0
20210301 230500;8.583240;8.583720;8.582620;8.583500;0
20210301 230600;8.583170;8.583610;8.581910;8.582950;0
20210301 230700;8.582950;8.585890;8.582070;8.582110;0
20210301 230800;8.582110;8.583670;8.581980;8.583070;0
20210301 230900;8.583370;8.584200;8.581550;8.582800;0
20210301 231000;8.582910;8.582910;8.580980;8.581370;0
20210301 231100;8.581530;8.581530;8.580560;8.580870;0
20210301 231200;8.580650;8.582120;8.580460;8.580460;0
20210301 231300;8.580460;8.582680;8.580330;8.582510;0
20210301 231400;8.582510;8.583090;8.579800;8.580510;0
20210301 231500;8.580510;8.580870;8.580290;8.580800;0
20210301 231600;8.580800;8.583430;8.580320;8.580830;0
20210301 231700;8.580830;8.581910;8.580410;8.580930;0
20210301 231800;8.581050;8.581900;8.580950;8.581890;0
20210301 231900;8.581890;8.582590;8.581240;8.581400;0
20210301 232000;8.581250;8.582070;8.581250;8.582070;0
20210301 232100;8.582070;8.584480;8.581020;8.583430;0
20210301 232200;8.583250;8.583410;8.582900;8.583320;0
20210301 232300;8.583320;8.583680;8.583250;8.583470;0
20210301 232400;8.583640;8.584830;8.582570;8.584830;0
20210301 232500;8.584820;8.585050;8.584010;8.584570;0
20210301 232600;8.585220;8.586130;8.584920;8.585260;0
20210301 232700;8.585260;8.585270;8.582700;8.583980;0
20210301 232800;8.583990;8.584450;8.583310;8.584310;0
20210301 232900;8.584480;8.586350;8.584220;8.585810;0
20210301 233000;8.585890;8.585890;8.584150;8.584220;0
20210301 233100;8.584070;8.584740;8.584000;8.584270;0
20210301 233200;8.584260;8.584940;8.584120;8.584930;0
20210301 233300;8.584930;8.584940;8.583780;8.584270;0
20210301 233400;8.584490;8.585170;8.584490;8.585110;0
20210301 233500;8.585110;8.585990;8.584670;8.585660;0
20210301 233600;8.585780;8.585790;8.585390;8.585400;0
20210301 233700;8.585610;8.585610;8.584180;8.584220;0
20210301 233800;8.584220;8.584300;8.583170;8.583220;0
20210301 233900;8.583220;8.583710;8.583220;8.583630;0
20210301 234000;8.583630;8.585000;8.583630;8.584910;0
20210301 234100;8.584900;8.586240;8.584830;8.586010;0
20210301 234200;8.586020;8.586580;8.585840;8.586580;0
20210301 234300;8.586580;8.587250;8.586220;8.586250;0
20210301 234400;8.586250;8.590130;8.586250;8.588510;0
20210301 234500;8.588510;8.589240;8.588220;8.589240;0
20210301 234600;8.589100;8.589290;8.588480;8.588480;0
20210301 234700;8.588480;8.589670;8.588110;8.589520;0
20210301 234800;8.589520;8.590480;8.589230;8.590440;0
20210301 234900;8.590440;8.590450;8.589660;8.590230;0
20210301 235000;8.590230;8.590340;8.588820;8.588820;0
20210301 235100;8.588820;8.589340;8.588080;8.589330;0
20210301 235200;8.589330;8.589680;8.589280;8.589600;0
20210301 235300;8.589960;8.591160;8.589960;8.590940;0
20210301 235400;8.590870;8.592030;8.590860;8.591960;0
20210301 235500;8.591960;8.591960;8.590200;8.590280;0
20210301 235600;8.590490;8.591730;8.590490;8.591150;0
20210301 235700;8.591150;8.591150;8.590120;8.590830;0
20210301 235800;8.590820;8.597550;8.590550;8.595950;0
20210301 235900;8.595960;8.597390;8.594330;8.594650;0
20210302 000000;8.594440;8.595120;8.592620;8.594320;0
20210302 000100;8.594630;8.595670;8.592160;8.595640;0
20210302 000200;8.595650;8.598240;8.595530;8.598240;0
20210302 000300;8.598140;8.598760;8.598020;8.598450;0
20210302 000400;8.598670;8.598960;8.595320;8.598200;0
20210302 000500;8.598340;8.599490;8.597880;8.598820;0
20210302 000600;8.598830;8.599080;8.598220;8.598220;0
20210302 000700;8.598350;8.598350;8.598000;8.598000;0
20210302 000800;8.597930;8.598100;8.597500;8.597700;0
20210302 000900;8.597810;8.598270;8.596560;8.597160;0
20210302 001000;8.597010;8.597700;8.596930;8.597700;0
20210302 001100;8.597930;8.598060;8.596860;8.597830;0
20210302 001200;8.597830;8.597830;8.595990;8.596820;0
20210302 001300;8.596960;8.597250;8.595830;8.597020;0
20210302 001400;8.596870;8.596870;8.595260;8.596590;0
20210302 001500;8.596520;8.597590;8.596520;8.597590;0
20210302 001600;8.597670;8.597670;8.596820;8.597650;0
20210302 001700;8.597500;8.598050;8.597430;8.597970;0
20210302 001800;8.597910;8.597910;8.597620;8.597700;0
20210302 001900;8.597630;8.597680;8.596480;8.597680;0
20210302 002000;8.597530;8.598040;8.597190;8.597250;0
20210302 002100;8.597250;8.597320;8.596420;8.596490;0
20210302 002200;8.596640;8.597300;8.596250;8.597300;0
20210302 002300;8.597370;8.598880;8.597370;8.597850;0
20210302 002400;8.597930;8.598920;8.597850;8.598280;0
20210302 002500;8.598350;8.598730;8.598210;8.598350;0
20210302 002600;8.598420;8.599620;8.598350;8.599320;0
20210302 002700;8.599230;8.599620;8.599020;8.599180;0
20210302 002800;8.599230;8.600220;8.597820;8.599060;0
20210302 002900;8.599190;8.601710;8.598840;8.601110;0
20210302 003000;8.601120;8.601440;8.600610;8.601040;0
20210302 003100;8.600920;8.601070;8.599950;8.600370;0
20210302 003200;8.600380;8.600850;8.597470;8.600850;0
20210302 003300;8.600840;8.602010;8.600430;8.601600;0
20210302 003400;8.601600;8.601680;8.591260;8.599610;0
20210302 003500;8.599610;8.600250;8.598690;8.599100;0
20210302 003600;8.599110;8.599740;8.598370;8.599120;0
20210302 003700;8.599130;8.600930;8.598620;8.600570;0
20210302 003800;8.600570;8.601640;8.600570;8.601410;0
20210302 003900;8.601410;8.604850;8.601410;8.604520;0
20210302 004000;8.604300;8.606680;8.604300;8.606230;0
20210302 004100;8.606230;8.606240;8.602680;8.602960;0
20210302 004200;8.602970;8.603360;8.600210;8.600640;0
20210302 004300;8.600640;8.601370;8.600610;8.601120;0
20210302 004400;8.601120;8.602420;8.601010;8.601680;0
20210302 004500;8.601670;8.601960;8.601170;8.601760;0
20210302 004600;8.601750;8.602220;8.601210;8.601390;0
20210302 004700;8.601390;8.601990;8.600900;8.601980;0
20210302 004800;8.601980;8.602410;8.601150;8.601690;0
20210302 004900;8.601690;8.602100;8.601420;8.601960;0
20210302 005000;8.601960;8.601960;8.599660;8.600100;0
20210302 005100;8.599880;8.600300;8.599220;8.599220;0
20210302 005200;8.598930;8.599950;8.598660;8.599430;0
20210302 005300;8.599430;8.599560;8.596830;8.597460;0
20210302 005400;8.597460;8.598320;8.596990;8.597980;0
20210302 005500;8.597990;8.598410;8.596480;8.597010;0
20210302 005600;8.597020;8.597200;8.596490;8.597200;0
20210302 005700;8.597190;8.600080;8.597180;8.600080;0
20210302 005800;8.600080;8.600090;8.597380;8.597380;0
20210302 005900;8.597610;8.598560;8.596950;8.598560;0
20210302 010000;8.598560;8.599780;8.598560;8.599320;0
20210302 010100;8.599330;8.600120;8.599320;8.599350;0
20210302 010200;8.599350;8.599940;8.598710;8.598710;0
20210302 010300;8.598710;8.599010;8.598440;8.599010;0
20210302 010400;8.599220;8.599520;8.599220;8.599240;0
20210302 010500;8.599240;8.599450;8.598300;8.598300;0
20210302 010600;8.598300;8.598740;8.598160;8.598310;0
20210302 010700;8.598320;8.598320;8.596170;8.596610;0
20210302 010800;8.596610;8.596620;8.595570;8.595760;0
20210302 010900;8.595760;8.596930;8.595210;8.595650;0
20210302 011000;8.595360;8.596040;8.594290;8.594330;0
20210302 011100;8.594340;8.594340;8.591940;8.592160;0
20210302 011200;8.592160;8.593310;8.590920;8.593300;0
20210302 011300;8.593300;8.593310;8.592050;8.592340;0
20210302 011400;8.592330;8.592650;8.592070;8.592410;0
20210302 011500;8.592410;8.592730;8.592160;8.592730;0
20210302 011600;8.592740;8.592770;8.592480;8.592600;0
20210302 011700;8.592600;8.593650;8.592460;8.593360;0
20210302 011800;8.593370;8.593970;8.593360;8.593810;0
20210302 011900;8.593820;8.594010;8.593360;8.593670;0
20210302 012000;8.593680;8.594460;8.593530;8.594460;0
20210302 012100;8.594450;8.594680;8.594250;8.594260;0
20210302 012200;8.594250;8.594750;8.593210;8.594240;0
20210302 012300;8.594320;8.595470;8.594320;8.595320;0
20210302 012400;8.594970;8.594970;8.589470;8.590250;0
20210302 012500;8.590250;8.593530;8.589980;8.590360;0
20210302 012600;8.590240;8.593620;8.590090;8.593460;0
20210302 012700;8.593390;8.594320;8.593330;8.593480;0
20210302 012800;8.593490;8.594530;8.593350;8.593560;0
20210302 012900;8.593570;8.593570;8.592860;8.593170;0
20210302 013000;8.592960;8.594810;8.592860;8.594810;0
20210302 013100;8.594810;8.595020;8.594520;8.594520;0
20210302 013200;8.594530;8.594980;8.594530;8.594800;0
20210302 013300;8.594760;8.596220;8.594760;8.595350;0
20210302 013400;8.595350;8.595690;8.595310;8.595610;0
20210302 013500;8.595610;8.596660;8.594680;8.596620;0
20210302 013600;8.596760;8.597270;8.596470;8.596690;0
20210302 013700;8.596700;8.598030;8.596690;8.597040;0
20210302 013800;8.597040;8.597260;8.596210;8.596480;0
20210302 013900;8.596480;8.597120;8.596290;8.596800;0
20210302 014000;8.596720;8.596850;8.596210;8.596660;0
20210302 014100;8.596660;8.597190;8.595940;8.597090;0
20210302 014200;8.597090;8.597380;8.596820;8.597080;0
20210302 014300;8.597080;8.598020;8.596760;8.598020;0
20210302 014400;8.597920;8.598120;8.596870;8.597120;0
20210302 014500;8.597120;8.598180;8.596820;8.597370;0
20210302 014600;8.597120;8.597420;8.597070;8.597180;0
20210302 014700;8.597130;8.597930;8.597130;8.597440;0
20210302 014800;8.597330;8.598070;8.597020;8.597020;0
20210302 014900;8.597030;8.597160;8.596710;8.596710;0
20210302 015000;8.596770;8.597330;8.596710;8.596760;0
20210302 015100;8.596730;8.597520;8.595120;8.597060;0
20210302 015200;8.597120;8.598360;8.597060;8.598330;0
20210302 015300;8.598220;8.601380;8.598140;8.601110;0
20210302 015400;8.601120;8.601120;8.599080;8.599080;0
20210302 015500;8.599080;8.599080;8.597410;8.598220;0
20210302 015600;8.598320;8.600850;8.597820;8.600120;0
20210302 015700;8.600230;8.600550;8.599450;8.599540;0
20210302 015800;8.599500;8.599590;8.598210;8.599050;0
20210302 015900;8.599150;8.599650;8.598330;8.599280;0
20210302 020000;8.598540;8.601720;8.598420;8.601520;0
20210302 020100;8.601620;8.601730;8.600640;8.601320;0
20210302 020200;8.601280;8.609270;8.601240;8.609150;0
20210302 020300;8.609070;8.611230;8.605520;8.611230;0
20210302 020400;8.611230;8.611280;8.609750;8.611080;0
20210302 020500;8.611080;8.611620;8.607840;8.611620;0
20210302 020600;8.611610;8.614250;8.610770;8.614160;0
20210302 020700;8.614160;8.616150;8.612330;8.615700;0
20210302 020800;8.615680;8.615680;8.612690;8.614540;0
20210302 020900;8.614550;8.614860;8.613150;8.613730;0
20210302 021000;8.613730;8.614610;8.613080;8.613240;0
20210302 021100;8.613230;8.614420;8.612970;8.613240;0
20210302 021200;8.613440;8.613590;8.609680;8.610890;0
20210302 021300;8.610890;8.611530;8.607370;8.607570;0
20210302 021400;8.607570;8.609360;8.607570;8.608860;0
20210302 021500;8.608880;8.614140;8.608860;8.612360;0
20210302 021600;8.612720;8.622200;8.612360;8.622200;0
20210302 021700;8.622200;8.624790;8.622200;8.624620;0
20210302 021800;8.624550;8.626100;8.622460;8.624210;0
20210302 021900;8.624210;8.625810;8.623330;8.623390;0
20210302 022000;8.623450;8.627720;8.622860;8.625640;0
20210302 022100;8.625910;8.625910;8.622610;8.623310;0
20210302 022200;8.623360;8.623360;8.619540;8.620350;0
20210302 022300;8.620350;8.621440;8.614090;8.614330;0
20210302 022400;8.614340;8.615180;8.612410;8.613480;0
20210302 022500;8.613430;8.613670;8.603940;8.612320;0
20210302 022600;8.612140;8.613190;8.609070;8.609080;0
20210302 022700;8.609100;8.609100;8.605310;8.605960;0
20210302 022800;8.605920;8.609800;8.605410;8.608960;0
20210302 022900;8.608970;8.610780;8.608030;8.609830;0
20210302 023000;8.609830;8.611220;8.607720;8.610910;0
20210302 023100;8.610720;8.614100;8.607910;8.613520;0
20210302 023200;8.613660;8.616620;8.613660;8.616320;0
20210302 023300;8.616420;8.619420;8.614890;8.619120;0
20210302 023400;8.619020;8.620230;8.612550;8.613090;0
20210302 023500;8.613050;8.616120;8.612590;8.615820;0
20210302 023600;8.615720;8.616230;8.612380;8.614820;0
20210302 023700;8.615020;8.615720;8.613940;8.614810;0
20210302 023800;8.614770;8.615130;8.612760;8.613140;0
20210302 023900;8.613090;8.616170;8.612740;8.613590;0
20210302 024000;8.613460;8.615460;8.612870;8.614900;0
20210302 024100;8.614900;8.617550;8.614900;8.617150;0
20210302 024200;8.617140;8.619520;8.614990;8.619420;0
20210302 024300;8.619320;8.622720;8.618310;8.620020;0
20210302 024400;8.620320;8.621330;8.619440;8.620300;0
20210302 024500;8.620360;8.620660;8.616290;8.616740;0
20210302 024600;8.616670;8.619590;8.615980;8.619590;0
20210302 024700;8.619390;8.619520;8.611770;8.612060;0
20210302 024800;8.612240;8.613450;8.611170;8.611620;0
20210302 024900;8.611630;8.614620;8.610520;8.613850;0
20210302 025000;8.613920;8.614920;8.613780;8.614590;0
20210302 025100;8.614590;8.617850;8.614270;8.617380;0
20210302 025200;8.617330;8.618480;8.613260;8.613430;0
20210302 025300;8.613630;8.617320;8.613420;8.614600;0
20210302 025400;8.614590;8.618430;8.614540;8.617240;0
20210302 025500;8.617230;8.617230;8.613600;8.613650;0
20210302 025600;8.613560;8.614490;8.611850;8.612250;0
20210302 025700;8.611940;8.613430;8.611350;8.612480;0
20210302 025800;8.612320;8.614730;8.610800;8.614720;0
20210302 025900;8.614630;8.617420;8.613990;8.614330;0
20210302 030000;8.614360;8.616020;8.610820;8.615180;0
20210302 030100;8.615220;8.618820;8.614320;8.618820;0
20210302 030200;8.618920;8.619070;8.615490;8.616750;0
20210302 030300;8.616750;8.617220;8.613820;8.614980;0
20210302 030400;8.615020;8.618510;8.614020;8.618220;0
20210302 030500;8.618220;8.619310;8.617200;8.618920;0
20210302 030600;8.618830;8.620260;8.617830;8.619660;0
20210302 030700;8.619610;8.619610;8.616970;8.617710;0
20210302 030800;8.617690;8.620820;8.617190;8.617230;0
20210302 030900;8.617150;8.617660;8.615870;8.616190;0
20210302 031000;8.616070;8.616070;8.613500;8.613590;0
20210302 031100;8.613370;8.613660;8.607260;8.607860;0
20210302 031200;8.607830;8.607830;8.605170;8.606110;0
20210302 031300;8.606270;8.606380;8.598460;8.598920;0
20210302 031400;8.598920;8.600100;8.595280;8.595280;0
20210302 031500;8.595290;8.597430;8.595020;8.596010;0
20210302 031600;8.596010;8.598160;8.589630;8.591890;0
20210302 031700;8.592000;8.598060;8.591740;8.596580;0
20210302 031800;8.596650;8.600210;8.595530;8.599560;0
20210302 031900;8.599510;8.601390;8.596560;8.599790;0
20210302 032000;8.599830;8.600610;8.599180;8.600610;0
20210302 032100;8.600570;8.600720;8.598660;8.598890;0
20210302 032200;8.598890;8.601420;8.598400;8.600440;0
20210302 032300;8.600440;8.600440;8.589020;8.595150;0
20210302 032400;8.595230;8.599220;8.595170;8.599200;0
20210302 032500;8.599220;8.599690;8.596790;8.597630;0
20210302 032600;8.597570;8.597640;8.591330;8.592000;0
20210302 032700;8.592120;8.594110;8.591500;8.592590;0
20210302 032800;8.592480;8.593400;8.589890;8.592510;0
20210302 032900;8.592520;8.592880;8.591280;8.592660;0
20210302 033000;8.592580;8.592930;8.588800;8.590110;0
20210302 033100;8.590110;8.591360;8.589490;8.590120;0
20210302 033200;8.590330;8.590430;8.587550;8.587660;0
20210302 033300;8.587660;8.588220;8.582070;8.582320;0
20210302 033400;8.582200;8.582590;8.578530;8.579280;0
20210302 033500;8.579560;8.580620;8.577990;8.577990;0
20210302 033600;8.577970;8.578640;8.577010;8.577570;0
20210302 033700;8.577580;8.577580;8.574160;8.574230;0
20210302 033800;8.574140;8.574140;8.567830;8.570160;0
20210302 033900;8.570230;8.571870;8.565660;8.569930;0
20210302 034000;8.569920;8.570640;8.569260;8.570510;0
20210302 034100;8.570510;8.571280;8.569060;8.569890;0
20210302 034200;8.569790;8.570570;8.566720;8.567320;0
20210302 034300;8.567240;8.567250;8.564820;8.567250;0
20210302 034400;8.567520;8.567670;8.562050;8.562250;0
20210302 034500;8.562220;8.563030;8.557880;8.559430;0
20210302 034600;8.559460;8.563060;8.557120;8.557120;0
20210302 034700;8.557200;8.558620;8.553980;8.556720;0
20210302 034800;8.556710;8.559870;8.556710;8.557420;0
20210302 034900;8.557420;8.559620;8.552830;8.553570;0
20210302 035000;8.553670;8.557290;8.553530;8.557290;0
20210302 035100;8.557170;8.557590;8.556760;8.557330;0
20210302 035200;8.557430;8.559680;8.557320;8.559320;0
20210302 035300;8.559470;8.563170;8.559460;8.561620;0
20210302 035400;8.561630;8.564140;8.561630;8.563930;0
20210302 035500;8.563870;8.566370;8.563840;8.566060;0
20210302 035600;8.566060;8.569950;8.566060;8.569950;0
20210302 035700;8.570010;8.575730;8.569590;8.575730;0
20210302 035800;8.575740;8.582210;8.575740;8.580350;0
20210302 035900;8.580400;8.580480;8.575430;8.577120;0
20210302 040000;8.577030;8.577200;8.573350;8.575210;0
20210302 040100;8.575300;8.579190;8.574760;8.576950;0
20210302 040200;8.577100;8.577100;8.572470;8.572710;0
20210302 040300;8.572630;8.574870;8.572100;8.572870;0
20210302 040400;8.572870;8.576120;8.572870;8.574740;0
20210302 040500;8.574920;8.578810;8.574190;8.574690;0
20210302 040600;8.574660;8.575540;8.574490;8.575120;0
20210302 040700;8.575090;8.577230;8.573880;8.576430;0
20210302 040800;8.576470;8.581870;8.576470;8.580020;0
20210302 040900;8.580070;8.585720;8.579390;8.585290;0
20210302 041000;8.585020;8.585660;8.583110;8.584650;0
20210302 041100;8.584740;8.586320;8.583610;8.584740;0
20210302 041200;8.584890;8.585950;8.579030;8.579030;0
20210302 041300;8.579020;8.580050;8.574830;8.575740;0
20210302 041400;8.575880;8.576700;8.572760;8.575390;0
20210302 041500;8.575390;8.578220;8.574360;8.577550;0
20210302 041600;8.577490;8.581950;8.577340;8.580510;0
20210302 041700;8.580500;8.581110;8.578420;8.578810;0
20210302 041800;8.578760;8.581730;8.578050;8.580070;0
20210302 041900;8.580100;8.583180;8.579480;8.583090;0
20210302 042000;8.582950;8.583380;8.576570;8.577340;0
20210302 042100;8.577540;8.580150;8.576900;8.579680;0
20210302 042200;8.579620;8.579640;8.575500;8.575500;0
20210302 042300;8.575490;8.575620;8.570960;8.571740;0
20210302 042400;8.571740;8.572200;8.569710;8.570720;0
20210302 042500;8.570750;8.571660;8.568670;8.571580;0
20210302 042600;8.571510;8.572210;8.566610;8.566920;0
20210302 042700;8.566780;8.571380;8.566570;8.571380;0
20210302 042800;8.571150;8.574990;8.570940;8.571670;0
20210302 042900;8.571670;8.573560;8.567950;8.569290;0
20210302 043000;8.569290;8.569290;8.563970;8.565090;0
20210302 043100;8.565060;8.566880;8.562320;8.565660;0
20210302 043200;8.565680;8.568230;8.564520;8.566620;0
20210302 043300;8.566620;8.568270;8.564410;8.568190;0
20210302 043400;8.568090;8.571590;8.565920;8.570010;0
20210302 043500;8.569990;8.570300;8.562170;8.563660;0
20210302 043600;8.563650;8.564320;8.559650;8.560010;0
20210302 043700;8.559950;8.560530;8.556070;8.557660;0
20210302 043800;8.557570;8.557890;8.554130;8.557890;0
20210302 043900;8.557930;8.560120;8.555090;8.558680;0
20210302 044000;8.558680;8.560820;8.555200;8.560430;0
20210302 044100;8.560430;8.561700;8.554970;8.557470;0
20210302 044200;8.557480;8.557480;8.551520;8.554580;0
20210302 044300;8.554580;8.554580;8.549990;8.553440;0
20210302 044400;8.553410;8.555030;8.550760;8.552220;0
20210302 044500;8.552080;8.552190;8.547020;8.547690;0
20210302 044600;8.547800;8.552960;8.546730;8.551650;0
20210302 044700;8.551800;8.554880;8.550080;8.553000;0
20210302 044800;8.552990;8.554050;8.549240;8.549600;0
20210302 044900;8.549720;8.549830;8.545780;8.549710;0
20210302 045000;8.549650;8.553320;8.549050;8.551430;0
20210302 045100;8.551430;8.552030;8.550530;8.551300;0
20210302 045200;8.551300;8.551370;8.548090;8.550260;0
20210302 045300;8.550140;8.552590;8.547770;8.548180;0
20210302 045400;8.548200;8.548200;8.544930;8.545820;0
20210302 045500;8.545870;8.548090;8.544810;8.547400;0
20210302 045600;8.547400;8.554250;8.547200;8.550120;0
20210302 045700;8.550110;8.554840;8.550020;8.554050;0
20210302 045800;8.553900;8.559950;8.552920;8.555040;0
20210302 045900;8.555080;8.557120;8.553770;8.557120;0
20210302 050000;8.557180;8.567410;8.556420;8.564680;0
20210302 050100;8.563970;8.563970;8.555370;8.555600;0
20210302 050200;8.555650;8.557960;8.555650;8.557130;0
20210302 050300;8.557130;8.562960;8.556590;8.562200;0
20210302 050400;8.562210;8.563730;8.558800;8.558800;0
20210302 050500;8.558810;8.559100;8.555370;8.557390;0
20210302 050600;8.557430;8.561320;8.557430;8.561120;0
20210302 050700;8.561030;8.561820;8.558220;8.558220;0
20210302 050800;8.558170;8.558170;8.555210;8.557370;0
20210302 050900;8.557330;8.557410;8.555790;8.556490;0
20210302 051000;8.556490;8.557370;8.551560;8.551730;0
20210302 051100;8.551850;8.555220;8.551850;8.554570;0
20210302 051200;8.554570;8.561510;8.554570;8.560510;0
20210302 051300;8.560510;8.562090;8.556840;8.558680;0
20210302 051400;8.558890;8.558890;8.555290;8.555330;0
20210302 051500;8.555290;8.555650;8.553950;8.555650;0
20210302 051600;8.555720;8.561680;8.555720;8.559290;0
20210302 051700;8.559100;8.559120;8.557660;8.558000;0
20210302 051800;8.557930;8.557930;8.552840;8.553790;0
20210302 051900;8.553910;8.555440;8.549860;8.550480;0
20210302 052000;8.550290;8.553300;8.548770;8.548770;0
20210302 052100;8.548840;8.548840;8.542620;8.542810;0
20210302 052200;8.542810;8.543520;8.541420;8.542220;0
20210302 052300;8.542320;8.542410;8.538300;8.541530;0
20210302 052400;8.541530;8.541540;8.533210;8.535540;0
20210302 052500;8.535330;8.537430;8.530370;8.530520;0
20210302 052600;8.530630;8.534170;8.530510;8.533950;0
20210302 052700;8.533950;8.538880;8.531440;8.536260;0
20210302 052800;8.536210;8.538950;8.535600;8.535790;0
20210302 052900;8.535710;8.537160;8.534820;8.537100;0
20210302 053000;8.537120;8.541570;8.537120;8.540910;0
20210302 053100;8.540920;8.541450;8.538330;8.539990;0
20210302 053200;8.539980;8.541760;8.539940;8.540670;0
20210302 053300;8.540680;8.541310;8.540530;8.540960;0
20210302 053400;8.541030;8.544100;8.539270;8.543410;0
20210302 053500;8.543500;8.543650;8.537410;8.540060;0
20210302 053600;8.540060;8.540300;8.535190;8.535360;0
20210302 053700;8.535020;8.535570;8.531040;8.531310;0
20210302 053800;8.531270;8.537740;8.530320;8.537570;0
20210302 053900;8.537580;8.537810;8.533280;8.533280;0
20210302 054000;8.533280;8.537300;8.533030;8.533770;0
20210302 054100;8.533490;8.534620;8.531330;8.532560;0
20210302 054200;8.533230;8.537720;8.533230;8.537400;0
20210302 054300;8.537400;8.538090;8.534630;8.535110;0
20210302 054400;8.535070;8.541080;8.534620;8.537570;0
20210302 054500;8.537560;8.541640;8.537300;8.541310;0
20210302 054600;8.541240;8.542180;8.536940;8.538580;0
20210302 054700;8.538580;8.538580;8.534650;8.534650;0
20210302 054800;8.534620;8.535600;8.529920;8.530510;0
20210302 054900;8.530670;8.532470;8.530010;8.530020;0
20210302 055000;8.530010;8.534090;8.529500;8.531700;0
20210302 055100;8.531710;8.533480;8.529100;8.532100;0
20210302 055200;8.532100;8.532190;8.527730;8.529920;0
20210302 055300;8.529820;8.533750;8.529610;8.531590;0
20210302 055400;8.531550;8.533470;8.530760;8.531850;0
20210302 055500;8.531770;8.535400;8.531620;8.533420;0
20210302 055600;8.533520;8.533620;8.530750;8.531080;0
20210302 055700;8.531060;8.531060;8.527190;8.527970;0
20210302 055800;8.527960;8.530230;8.527400;8.528210;0
20210302 055900;8.528240;8.530320;8.527440;8.530070;0
20210302 060000;8.530070;8.533430;8.530040;8.530680;0
20210302 060100;8.530570;8.530570;8.526730;8.528000;0
20210302 060200;8.528230;8.529730;8.527260;8.529710;0
20210302 060300;8.529710;8.533100;8.528930;8.530210;0
20210302 060400;8.530330;8.530380;8.527620;8.528910;0
20210302 060500;8.528970;8.529530;8.522870;8.524680;0
20210302 060600;8.524830;8.525890;8.523790;8.524820;0
20210302 060700;8.524720;8.525810;8.523190;8.523190;0
20210302 060800;8.523140;8.527790;8.523140;8.527360;0
20210302 060900;8.527370;8.531940;8.526140;8.529290;0
20210302 061000;8.529290;8.532450;8.527190;8.532450;0
20210302 061100;8.532450;8.532450;8.529180;8.529180;0
20210302 061200;8.529120;8.529480;8.525340;8.526210;0
20210302 061300;8.525930;8.526990;8.525830;8.526150;0
20210302 061400;8.526070;8.526070;8.516820;8.518540;0
20210302 061500;8.518630;8.522960;8.518630;8.522820;0
20210302 061600;8.522810;8.529150;8.522730;8.529140;0
20210302 061700;8.529140;8.531470;8.524480;8.525510;0
20210302 061800;8.525510;8.526800;8.522500;8.522500;0
20210302 061900;8.522490;8.526320;8.520630;8.526320;0
20210302 062000;8.526320;8.527280;8.521910;8.523940;0
20210302 062100;8.523940;8.527850;8.523680;8.526180;0
20210302 062200;8.526180;8.527040;8.522820;8.526890;0
20210302 062300;8.526890;8.527450;8.525310;8.525310;0
20210302 062400;8.525320;8.525320;8.516310;8.516520;0
20210302 062500;8.516620;8.517630;8.512920;8.514650;0
20210302 062600;8.514650;8.521370;8.514650;8.520390;0
20210302 062700;8.520400;8.521070;8.517030;8.517170;0
20210302 062800;8.517040;8.518210;8.515120;8.516770;0
20210302 062900;8.516770;8.517480;8.516310;8.517460;0
20210302 063000;8.517400;8.518290;8.516940;8.518230;0
20210302 063100;8.518230;8.520840;8.518220;8.520830;0
20210302 063200;8.520780;8.520780;8.518190;8.518270;0
20210302 063300;8.518290;8.519720;8.518190;8.519260;0
20210302 063400;8.519250;8.519720;8.518620;8.519100;0
20210302 063500;8.519260;8.519360;8.516280;8.516450;0
20210302 063600;8.516460;8.517650;8.515980;8.516350;0
20210302 063700;8.516340;8.516340;8.514790;8.515660;0
20210302 063800;8.515550;8.515550;8.513890;8.515050;0
20210302 063900;8.515040;8.515040;8.512750;8.512800;0
20210302 064000;8.512650;8.513070;8.508980;8.509420;0
20210302 064100;8.509450;8.509450;8.507010;8.507330;0
20210302 064200;8.507330;8.507530;8.501740;8.501840;0
20210302 064300;8.501840;8.502900;8.501540;8.502150;0
20210302 064400;8.502210;8.509030;8.501580;8.507510;0
20210302 064500;8.507510;8.510710;8.505170;8.505550;0
20210302 064600;8.505560;8.509650;8.505170;8.509650;0
20210302 064700;8.509650;8.510250;8.507420;8.508480;0
20210302 064800;8.508460;8.512500;8.508460;8.511950;0
20210302 064900;8.512100;8.514290;8.507690;8.508590;0
20210302 065000;8.508530;8.510390;8.508080;8.508080;0
20210302 065100;8.508060;8.508060;8.500490;8.504350;0
20210302 065200;8.504350;8.507510;8.503460;8.507400;0
20210302 065300;8.507410;8.507410;8.504350;8.505650;0
20210302 065400;8.505800;8.506040;8.503400;8.503400;0
20210302 065500;8.503410;8.503410;8.500350;8.501950;0
20210302 065600;8.502050;8.504640;8.501770;8.503800;0
20210302 065700;8.503620;8.503890;8.502370;8.503810;0
20210302 065800;8.503770;8.504620;8.502450;8.503590;0
20210302 065900;8.503580;8.504530;8.502720;8.504270;0
20210302 070000;8.504270;8.509740;8.504070;8.507980;0
20210302 070100;8.507980;8.508610;8.504340;8.505290;0
20210302 070200;8.505030;8.506090;8.504480;8.505960;0
20210302 070300;8.505920;8.507260;8.504640;8.504640;0
20210302 070400;8.504520;8.504800;8.504320;8.504520;0
20210302 070500;8.504520;8.504880;8.504280;8.504420;0
20210302 070600;8.504480;8.505410;8.504470;8.505270;0
20210302 070700;8.505270;8.507490;8.505270;8.507410;0
20210302 070800;8.507410;8.507410;8.506080;8.506800;0
20210302 070900;8.506800;8.508980;8.506510;8.508360;0
20210302 071000;8.508140;8.508400;8.505950;8.506540;0
20210302 071100;8.506540;8.507190;8.506120;8.506940;0
20210302 071200;8.506950;8.508420;8.506940;8.507840;0
20210302 071300;8.507960;8.508760;8.507430;8.507970;0
20210302 071400;8.507970;8.509850;8.507970;8.509370;0
20210302 071500;8.509480;8.510480;8.508680;8.510190;0
20210302 071600;8.510170;8.515540;8.509550;8.515150;0
20210302 071700;8.515260;8.516120;8.514570;8.514860;0
20210302 071800;8.514860;8.514860;8.511980;8.512690;0
20210302 071900;8.512690;8.513180;8.511890;8.513060;0
20210302 072000;8.513180;8.513190;8.511860;8.512750;0
20210302 072100;8.512760;8.515440;8.512410;8.515440;0
20210302 072200;8.515430;8.517390;8.514000;8.517090;0
20210302 072300;8.517170;8.518670;8.516660;8.517710;0
20210302 072400;8.517720;8.520410;8.517050;8.519920;0
20210302 072500;8.519920;8.520340;8.518370;8.520220;0
20210302 072600;8.520250;8.520260;8.518530;8.518700;0
20210302 072700;8.518780;8.518780;8.515540;8.517080;0
20210302 072800;8.517040;8.517740;8.515170;8.517680;0
20210302 072900;8.517680;8.518390;8.516200;8.516200;0
20210302 073000;8.516200;8.516940;8.514560;8.515750;0
20210302 073100;8.515750;8.515750;8.515140;8.515730;0
20210302 073200;8.516130;8.520120;8.516130;8.518400;0
20210302 073300;8.518400;8.518400;8.515540;8.515620;0
20210302 073400;8.515690;8.516280;8.514590;8.515750;0
20210302 073500;8.515820;8.518520;8.515820;8.516780;0
20210302 073600;8.516770;8.518210;8.515810;8.518060;0
20210302 073700;8.518160;8.518300;8.516210;8.516660;0
20210302 073800;8.516530;8.516730;8.514810;8.514830;0
20210302 073900;8.514830;8.514830;8.512730;8.512730;0
20210302 074000;8.512850;8.512850;8.510830;8.511550;0
20210302 074100;8.511580;8.513030;8.511340;8.512940;0
20210302 074200;8.512900;8.513360;8.510800;8.511350;0
20210302 074300;8.511350;8.513400;8.511350;8.511510;0
20210302 074400;8.511500;8.512000;8.510920;8.510920;0
20210302 074500;8.510920;8.512730;8.510920;8.512380;0
20210302 074600;8.512380;8.512380;8.511120;8.511550;0
20210302 074700;8.511550;8.512500;8.510810;8.511360;0
20210302 074800;8.511360;8.512730;8.510610;8.511360;0
20210302 074900;8.511360;8.512890;8.510080;8.512890;0
20210302 075000;8.512890;8.513840;8.511970;8.511970;0
20210302 075100;8.511870;8.512070;8.510580;8.511290;0
20210302 075200;8.511010;8.511360;8.510490;8.510600;0
20210302 075300;8.510600;8.510760;8.508770;8.509200;0
20210302 075400;8.509070;8.509590;8.505540;8.505540;0
20210302 075500;8.505570;8.506430;8.503870;8.503870;0
20210302 075600;8.503870;8.507080;8.503130;8.505230;0
20210302 075700;8.505240;8.512520;8.505000;8.512520;0
20210302 075800;8.512520;8.512890;8.510890;8.510890;0
20210302 075900;8.510890;8.512820;8.509720;8.509720;0
20210302 080000;8.509980;8.516200;8.509910;8.515000;0
20210302 080100;8.514950;8.519330;8.513210;8.517400;0
20210302 080200;8.517400;8.517620;8.513810;8.513970;0
20210302 080300;8.513960;8.521770;8.513830;8.520550;0
20210302 080400;8.520420;8.521470;8.519260;8.521450;0
20210302 080500;8.521460;8.521610;8.517150;8.518670;0
20210302 080600;8.518600;8.518690;8.514420;8.515520;0
20210302 080700;8.515720;8.520360;8.515260;8.520160;0
20210302 080800;8.520160;8.522050;8.519730;8.521820;0
20210302 080900;8.521840;8.526680;8.520280;8.526580;0
20210302 081000;8.526550;8.526550;8.522310;8.525310;0
20210302 081100;8.525310;8.526590;8.524650;8.526590;0
20210302 081200;8.526590;8.528990;8.525940;8.528180;0
20210302 081300;8.528180;8.529660;8.527140;8.528010;0
20210302 081400;8.528010;8.528240;8.525090;8.525850;0
20210302 081500;8.525850;8.527760;8.523410;8.523740;0
20210302 081600;8.523740;8.525140;8.522600;8.525140;0
20210302 081700;8.525080;8.525360;8.521130;8.521410;0
20210302 081800;8.521420;8.522770;8.519830;8.522420;0
20210302 081900;8.522350;8.523920;8.521960;8.523890;0
20210302 082000;8.524050;8.524950;8.522490;8.524270;0
20210302 082100;8.524430;8.527390;8.524120;8.527350;0
20210302 082200;8.527350;8.528750;8.527020;8.528270;0
20210302 082300;8.528210;8.528210;8.524050;8.524580;0
20210302 082400;8.524620;8.527170;8.524620;8.526210;0
20210302 082500;8.526190;8.527130;8.525400;8.526960;0
20210302 082600;8.526320;8.526320;8.524350;8.524640;0
20210302 082700;8.524550;8.524840;8.521980;8.521980;0
20210302 082800;8.521940;8.523630;8.521660;8.522000;0
20210302 082900;8.522000;8.522860;8.521560;8.522290;0
20210302 083000;8.522290;8.524320;8.522010;8.524220;0
20210302 083100;8.524220;8.524580;8.523980;8.524410;0
20210302 083200;8.524420;8.526450;8.524420;8.526190;0
20210302 083300;8.526380;8.532020;8.526380;8.531820;0
20210302 083400;8.531620;8.532110;8.529110;8.530640;0
20210302 083500;8.530510;8.532340;8.529550;8.531180;0
20210302 083600;8.531040;8.531040;8.526990;8.527240;0
20210302 083700;8.527430;8.528400;8.526340;8.526780;0
20210302 083800;8.526650;8.526780;8.524180;8.524540;0
20210302 083900;8.524330;8.525960;8.524300;8.525630;0
20210302 084000;8.525840;8.530900;8.525640;8.526030;0
20210302 084100;8.525930;8.528520;8.525490;8.528240;0
20210302 084200;8.528220;8.528220;8.525480;8.525480;0
20210302 084300;8.526090;8.526090;8.523000;8.523040;0
20210302 084400;8.522930;8.526310;8.522860;8.526110;0
20210302 084500;8.526230;8.527300;8.523600;8.526520;0
20210302 084600;8.526520;8.531660;8.526520;8.530340;0
20210302 084700;8.530050;8.531860;8.529030;8.529030;0
20210302 084800;8.529050;8.529050;8.525770;8.527120;0
20210302 084900;8.527050;8.530560;8.523060;8.523140;0
20210302 085000;8.523280;8.525120;8.522350;8.523000;0
20210302 085100;8.523080;8.523730;8.521350;8.522010;0
20210302 085200;8.522070;8.522620;8.514660;8.514670;0
20210302 085300;8.514810;8.518530;8.514750;8.518530;0
20210302 085400;8.518500;8.518590;8.515400;8.515890;0
20210302 085500;8.515730;8.522520;8.515450;8.522270;0
20210302 085600;8.522270;8.522940;8.520660;8.521320;0
20210302 085700;8.521250;8.524760;8.520990;8.521760;0
20210302 085800;8.521830;8.522550;8.517320;8.517370;0
20210302 085900;8.517400;8.520130;8.517400;8.519600;0
20210302 090000;8.519600;8.520700;8.518970;8.519410;0
20210302 090100;8.519410;8.519940;8.518600;8.519700;0
20210302 090200;8.519780;8.519850;8.515690;8.515810;0
20210302 090300;8.515650;8.516840;8.512620;8.512620;0
20210302 090400;8.512500;8.512510;8.509420;8.512190;0
20210302 090500;8.512200;8.517890;8.511420;8.517790;0
20210302 090600;8.516860;8.517010;8.513990;8.515590;0
20210302 090700;8.515590;8.515890;8.513650;8.514520;0
20210302 090800;8.514520;8.519850;8.514460;8.518220;0
20210302 090900;8.518380;8.519370;8.516820;8.517190;0
20210302 091000;8.517440;8.517440;8.513250;8.514230;0
20210302 091100;8.514170;8.517320;8.513630;8.516920;0
20210302 091200;8.516930;8.518890;8.515290;8.518180;0
20210302 091300;8.518190;8.519580;8.514690;8.514690;0
20210302 091400;8.514850;8.514850;8.512710;8.514160;0
20210302 091500;8.514120;8.514330;8.507920;8.508970;0
20210302 091600;8.508990;8.512370;8.508300;8.508300;0
20210302 091700;8.508540;8.509670;8.505730;8.506430;0
20210302 091800;8.506370;8.506420;8.503490;8.506180;0
20210302 091900;8.506190;8.508030;8.505940;8.506220;0
20210302 092000;8.506230;8.507370;8.504630;8.506000;0
20210302 092100;8.506140;8.506730;8.502010;8.504360;0
20210302 092200;8.504430;8.505520;8.502100;8.503880;0
20210302 092300;8.503880;8.503900;8.501080;8.501830;0
20210302 092400;8.501830;8.501830;8.497890;8.500250;0
20210302 092500;8.500420;8.505850;8.497590;8.505040;0
20210302 092600;8.505090;8.505520;8.503760;8.503960;0
20210302 092700;8.503870;8.504710;8.502600;8.504700;0
20210302 092800;8.504770;8.505680;8.500360;8.500830;0
20210302 092900;8.501070;8.501400;8.497820;8.498210;0
20210302 093000;8.498300;8.501760;8.493770;8.494720;0
20210302 093100;8.494750;8.499710;8.494630;8.497430;0
20210302 093200;8.497430;8.498330;8.491670;8.497340;0
20210302 093300;8.497440;8.500430;8.496830;8.500000;0
20210302 093400;8.500000;8.502630;8.497010;8.500040;0
20210302 093500;8.500040;8.503570;8.499780;8.501350;0
20210302 093600;8.501360;8.506110;8.501050;8.504070;0
20210302 093700;8.504070;8.508940;8.503350;8.508890;0
20210302 093800;8.508830;8.508830;8.503290;8.505860;0
20210302 093900;8.505850;8.509140;8.505250;8.508950;0
20210302 094000;8.508960;8.515870;8.508270;8.514920;0
20210302 094100;8.514920;8.520690;8.514920;8.518990;0
20210302 094200;8.519190;8.520300;8.518400;8.519980;0
20210302 094300;8.519830;8.524130;8.518830;8.522390;0
20210302 094400;8.522460;8.523310;8.516840;8.520190;0
20210302 094500;8.520220;8.523280;8.518760;8.521220;0
20210302 094600;8.521220;8.522530;8.516090;8.522530;0
20210302 094700;8.522460;8.526930;8.522460;8.526710;0
20210302 094800;8.526700;8.533690;8.525140;8.531450;0
20210302 094900;8.531590;8.533530;8.527930;8.531720;0
20210302 095000;8.531750;8.533050;8.530620;8.532310;0
20210302 095100;8.532400;8.535960;8.528000;8.528000;0
20210302 095200;8.527860;8.532610;8.527410;8.530370;0
20210302 095300;8.530750;8.533120;8.523170;8.523980;0
20210302 095400;8.523980;8.530160;8.523530;8.529600;0
20210302 095500;8.529530;8.531390;8.527070;8.530440;0
20210302 095600;8.530370;8.532550;8.530370;8.531340;0
20210302 095700;8.531170;8.531320;8.525720;8.527770;0
20210302 095800;8.527780;8.527990;8.520910;8.524800;0
20210302 095900;8.524800;8.524860;8.517310;8.519620;0
20210302 100000;8.519520;8.521780;8.518100;8.520150;0
20210302 100100;8.520150;8.520400;8.514940;8.520400;0
20210302 100200;8.520410;8.524430;8.518820;8.520910;0
20210302 100300;8.520950;8.521440;8.513320;8.513330;0
20210302 100400;8.513260;8.518610;8.513170;8.516630;0
20210302 100500;8.516560;8.518080;8.512700;8.516830;0
20210302 100600;8.517030;8.519290;8.514930;8.514930;0
20210302 100700;8.514910;8.516370;8.513460;8.515490;0
20210302 100800;8.515530;8.517400;8.512050;8.514250;0
20210302 100900;8.514150;8.515120;8.511450;8.512820;0
20210302 101000;8.512830;8.513320;8.508460;8.508780;0
20210302 101100;8.508840;8.519640;8.508790;8.518390;0
20210302 101200;8.518480;8.520620;8.517140;8.518660;0
20210302 101300;8.518660;8.521210;8.516230;8.516230;0
20210302 101400;8.516240;8.517440;8.513550;8.514530;0
20210302 101500;8.514530;8.516500;8.509130;8.512700;0
20210302 101600;8.512700;8.514560;8.512250;8.513960;0
20210302 101700;8.513950;8.513950;8.511560;8.511620;0
20210302 101800;8.511690;8.512820;8.511620;8.512610;0
20210302 101900;8.512610;8.512610;8.508100;8.510760;0
20210302 102000;8.511040;8.511820;8.506570;8.507730;0
20210302 102100;8.507720;8.509120;8.507660;8.508640;0
20210302 102200;8.508640;8.510560;8.508160;8.510560;0
20210302 102300;8.510620;8.512520;8.510330;8.510330;0
20210302 102400;8.510430;8.513550;8.510340;8.513550;0
20210302 102500;8.513520;8.514900;8.511850;8.514490;0
20210302 102600;8.514480;8.514610;8.508030;8.510600;0
20210302 102700;8.510600;8.514780;8.510600;8.514040;0
20210302 102800;8.513980;8.514000;8.511120;8.511750;0
20210302 102900;8.511800;8.519590;8.511740;8.516910;0
20210302 103000;8.517010;8.517180;8.509180;8.512520;0
20210302 103100;8.512530;8.515190;8.510580;8.512350;0
20210302 103200;8.512310;8.516370;8.512300;8.514000;0
20210302 103300;8.514070;8.517410;8.514070;8.516070;0
20210302 103400;8.516100;8.516460;8.512420;8.516460;0
20210302 103500;8.516460;8.520000;8.516120;8.518940;0
20210302 103600;8.518780;8.520240;8.516920;8.518640;0
20210302 103700;8.518660;8.520720;8.517520;8.519720;0
20210302 103800;8.519710;8.526770;8.519050;8.526770;0
20210302 103900;8.527160;8.529990;8.526050;8.529380;0
20210302 104000;8.529380;8.535570;8.527360;8.529440;0
20210302 104100;8.529420;8.529640;8.526920;8.527310;0
20210302 104200;8.527380;8.530510;8.527280;8.529720;0
20210302 104300;8.530140;8.531240;8.525870;8.526930;0
20210302 104400;8.526880;8.527580;8.524560;8.525670;0
20210302 104500;8.525630;8.533700;8.525630;8.532020;0
20210302 104600;8.532030;8.532030;8.523630;8.527750;0
20210302 104700;8.527700;8.527700;8.525410;8.526080;0
20210302 104800;8.526110;8.526110;8.516190;8.518390;0
20210302 104900;8.518650;8.518780;8.514110;8.514300;0
20210302 105000;8.514610;8.515830;8.511270;8.511730;0
20210302 105100;8.511730;8.514530;8.511730;8.512190;0
20210302 105200;8.512340;8.512520;8.509110;8.510830;0
20210302 105300;8.510860;8.511270;8.509710;8.511060;0
20210302 105400;8.511040;8.511040;8.507620;8.507920;0
20210302 105500;8.507920;8.507920;8.500570;8.500880;0
20210302 105600;8.500880;8.507200;8.500080;8.506800;0
20210302 105700;8.506800;8.506800;8.497200;8.501180;0
20210302 105800;8.501180;8.504530;8.500830;8.502790;0
20210302 105900;8.502760;8.503200;8.501270;8.501870;0
20210302 110000;8.501860;8.504140;8.499130;8.500560;0
20210302 110100;8.500670;8.505630;8.500020;8.505510;0
20210302 110200;8.505490;8.511510;8.505320;8.511450;0
20210302 110300;8.511450;8.515360;8.505430;8.505940;0
20210302 110400;8.505920;8.505920;8.497350;8.497560;0
20210302 110500;8.497560;8.499650;8.497110;8.497130;0
20210302 110600;8.497220;8.498530;8.495360;8.498080;0
20210302 110700;8.497930;8.500020;8.497860;8.500020;0
20210302 110800;8.500020;8.503410;8.499360;8.501900;0
20210302 110900;8.501900;8.501940;8.499540;8.500870;0
20210302 111000;8.500860;8.504310;8.499540;8.500360;0
20210302 111100;8.500420;8.504780;8.499270;8.499960;0
20210302 111200;8.500010;8.502470;8.500010;8.502470;0
20210302 111300;8.502490;8.504230;8.501750;8.503730;0
20210302 111400;8.503740;8.503750;8.499240;8.499710;0
20210302 111500;8.499790;8.503430;8.499660;8.501500;0
20210302 111600;8.501500;8.504770;8.499990;8.500820;0
20210302 111700;8.500720;8.501320;8.497030;8.498040;0
20210302 111800;8.498040;8.498430;8.496830;8.497260;0
20210302 111900;8.497220;8.498950;8.496570;8.496690;0
20210302 112000;8.496600;8.501430;8.496590;8.501260;0
20210302 112100;8.501260;8.505320;8.500460;8.505120;0
20210302 112200;8.505000;8.507680;8.503980;8.505700;0
20210302 112300;8.505640;8.507590;8.504750;8.505470;0
20210302 112400;8.505480;8.509000;8.505480;8.508570;0
20210302 112500;8.508690;8.512450;8.504490;8.510820;0
20210302 112600;8.510650;8.513030;8.504080;8.510520;0
20210302 112700;8.510520;8.512280;8.508790;8.509710;0
20210302 112800;8.509710;8.509720;8.503970;8.506600;0
20210302 112900;8.506610;8.507510;8.503210;8.505780;0
20210302 113000;8.505850;8.506020;8.494770;8.499900;0
20210302 113100;8.499830;8.500260;8.496600;8.496820;0
20210302 113200;8.496870;8.502510;8.496190;8.498890;0
20210302 113300;8.499000;8.499910;8.497680;8.498840;0
20210302 113400;8.498810;8.503360;8.498650;8.499960;0
20210302 113500;8.499930;8.501380;8.498580;8.501040;0
20210302 113600;8.501000;8.501000;8.498120;8.498280;0
20210302 113700;8.498270;8.500690;8.497790;8.499580;0
20210302 113800;8.499470;8.500270;8.498820;8.499070;0
20210302 113900;8.499060;8.499490;8.496080;8.498520;0
20210302 114000;8.498520;8.502040;8.495010;8.500990;0
20210302 114100;8.500990;8.500990;8.498160;8.498920;0
20210302 114200;8.498990;8.504330;8.498920;8.501390;0
20210302 114300;8.501390;8.502810;8.501270;8.501740;0
20210302 114400;8.501750;8.502690;8.500560;8.500700;0
20210302 114500;8.500670;8.501800;8.497720;8.497740;0
20210302 114600;8.497840;8.498130;8.496550;8.496620;0
20210302 114700;8.496770;8.500840;8.495760;8.500430;0
20210302 114800;8.500450;8.501320;8.494730;8.495050;0
20210302 114900;8.495020;8.495140;8.491780;8.491910;0
20210302 115000;8.491770;8.493100;8.491600;8.491730;0
20210302 115100;8.491520;8.491850;8.489440;8.489440;0
20210302 115200;8.489130;8.489300;8.487300;8.487760;0
20210302 115300;8.487890;8.488120;8.486550;8.487440;0
20210302 115400;8.487440;8.487980;8.486790;8.487980;0
20210302 115500;8.487970;8.487970;8.486120;8.486640;0
20210302 115600;8.486690;8.487410;8.485980;8.486630;0
20210302 115700;8.486630;8.486940;8.486300;8.486920;0
20210302 115800;8.486920;8.487440;8.486490;8.486910;0
20210302 115900;8.487010;8.487220;8.484540;8.486120;0
20210302 120000;8.486220;8.487760;8.485340;8.486840;0
20210302 120100;8.487110;8.488800;8.485690;8.487220;0
20210302 120200;8.487260;8.487420;8.485980;8.486220;0
20210302 120300;8.486140;8.486590;8.485850;8.486490;0
20210302 120400;8.486490;8.486490;8.483600;8.483650;0
20210302 120500;8.483950;8.483950;8.475030;8.475320;0
20210302 120600;8.475720;8.476630;8.473810;8.474670;0
20210302 120700;8.474620;8.475730;8.473490;8.474800;0
20210302 120800;8.474670;8.475620;8.474350;8.475410;0
20210302 120900;8.475150;8.476150;8.474930;8.475750;0
20210302 121000;8.475740;8.476770;8.475010;8.476510;0
20210302 121100;8.476420;8.478950;8.476260;8.478950;0
20210302 121200;8.479080;8.479660;8.478980;8.479330;0
20210302 121300;8.479330;8.479740;8.478620;8.479480;0
20210302 121400;8.479380;8.480320;8.479280;8.479890;0
20210302 121500;8.479890;8.479900;8.478440;8.478490;0
20210302 121600;8.478490;8.478490;8.474560;8.474960;0
20210302 121700;8.474930;8.475510;8.474770;8.474810;0
20210302 121800;8.474760;8.474760;8.473460;8.473610;0
20210302 121900;8.473650;8.474200;8.473340;8.473590;0
20210302 122000;8.473550;8.474200;8.472960;8.473920;0
20210302 122100;8.473890;8.474260;8.473600;8.474100;0
20210302 122200;8.474020;8.474780;8.473870;8.474480;0
20210302 122300;8.474490;8.474500;8.473580;8.474110;0
20210302 122400;8.473970;8.474330;8.473970;8.474080;0
20210302 122500;8.474040;8.474720;8.473810;8.474160;0
20210302 122600;8.474220;8.475840;8.473890;8.474440;0
20210302 122700;8.474490;8.474750;8.473350;8.473760;0
20210302 122800;8.473880;8.474030;8.472710;8.473300;0
20210302 122900;8.473300;8.473710;8.472950;8.473130;0
20210302 123000;8.473180;8.473380;8.472820;8.473190;0
20210302 123100;8.473190;8.473920;8.473180;8.473490;0
20210302 123200;8.473490;8.473530;8.472910;8.473420;0
20210302 123300;8.473350;8.473400;8.473000;8.473260;0
20210302 123400;8.473320;8.474070;8.473320;8.473770;0
20210302 123500;8.473640;8.473780;8.472540;8.472540;0
20210302 123600;8.472580;8.473020;8.469590;8.469660;0
20210302 123700;8.469610;8.470200;8.469580;8.470160;0
20210302 123800;8.470010;8.470370;8.468650;8.470070;0
20210302 123900;8.470200;8.470580;8.469780;8.470410;0
20210302 124000;8.470360;8.470360;8.468470;8.468470;0
20210302 124100;8.468490;8.469220;8.468430;8.469190;0
20210302 124200;8.469150;8.469620;8.468540;8.468570;0
20210302 124300;8.468720;8.470030;8.468570;8.469630;0
20210302 124400;8.469550;8.469550;8.468600;8.468970;0
20210302 124500;8.469030;8.469070;8.468380;8.468410;0
20210302 124600;8.468490;8.469720;8.468490;8.469120;0
20210302 124700;8.469220;8.471420;8.469220;8.470150;0
20210302 124800;8.470150;8.470360;8.469740;8.470040;0
20210302 124900;8.470050;8.471040;8.469780;8.470900;0
20210302 125000;8.470810;8.473420;8.470810;8.473160;0
20210302 125100;8.473150;8.473840;8.472780;8.473090;0
20210302 125200;8.473090;8.473090;8.471930;8.472090;0
20210302 125300;8.471930;8.471930;8.469300;8.471080;0
20210302 125400;8.470860;8.471560;8.470700;8.471160;0
20210302 125500;8.471160;8.471620;8.470550;8.471140;0
20210302 125600;8.471160;8.471160;8.469080;8.469530;0
20210302 125700;8.469630;8.471600;8.469630;8.471550;0
20210302 125800;8.471550;8.474290;8.471400;8.474210;0
20210302 125900;8.474130;8.477270;8.473860;8.476930;0
20210302 130000;8.476860;8.478240;8.473890;8.474720;0
20210302 130100;8.474700;8.475430;8.472080;8.472560;0
20210302 130200;8.472790;8.472870;8.470900;8.471980;0
20210302 130300;8.472160;8.472160;8.470510;8.471660;0
20210302 130400;8.471620;8.472520;8.471220;8.471500;0
20210302 130500;8.471530;8.471980;8.471110;8.471630;0
20210302 130600;8.471550;8.472150;8.471070;8.472150;0
20210302 130700;8.471740;8.471740;8.470210;8.471330;0
20210302 130800;8.471490;8.471530;8.469680;8.469800;0
20210302 130900;8.469740;8.470040;8.468600;8.468780;0
20210302 131000;8.468890;8.469180;8.468350;8.468400;0
20210302 131100;8.468330;8.468700;8.468250;8.468420;0
20210302 131200;8.468510;8.469490;8.468510;8.468990;0
20210302 131300;8.469080;8.469200;8.468440;8.468930;0
20210302 131400;8.468790;8.469430;8.468520;8.469430;0
20210302 131500;8.469450;8.469650;8.469100;8.469380;0
20210302 131600;8.469370;8.469370;8.468610;8.468750;0
20210302 131700;8.468730;8.468960;8.468540;8.468960;0
20210302 131800;8.469110;8.469330;8.468960;8.469090;0
20210302 131900;8.469120;8.470070;8.469090;8.470050;0
20210302 132000;8.470080;8.471890;8.470080;8.471630;0
20210302 132100;8.471640;8.472040;8.471210;8.471280;0
20210302 132200;8.471270;8.471700;8.470900;8.471660;0
20210302 132300;8.471670;8.472340;8.471490;8.472330;0
20210302 132400;8.472340;8.472550;8.471180;8.471180;0
20210302 132500;8.471110;8.471110;8.469060;8.469180;0
20210302 132600;8.469360;8.469900;8.469190;8.469190;0
20210302 132700;8.469220;8.469570;8.468730;8.468850;0
20210302 132800;8.468710;8.468710;8.467810;8.467880;0
20210302 132900;8.467940;8.469040;8.467740;8.468550;0
20210302 133000;8.468750;8.469020;8.463750;8.463890;0
20210302 133100;8.463770;8.463840;8.462990;8.463180;0
20210302 133200;8.463110;8.463400;8.462200;8.462600;0
20210302 133300;8.462640;8.463960;8.462500;8.463650;0
20210302 133400;8.463730;8.464040;8.463240;8.463470;0
20210302 133500;8.463460;8.463650;8.463210;8.463530;0
20210302 133600;8.463530;8.463780;8.463270;8.463780;0
20210302 133700;8.463780;8.464780;8.463540;8.464580;0
20210302 133800;8.464450;8.466830;8.464380;8.466700;0
20210302 133900;8.466720;8.466990;8.465600;8.465630;0
20210302 134000;8.465610;8.465610;8.464780;8.464970;0
20210302 134100;8.465100;8.465890;8.465100;8.465170;0
20210302 134200;8.465320;8.465850;8.464750;8.465570;0
20210302 134300;8.465710;8.465930;8.465110;8.465300;0
20210302 134400;8.465320;8.465390;8.464690;8.465230;0
20210302 134500;8.465110;8.465260;8.464850;8.465010;0
20210302 134600;8.464970;8.465690;8.464730;8.465650;0
20210302 134700;8.465650;8.465680;8.461630;8.462010;0
20210302 134800;8.461890;8.462530;8.461530;8.462260;0
20210302 134900;8.462110;8.462120;8.461690;8.461840;0
20210302 135000;8.461830;8.463350;8.461830;8.463210;0
20210302 135100;8.463130;8.463130;8.462550;8.462770;0
20210302 135200;8.462700;8.463110;8.462560;8.463110;0
20210302 135300;8.463040;8.468090;8.463040;8.466490;0
20210302 135400;8.466610;8.466840;8.465850;8.466030;0
20210302 135500;8.465960;8.466020;8.465400;8.465510;0
20210302 135600;8.465380;8.465540;8.465310;8.465350;0
20210302 135700;8.465290;8.465290;8.464660;8.465050;0
20210302 135800;8.464990;8.465760;8.461790;8.461850;0
20210302 135900;8.461860;8.466260;8.461720;8.466260;0
20210302 140000;8.466270;8.466830;8.465980;8.466310;0
20210302 140100;8.466350;8.466730;8.465740;8.465970;0
20210302 140200;8.466130;8.466530;8.464040;8.465210;0
20210302 140300;8.465320;8.466590;8.465190;8.466590;0
20210302 140400;8.466580;8.467350;8.466580;8.466900;0
20210302 140500;8.466890;8.467400;8.466750;8.467070;0
20210302 140600;8.467070;8.468610;8.467070;8.468530;0
20210302 140700;8.468530;8.468570;8.468190;8.468210;0
20210302 140800;8.468290;8.470190;8.467350;8.470020;0
20210302 140900;8.470020;8.471190;8.470020;8.470380;0
20210302 141000;8.470380;8.470860;8.470380;8.470680;0
20210302 141100;8.470680;8.471690;8.470670;8.471410;0
20210302 141200;8.471410;8.471410;8.470610;8.471220;0
20210302 141300;8.471230;8.472510;8.471230;8.472350;0
20210302 141400;8.472240;8.474690;8.472230;8.474690;0
20210302 141500;8.474690;8.474890;8.474350;8.474350;0
20210302 141600;8.474350;8.474770;8.474290;8.474770;0
20210302 141700;8.474760;8.475620;8.474670;8.475490;0
20210302 141800;8.475480;8.475630;8.474860;8.474860;0
20210302 141900;8.474860;8.475280;8.474830;8.474840;0
20210302 142000;8.474840;8.474840;8.473410;8.473410;0
20210302 142100;8.473410;8.473500;8.469360;8.469400;0
20210302 142200;8.469410;8.470920;8.469400;8.470480;0
20210302 142300;8.470450;8.471140;8.470150;8.470580;0
20210302 142400;8.470640;8.471280;8.470330;8.470630;0
20210302 142500;8.470680;8.473430;8.470680;8.473030;0
20210302 142600;8.473030;8.480450;8.473030;8.474680;0
20210302 142700;8.474390;8.475500;8.474270;8.475500;0
20210302 142800;8.475850;8.476580;8.475780;8.476580;0
20210302 142900;8.476640;8.478540;8.476630;8.478540;0
20210302 143000;8.478550;8.478550;8.477880;8.478220;0
20210302 143100;8.478150;8.478160;8.477890;8.477890;0
20210302 143200;8.477830;8.481270;8.477760;8.479660;0
20210302 143300;8.479810;8.480000;8.479370;8.479780;0
20210302 143400;8.479810;8.479810;8.477290;8.477330;0
20210302 143500;8.477280;8.479720;8.477050;8.479600;0
20210302 143600;8.479670;8.479830;8.479560;8.479720;0
20210302 143700;8.479840;8.480070;8.479840;8.480070;0
20210302 143800;8.480170;8.480330;8.478570;8.478720;0
20210302 143900;8.478520;8.478520;8.474180;8.475570;0
20210302 144000;8.475700;8.475900;8.475430;8.475620;0
20210302 144100;8.475610;8.476220;8.475460;8.475890;0
20210302 144200;8.475890;8.476830;8.475150;8.476830;0
20210302 144300;8.476920;8.478970;8.476920;8.478970;0
20210302 144400;8.478930;8.479060;8.477930;8.478190;0
20210302 144500;8.478190;8.478850;8.478010;8.478830;0
20210302 144600;8.478960;8.480140;8.478960;8.479680;0
20210302 144700;8.479690;8.480010;8.478780;8.479170;0
20210302 144800;8.479130;8.479130;8.475090;8.475090;0
20210302 144900;8.474420;8.475620;8.474100;8.474960;0
20210302 145000;8.475030;8.477360;8.474940;8.477360;0
20210302 145100;8.477380;8.477730;8.476930;8.477000;0
20210302 145200;8.477030;8.477100;8.472540;8.472540;0
20210302 145300;8.472700;8.473040;8.472270;8.472980;0
20210302 145400;8.472980;8.473150;8.471940;8.473150;0
20210302 145500;8.473240;8.473370;8.471980;8.472050;0
20210302 145600;8.472180;8.472240;8.470480;8.470660;0
20210302 145700;8.470580;8.471010;8.470580;8.470730;0
20210302 145800;8.470940;8.471380;8.470400;8.471380;0
20210302 145900;8.471380;8.476310;8.471310;8.476310;0
20210302 150000;8.476250;8.476330;8.472660;8.472770;0
20210302 150100;8.472760;8.472760;8.469760;8.470130;0
20210302 150200;8.470130;8.470130;8.467750;8.468150;0
20210302 150300;8.468250;8.468750;8.467580;8.468010;0
20210302 150400;8.467690;8.467890;8.466820;8.467160;0
20210302 150500;8.467310;8.467310;8.466830;8.466860;0
20210302 150600;8.466980;8.467100;8.465830;8.465980;0
20210302 150700;8.466000;8.466040;8.464640;8.464750;0
20210302 150800;8.464730;8.464850;8.464190;8.464270;0
20210302 150900;8.464350;8.464920;8.464350;8.464520;0
20210302 151000;8.464430;8.464710;8.464200;8.464570;0
20210302 151100;8.464640;8.464790;8.463560;8.463900;0
20210302 151200;8.463890;8.464800;8.463830;8.464730;0
20210302 151300;8.464810;8.465170;8.464560;8.465120;0
20210302 151400;8.465120;8.465490;8.465110;8.465430;0
20210302 151500;8.465570;8.465870;8.465570;8.465810;0
20210302 151600;8.465960;8.467130;8.465960;8.466740;0
20210302 151700;8.466700;8.467960;8.466490;8.467710;0
20210302 151800;8.467630;8.468470;8.467460;8.468310;0
20210302 151900;8.468310;8.468840;8.468130;8.468570;0
20210302 152000;8.468820;8.469160;8.468800;8.468800;0
20210302 152100;8.468900;8.468910;8.467520;8.467700;0
20210302 152200;8.467570;8.467920;8.467210;8.467440;0
20210302 152300;8.467520;8.467540;8.467110;8.467310;0
20210302 152400;8.467460;8.467770;8.467160;8.467160;0
20210302 152500;8.467080;8.467150;8.466800;8.466930;0
20210302 152600;8.466840;8.467020;8.466570;8.466860;0
20210302 152700;8.466810;8.466880;8.466000;8.466070;0
20210302 152800;8.466050;8.468970;8.465900;8.468680;0
20210302 152900;8.468600;8.468730;8.468390;8.468730;0
20210302 153000;8.468670;8.471380;8.468670;8.471230;0
20210302 153100;8.471080;8.471290;8.469100;8.469170;0
20210302 153200;8.469460;8.469460;8.468960;8.469160;0
20210302 153300;8.469240;8.469750;8.469140;8.469750;0
20210302 153400;8.469830;8.470080;8.469790;8.470080;0
20210302 153500;8.470050;8.470080;8.470050;8.470050;0
20210302 153600;8.470200;8.470200;8.469890;8.470030;0
20210302 153700;8.470080;8.471330;8.469930;8.470620;0
20210302 153800;8.470710;8.470710;8.470300;8.470620;0
20210302 153900;8.470610;8.471000;8.470610;8.470960;0
20210302 154000;8.470930;8.471860;8.470930;8.471640;0
20210302 154100;8.471620;8.471900;8.470690;8.470950;0
20210302 154200;8.470910;8.472200;8.470690;8.472020;0
20210302 154300;8.472220;8.472850;8.472050;8.472650;0
20210302 154400;8.472690;8.472940;8.472280;8.472280;0
20210302 154500;8.472340;8.472610;8.471640;8.471650;0
20210302 154600;8.471620;8.471830;8.471440;8.471630;0
20210302 154700;8.471600;8.471670;8.471090;8.471380;0
20210302 154800;8.471350;8.472280;8.471350;8.472210;0
20210302 154900;8.472200;8.472280;8.471460;8.471460;0
20210302 155000;8.471420;8.471880;8.471330;8.471750;0
20210302 155100;8.471780;8.471840;8.471360;8.471390;0
20210302 155200;8.471430;8.471430;8.471160;8.471240;0
20210302 155300;8.471320;8.472590;8.471290;8.472590;0
20210302 155400;8.472540;8.472820;8.472150;8.472740;0
20210302 155500;8.472740;8.473380;8.472540;8.473140;0
20210302 155600;8.473620;8.473650;8.472830;8.472830;0
20210302 155700;8.473270;8.473470;8.472710;8.472710;0
20210302 155800;8.472710;8.472720;8.465940;8.468950;0
20210302 155900;8.469000;8.475010;8.467910;8.475010;0
20210302 160000;8.475010;8.475010;8.473360;8.473980;0
20210302 160100;8.473830;8.474270;8.473320;8.474000;0
20210302 160200;8.474010;8.474530;8.474000;8.474330;0
20210302 160300;8.474330;8.474340;8.474330;8.474330;0
20210302 160400;8.474330;8.474340;8.474330;8.474340;0
20210302 160500;8.474330;8.475820;8.474130;8.474650;0
20210302 160600;8.474660;8.474720;8.474270;8.474270;0
20210302 160700;8.474390;8.474550;8.474310;8.474450;0
20210302 160800;8.474450;8.474770;8.474250;8.474710;0
20210302 160900;8.474640;8.475180;8.474600;8.475140;0
20210302 161000;8.475110;8.475420;8.475100;8.475270;0
20210302 161100;8.475270;8.475270;8.475080;8.475130;0
20210302 161200;8.475200;8.475200;8.475200;8.475200;0
20210302 161300;8.475210;8.475290;8.475050;8.475260;0
20210302 161400;8.475200;8.475400;8.475160;8.475310;0
20210302 161500;8.475410;8.475760;8.474920;8.474970;0
20210302 161600;8.475350;8.475350;8.474620;8.475030;0
20210302 161700;8.474990;8.474990;8.474050;8.474160;0
20210302 161800;8.474080;8.474160;8.472710;8.473950;0
20210302 161900;8.473950;8.477940;8.473950;8.477460;0
20210302 162000;8.477380;8.477420;8.475090;8.475160;0
20210302 162100;8.475120;8.475250;8.472900;8.473710;0
20210302 162200;8.473350;8.473580;8.472940;8.473320;0
20210302 162300;8.473360;8.473760;8.472970;8.473680;0
20210302 162400;8.473440;8.473940;8.472820;8.473830;0
20210302 162500;8.473820;8.474240;8.473420;8.474060;0
20210302 162600;8.473590;8.474770;8.473590;8.474760;0
20210302 162700;8.474760;8.475290;8.474620;8.475280;0
20210302 162800;8.475310;8.476130;8.475180;8.475380;0
20210302 162900;8.475380;8.475380;8.472620;8.472720;0
20210302 163000;8.472730;8.473450;8.472490;8.472490;0
20210302 163100;8.472530;8.472610;8.471840;8.472540;0
20210302 163200;8.472580;8.472880;8.472050;8.472880;0
20210302 163300;8.473100;8.473280;8.472790;8.473010;0
20210302 163400;8.473020;8.473120;8.472990;8.472990;0
20210302 163500;8.472940;8.473650;8.472940;8.473330;0
20210302 163600;8.473360;8.473560;8.473360;8.473510;0
20210302 163700;8.473620;8.474860;8.473620;8.474540;0
20210302 163800;8.474550;8.474590;8.474240;8.474590;0
20210302 163900;8.474620;8.474740;8.474560;8.474600;0
20210302 164000;8.474630;8.474630;8.474180;8.474200;0
20210302 164100;8.474230;8.474290;8.471470;8.472020;0
20210302 164200;8.473090;8.475380;8.470810;8.471200;0
20210302 164300;8.471110;8.471220;8.470770;8.471170;0
20210302 164400;8.471170;8.471650;8.470260;8.470380;0
20210302 164500;8.470330;8.471560;8.469900;8.471550;0
20210302 164600;8.471620;8.471720;8.470930;8.470930;0
20210302 164700;8.470850;8.471330;8.470270;8.470670;0
20210302 164800;8.470230;8.470930;8.469980;8.470720;0
20210302 164900;8.470890;8.471270;8.470520;8.471190;0
20210302 165000;8.471120;8.472320;8.470930;8.471330;0
20210302 165100;8.471420;8.472320;8.470530;8.470820;0
20210302 165200;8.470620;8.470920;8.470020;8.470320;0
20210302 165300;8.470220;8.470730;8.469450;8.469460;0
20210302 165400;8.469530;8.470530;8.469350;8.470520;0
20210302 165500;8.470720;8.471620;8.470020;8.470430;0
20210302 165600;8.470370;8.470930;8.470220;8.470820;0
20210302 165700;8.470720;8.471630;8.470620;8.471420;0
20210302 165800;8.471720;8.472120;8.468710;8.470220;0
20210302 165900;8.470420;8.470630;8.468620;8.468620;0
20210302 171000;8.456420;8.458520;8.456420;8.457920;0
20210302 171100;8.458120;8.458120;8.458120;8.458120;0
20210302 171200;8.458330;8.458330;8.458330;8.458330;0
20210302 171300;8.458320;8.458320;8.457330;8.457330;0
20210302 171400;8.457120;8.457120;8.457120;8.457120;0
20210302 171500;8.457060;8.457230;8.457060;8.457060;0
20210302 171600;8.457060;8.457060;8.457060;8.457060;0
20210302 171700;8.457070;8.457070;8.457070;8.457070;0
20210302 171800;8.457070;8.457070;8.457070;8.457070;0
20210302 172000;8.468830;8.468840;8.457930;8.468710;0
20210302 172200;8.468830;8.468830;8.468830;8.468830;0
20210302 172300;8.468830;8.468830;8.468710;8.468830;0
20210302 172400;8.468830;8.468830;8.464930;8.468830;0
20210302 172500;8.468830;8.468830;8.464040;8.468830;0
20210302 172600;8.468830;8.468830;8.468710;8.468830;0
20210302 172700;8.465120;8.468720;8.464130;8.468710;0
20210302 172800;8.468710;8.468840;8.468710;8.468840;0
20210302 172900;8.468830;8.468830;8.466960;8.468710;0
20210302 173000;8.468830;8.469210;8.468710;8.468710;0
20210302 173100;8.460940;8.468710;8.460940;8.468710;0
20210302 173200;8.468810;8.468950;8.468810;8.468810;0
20210302 173300;8.468810;8.469220;8.468810;8.468810;0
20210302 173400;8.468810;8.469210;8.468810;8.469210;0
20210302 173500;8.469210;8.469220;8.469210;8.469210;0
20210302 173600;8.468810;8.468950;8.459100;8.468950;0
20210302 173700;8.468950;8.468960;8.466950;8.467940;0
20210302 173800;8.467940;8.468960;8.463510;8.468950;0
20210302 173900;8.468950;8.468960;8.464350;8.464550;0
20210302 174000;8.464320;8.464550;8.463160;8.463550;0
20210302 174100;8.463780;8.464350;8.463780;8.463850;0
20210302 174200;8.464890;8.464890;8.464870;8.464870;0
20210302 174300;8.468950;8.468950;8.466960;8.466960;0
20210302 174400;8.468950;8.468960;8.466950;8.468950;0
20210302 174500;8.468950;8.468960;8.461560;8.466950;0
20210302 174600;8.466950;8.468950;8.460020;8.460120;0
20210302 174700;8.460790;8.465210;8.460790;8.465210;0
20210302 174800;8.465460;8.465460;8.459840;8.464400;0
20210302 174900;8.464070;8.465750;8.464070;8.465400;0
20210302 175000;8.465610;8.467650;8.462570;8.467430;0
20210302 175100;8.466990;8.467690;8.466990;8.467230;0
20210302 175200;8.467010;8.468190;8.467010;8.468190;0
20210302 175300;8.468190;8.468190;8.467020;8.467020;0
20210302 175400;8.467290;8.468120;8.467290;8.467520;0
20210302 175500;8.467730;8.468150;8.467730;8.468150;0
20210302 175700;8.468150;8.468160;8.468150;8.468150;0
20210302 175800;8.468150;8.468600;8.466810;8.468230;0
20210302 175900;8.468350;8.468950;8.461320;8.466450;0
20210302 180000;8.464200;8.472820;8.460920;8.472820;0
20210302 180100;8.472470;8.477520;8.472350;8.475220;0
20210302 180200;8.474830;8.475230;8.453700;8.465330;0
20210302 180300;8.465320;8.468220;8.465310;8.467820;0
20210302 180400;8.467920;8.468830;8.467820;8.468730;0
20210302 180500;8.468820;8.469530;8.467520;8.468920;0
20210302 180600;8.468820;8.471120;8.468720;8.470030;0
20210302 180700;8.470130;8.470520;8.468120;8.469320;0
20210302 180800;8.469230;8.470820;8.469220;8.470020;0
20210302 180900;8.469920;8.471430;8.469920;8.470720;0
20210302 181000;8.470530;8.471220;8.470120;8.470620;0
20210302 181100;8.470820;8.471920;8.469490;8.470820;0
20210302 181200;8.470920;8.471720;8.469850;8.471120;0
20210302 181300;8.471220;8.471520;8.470620;8.471220;0
20210302 181400;8.471220;8.471720;8.470820;8.471130;0
20210302 181500;8.471130;8.472120;8.470020;8.470920;0
20210302 181600;8.471610;8.472680;8.471610;8.472110;0
20210302 181700;8.472740;8.473210;8.472060;8.473060;0
20210302 181800;8.473150;8.473230;8.472360;8.473230;0
20210302 181900;8.473170;8.474240;8.472690;8.474240;0
20210302 182000;8.474200;8.475420;8.474200;8.474610;0
20210302 182100;8.474560;8.476000;8.474160;8.475360;0
20210302 182200;8.475350;8.475590;8.470700;8.471490;0
20210302 182300;8.471510;8.472150;8.471420;8.471950;0
20210302 182400;8.471950;8.472590;8.471190;8.471950;0
20210302 182500;8.471960;8.473400;8.471870;8.472430;0
20210302 182600;8.473060;8.473560;8.471280;8.472320;0
20210302 182700;8.472360;8.473690;8.471570;8.472930;0
20210302 182800;8.473020;8.474110;8.472830;8.473310;0
20210302 182900;8.473960;8.474230;8.472790;8.473550;0
20210302 183000;8.473550;8.473730;8.472790;8.472830;0
20210302 183100;8.472870;8.473730;8.472510;8.472990;0
20210302 183200;8.472940;8.474380;8.472940;8.474270;0
20210302 183300;8.474320;8.475630;8.473940;8.474010;0
20210302 183400;8.474010;8.474460;8.472730;8.474020;0
20210302 183500;8.473980;8.473990;8.472760;8.473090;0
20210302 183600;8.472980;8.473080;8.471460;8.471520;0
20210302 183700;8.472580;8.473810;8.471830;8.473550;0
20210302 183800;8.473550;8.473750;8.469550;8.471130;0
20210302 183900;8.471130;8.473760;8.471130;8.473760;0
20210302 184000;8.473690;8.473690;8.471040;8.471250;0
20210302 184100;8.471250;8.471370;8.469530;8.470140;0
20210302 184200;8.470190;8.470830;8.470190;8.470730;0
20210302 184300;8.470580;8.471200;8.470370;8.470490;0
20210302 184400;8.470420;8.471550;8.470300;8.471040;0
20210302 184500;8.470990;8.471890;8.470720;8.471480;0
20210302 184600;8.471710;8.471710;8.470980;8.471530;0
20210302 184700;8.471580;8.472010;8.471280;8.471770;0
20210302 184800;8.471760;8.472140;8.470800;8.471230;0
20210302 184900;8.471230;8.473590;8.471230;8.471640;0
20210302 185000;8.471650;8.473260;8.471640;8.472410;0
20210302 185100;8.472290;8.472700;8.471710;8.472680;0
20210302 185200;8.472630;8.474510;8.472630;8.473870;0
20210302 185300;8.474570;8.474810;8.472370;8.472410;0
20210302 185400;8.472420;8.473250;8.471660;8.471750;0
20210302 185500;8.471830;8.473470;8.471330;8.471750;0
20210302 185600;8.471690;8.472950;8.471690;8.472850;0
20210302 185700;8.472800;8.473420;8.471750;8.472630;0
20210302 185800;8.472690;8.473220;8.472200;8.472660;0
20210302 185900;8.472680;8.473650;8.472150;8.472260;0
20210302 190000;8.471520;8.473830;8.471520;8.473240;0
20210302 190100;8.473560;8.474650;8.473150;8.474250;0
20210302 190200;8.474330;8.474620;8.472350;8.472530;0
20210302 190300;8.473590;8.474220;8.472280;8.473690;0
20210302 190400;8.474270;8.474270;8.471680;8.473120;0
20210302 190500;8.473030;8.474510;8.472570;8.474470;0
20210302 190600;8.474430;8.474920;8.472600;8.472910;0
20210302 190700;8.472750;8.473540;8.470930;8.471450;0
20210302 190800;8.472140;8.473600;8.471590;8.473600;0
20210302 190900;8.473860;8.473860;8.471220;8.472520;0
20210302 191000;8.472460;8.476820;8.472460;8.476050;0
20210302 191100;8.476050;8.477020;8.475700;8.476140;0
20210302 191200;8.476140;8.476150;8.469890;8.472510;0
20210302 191300;8.472620;8.472620;8.470890;8.471370;0
20210302 191400;8.471290;8.471950;8.468790;8.468790;0
20210302 191500;8.468790;8.469930;8.468320;8.469630;0
20210302 191600;8.469520;8.470130;8.468620;8.469420;0
20210302 191700;8.469020;8.470620;8.468500;8.470390;0
20210302 191800;8.470350;8.470570;8.468910;8.470220;0
20210302 191900;8.470330;8.470820;8.469400;8.470630;0
20210302 192000;8.470720;8.470820;8.469310;8.469710;0
20210302 192100;8.470220;8.470920;8.469210;8.469240;0
20210302 192200;8.470020;8.471820;8.469020;8.471820;0
20210302 192300;8.471720;8.471930;8.470020;8.470060;0
20210302 192400;8.469250;8.471590;8.469040;8.469790;0
20210302 192500;8.469830;8.470750;8.469030;8.469470;0
20210302 192600;8.469520;8.471330;8.469450;8.470210;0
20210302 192700;8.470210;8.472620;8.469620;8.471300;0
20210302 192800;8.470670;8.472120;8.469800;8.469800;0
20210302 192900;8.469910;8.471420;8.469650;8.470830;0
20210302 193000;8.470710;8.470710;8.469030;8.470340;0
20210302 193100;8.470250;8.470430;8.469220;8.469980;0
20210302 193200;8.469970;8.472420;8.469030;8.469450;0
20210302 193300;8.469450;8.471820;8.469030;8.469730;0
20210302 193400;8.469620;8.471030;8.468910;8.470540;0
20210302 193500;8.470600;8.471420;8.469130;8.470320;0
20210302 193600;8.470430;8.471280;8.469040;8.469620;0
20210302 193700;8.469730;8.471560;8.469180;8.470820;0
20210302 193800;8.471020;8.471320;8.469030;8.469330;0
20210302 193900;8.469320;8.469930;8.469030;8.469670;0
20210302 194000;8.469670;8.471920;8.469670;8.471820;0
20210302 194100;8.471820;8.471990;8.470140;8.470140;0
20210302 194200;8.470150;8.472720;8.469880;8.470540;0
20210302 194300;8.471270;8.471590;8.469580;8.470800;0
20210302 194400;8.470100;8.471680;8.469040;8.469810;0
20210302 194500;8.469770;8.470520;8.469030;8.469930;0
20210302 194600;8.469970;8.470920;8.469890;8.469910;0
20210302 194700;8.469550;8.471720;8.469260;8.471330;0
20210302 194800;8.471270;8.471290;8.469810;8.470440;0
20210302 194900;8.470480;8.471310;8.469490;8.470570;0
20210302 195000;8.470570;8.472320;8.470020;8.472210;0
20210302 195100;8.472370;8.472920;8.472190;8.472200;0
20210302 195200;8.472140;8.472480;8.469580;8.470720;0
20210302 195300;8.470020;8.472020;8.469770;8.471550;0
20210302 195400;8.471690;8.471700;8.470440;8.470620;0
20210302 195500;8.470660;8.473120;8.469900;8.471010;0
20210302 195600;8.470960;8.472920;8.470290;8.471240;0
20210302 195700;8.471190;8.472620;8.470910;8.472120;0
20210302 195800;8.471910;8.471920;8.470620;8.471920;0
20210302 195900;8.471820;8.472630;8.469920;8.470920;0
20210302 200000;8.471320;8.473620;8.470620;8.471320;0
20210302 200100;8.471520;8.472520;8.469550;8.471120;0
20210302 200200;8.471220;8.471920;8.469040;8.470520;0
20210302 200300;8.470420;8.472520;8.470230;8.472320;0
20210302 200400;8.472320;8.472320;8.469470;8.470080;0
20210302 200500;8.470080;8.472220;8.469150;8.469580;0
20210302 200600;8.469540;8.470120;8.468910;8.469030;0
20210302 200700;8.469030;8.469970;8.469030;8.469920;0
20210302 200800;8.469920;8.470620;8.469560;8.469920;0
20210302 200900;8.470020;8.471830;8.469700;8.470040;0
20210302 201000;8.470040;8.472120;8.469830;8.471230;0
20210302 201100;8.471030;8.471320;8.469030;8.469920;0
20210302 201200;8.469820;8.470920;8.469230;8.470820;0
20210302 201300;8.470920;8.471120;8.469350;8.470520;0
20210302 201400;8.470620;8.471220;8.469030;8.469520;0
20210302 201500;8.469620;8.470030;8.469030;8.469420;0
20210302 201600;8.469120;8.470000;8.469030;8.469520;0
20210302 201700;8.469620;8.470120;8.469030;8.469100;0
20210302 201800;8.469050;8.470130;8.469030;8.469250;0
20210302 201900;8.469250;8.470330;8.468990;8.469470;0
20210302 202000;8.469470;8.469980;8.469030;8.469580;0
20210302 202100;8.469530;8.470820;8.469050;8.469600;0
20210302 202200;8.469590;8.470720;8.469030;8.469320;0
20210302 202300;8.469260;8.469590;8.469030;8.469230;0
20210302 202400;8.469210;8.469800;8.463760;8.463950;0
20210302 202500;8.463950;8.465120;8.463580;8.464810;0
20210302 202600;8.464750;8.467320;8.464750;8.465450;0
20210302 202700;8.465500;8.466930;8.464820;8.466350;0
20210302 202800;8.466750;8.467820;8.464620;8.465340;0
20210302 202900;8.465390;8.467530;8.465360;8.465930;0
20210302 203000;8.466630;8.469970;8.465440;8.465480;0
20210302 203100;8.465620;8.468830;8.465430;8.467020;0
20210302 203200;8.466950;8.468920;8.466790;8.467230;0
20210302 203300;8.467230;8.468030;8.465340;8.465480;0
20210302 203400;8.465280;8.468210;8.464930;8.466220;0
20210302 203500;8.466310;8.468520;8.466140;8.467020;0
20210302 203600;8.467000;8.470430;8.466280;8.466320;0
20210302 203700;8.466280;8.468120;8.465860;8.466220;0
20210302 203800;8.466220;8.466320;8.464430;8.465260;0
20210302 203900;8.465170;8.466140;8.464290;8.464290;0
20210302 204000;8.464150;8.464730;8.463840;8.464480;0
20210302 204100;8.464750;8.464970;8.464370;8.464880;0
20210302 204200;8.464830;8.465820;8.464620;8.465090;0
20210302 204300;8.465140;8.466920;8.465080;8.466620;0
20210302 204400;8.466830;8.466830;8.465920;8.466140;0
20210302 204500;8.466090;8.466890;8.465760;8.465920;0
20210302 204600;8.465890;8.466530;8.464920;8.465320;0
20210302 204700;8.465220;8.466730;8.465220;8.465750;0
20210302 204800;8.465700;8.466520;8.465490;8.465830;0
20210302 204900;8.465830;8.466120;8.464730;8.465360;0
20210302 205000;8.465360;8.467330;8.465130;8.465730;0
20210302 205100;8.465720;8.467420;8.465380;8.466630;0
20210302 205200;8.466630;8.467220;8.465270;8.465270;0
20210302 205300;8.465280;8.466280;8.464610;8.465220;0
20210302 205400;8.465410;8.465950;8.464190;8.465530;0
20210302 205500;8.465630;8.466120;8.464720;8.465330;0
20210302 205600;8.465340;8.465960;8.463630;8.464220;0
20210302 205700;8.464230;8.465720;8.463630;8.464920;0
20210302 205800;8.464920;8.465430;8.464030;8.464480;0
20210302 205900;8.464470;8.464830;8.463690;8.464730;0
20210302 210000;8.464730;8.465030;8.462970;8.464220;0
20210302 210100;8.464330;8.466420;8.463640;8.466030;0
20210302 210200;8.465720;8.465920;8.464310;8.464320;0
20210302 210300;8.464420;8.466320;8.464120;8.466320;0
20210302 210400;8.466360;8.466630;8.463650;8.464460;0
20210302 210500;8.464380;8.464380;8.463640;8.463840;0
20210302 210600;8.463840;8.466690;8.463790;8.466640;0
20210302 210700;8.466640;8.467930;8.466540;8.467930;0
20210302 210800;8.467880;8.469220;8.467740;8.468160;0
20210302 210900;8.468200;8.469730;8.468200;8.469650;0
20210302 211000;8.469650;8.470660;8.469350;8.470250;0
20210302 211100;8.470250;8.471820;8.470250;8.471100;0
20210302 211200;8.470750;8.472420;8.470750;8.471030;0
20210302 211300;8.470990;8.471650;8.470600;8.471090;0
20210302 211400;8.471420;8.471430;8.470590;8.470650;0
20210302 211500;8.470650;8.471780;8.470360;8.471150;0
20210302 211600;8.471190;8.471420;8.470810;8.471330;0
20210302 211700;8.471390;8.471390;8.470250;8.470780;0
20210302 211800;8.470760;8.470870;8.469140;8.469570;0
20210302 211900;8.469620;8.469780;8.467660;8.469180;0
20210302 212000;8.468830;8.469250;8.468830;8.469160;0
20210302 212100;8.468850;8.468970;8.467890;8.468390;0
20210302 212200;8.468390;8.468510;8.467640;8.468340;0
20210302 212300;8.468340;8.468640;8.466720;8.468390;0
20210302 212400;8.468760;8.470220;8.468760;8.469250;0
20210302 212500;8.469280;8.470130;8.468970;8.469790;0
20210302 212600;8.469820;8.470520;8.469820;8.470360;0
20210302 212700;8.470140;8.471020;8.470140;8.470550;0
20210302 212800;8.470430;8.471720;8.470420;8.470950;0
20210302 212900;8.470950;8.472320;8.470950;8.471450;0
20210302 213000;8.471450;8.471920;8.470710;8.471530;0
20210302 213100;8.471540;8.471920;8.471390;8.471860;0
20210302 213200;8.471820;8.471820;8.470890;8.471020;0
20210302 213300;8.471140;8.471620;8.470890;8.471520;0
20210302 213400;8.471620;8.472530;8.471330;8.471750;0
20210302 213500;8.471750;8.472720;8.471240;8.471310;0
20210302 213600;8.471350;8.472070;8.471120;8.471680;0
20210302 213700;8.471670;8.471680;8.470960;8.471170;0
20210302 213800;8.471090;8.471170;8.470070;8.470490;0
20210302 213900;8.470490;8.470960;8.470410;8.470960;0
20210302 214000;8.470740;8.471040;8.470220;8.470220;0
20210302 214100;8.470370;8.470700;8.470300;8.470700;0
20210302 214200;8.470700;8.471240;8.468190;8.468440;0
20210302 214300;8.468500;8.470160;8.468440;8.469860;0
20210302 214400;8.469850;8.472650;8.469850;8.472330;0
20210302 214500;8.472330;8.473130;8.471830;8.472150;0
20210302 214600;8.472360;8.472720;8.469450;8.469930;0
20210302 214700;8.469450;8.470680;8.467950;8.468450;0
20210302 214800;8.468650;8.469820;8.468280;8.469440;0
20210302 214900;8.469440;8.470360;8.469230;8.470250;0
20210302 215000;8.470050;8.470720;8.468460;8.469170;0
20210302 215100;8.469180;8.470360;8.468910;8.469250;0
20210302 215200;8.469250;8.472320;8.469250;8.471860;0
20210302 215300;8.472050;8.472130;8.471460;8.471630;0
20210302 215400;8.471570;8.472020;8.471410;8.471410;0
20210302 215500;8.471410;8.471630;8.470290;8.470670;0
20210302 215600;8.470480;8.470480;8.469570;8.469570;0
20210302 215700;8.469670;8.472020;8.469620;8.471720;0
20210302 215800;8.471620;8.472230;8.471520;8.471720;0
20210302 215900;8.471730;8.472120;8.471060;8.471720;0
20210302 220000;8.471820;8.472620;8.471290;8.471620;0
20210302 220100;8.471620;8.472240;8.471620;8.471710;0
20210302 220200;8.471710;8.472190;8.471710;8.471910;0
20210302 220300;8.472080;8.472340;8.472080;8.472120;0
20210302 220400;8.472110;8.472120;8.471540;8.471540;0
20210302 220500;8.471540;8.471590;8.470530;8.470720;0
20210302 220600;8.470720;8.471360;8.470540;8.471360;0
20210302 220700;8.471360;8.471830;8.471270;8.471760;0
20210302 220800;8.471760;8.471850;8.470910;8.471120;0
20210302 220900;8.471120;8.472280;8.471120;8.472280;0
20210302 221000;8.472270;8.472270;8.469590;8.469730;0
20210302 221100;8.469740;8.470290;8.469430;8.469850;0
20210302 221200;8.470170;8.470760;8.465930;8.466280;0
20210302 221300;8.466670;8.466790;8.466130;8.466780;0
20210302 221400;8.466780;8.469070;8.466350;8.468580;0
20210302 221500;8.468560;8.470090;8.468410;8.469480;0
20210302 221600;8.469480;8.469480;8.465970;8.467290;0
20210302 221700;8.466760;8.467930;8.466760;8.467370;0
20210302 221800;8.467770;8.470230;8.466990;8.469900;0
20210302 221900;8.469890;8.469900;8.469500;8.469630;0
20210302 222000;8.469630;8.469650;8.467120;8.467810;0
20210302 222100;8.467860;8.467860;8.467570;8.467700;0
20210302 222200;8.467760;8.470020;8.467610;8.469520;0
20210302 222300;8.469420;8.470220;8.469250;8.470020;0
20210302 222400;8.469920;8.469920;8.467850;8.468830;0
20210302 222500;8.468830;8.469120;8.468350;8.469100;0
20210302 222600;8.469040;8.469220;8.467950;8.468400;0
20210302 222700;8.468410;8.469010;8.468290;8.468760;0
20210302 222800;8.468760;8.469530;8.468760;8.468930;0
20210302 222900;8.468930;8.469360;8.468860;8.469180;0
20210302 223000;8.469170;8.469220;8.468490;8.469210;0
20210302 223100;8.469420;8.469840;8.469220;8.469790;0
20210302 223200;8.469820;8.471520;8.469240;8.469240;0
20210302 223300;8.469330;8.470620;8.469330;8.470200;0
20210302 223400;8.470360;8.471250;8.469920;8.471120;0
20210302 223500;8.471250;8.472120;8.470800;8.470800;0
20210302 223600;8.470790;8.472420;8.470790;8.471450;0
20210302 223700;8.471450;8.472020;8.471320;8.471850;0
20210302 223800;8.471850;8.471950;8.471040;8.471640;0
20210302 223900;8.471640;8.471780;8.471200;8.471770;0
20210302 224000;8.471930;8.472070;8.471640;8.471920;0
20210302 224100;8.471880;8.472260;8.471290;8.471440;0
20210302 224200;8.471210;8.472040;8.471030;8.472040;0
20210302 224300;8.472050;8.472050;8.471200;8.471830;0
20210302 224400;8.471880;8.472820;8.471310;8.471890;0
20210302 224500;8.472400;8.472650;8.471760;8.471860;0
20210302 224600;8.471900;8.472530;8.471620;8.471620;0
20210302 224700;8.471620;8.472410;8.471620;8.472410;0
20210302 224800;8.472400;8.473270;8.472400;8.472870;0
20210302 224900;8.472870;8.473310;8.472510;8.473140;0
20210302 225000;8.473140;8.473220;8.471800;8.471800;0
20210302 225100;8.472130;8.472220;8.470350;8.470350;0
20210302 225200;8.470170;8.470800;8.470050;8.470450;0
20210302 225300;8.470400;8.470710;8.469060;8.469060;0
20210302 225400;8.469060;8.470590;8.469060;8.470450;0
20210302 225500;8.470400;8.470960;8.470330;8.470390;0
20210302 225600;8.470390;8.470390;8.470390;8.470390;0
20210302 225700;8.470330;8.470750;8.470180;8.470700;0
20210302 225800;8.470750;8.471590;8.470180;8.471150;0
20210302 225900;8.471050;8.472010;8.471050;8.471750;0
20210302 230000;8.471560;8.472920;8.471560;8.472260;0
20210302 230100;8.472240;8.473320;8.472150;8.472440;0
20210302 230200;8.472360;8.473320;8.471040;8.471040;0
20210302 230300;8.470990;8.471720;8.470550;8.471120;0
20210302 230400;8.470930;8.471020;8.469710;8.470190;0
20210302 230500;8.469990;8.470820;8.469620;8.469620;0
20210302 230600;8.469910;8.470920;8.469360;8.470620;0
20210302 230700;8.470720;8.471120;8.470080;8.470620;0
20210302 230800;8.470520;8.470520;8.468860;8.468860;0
20210302 230900;8.468860;8.469530;8.468860;8.469220;0
20210302 231000;8.469320;8.469470;8.469130;8.469170;0
20210302 231100;8.469220;8.469940;8.469180;8.469880;0
20210302 231200;8.469830;8.470920;8.469830;8.470270;0
20210302 231300;8.470270;8.470520;8.470140;8.470420;0
20210302 231400;8.470320;8.470520;8.469520;8.469790;0
20210302 231500;8.469720;8.469720;8.469180;8.469670;0
20210302 231600;8.469670;8.469730;8.468640;8.468640;0
20210302 231700;8.468680;8.469480;8.468680;8.469480;0
20210302 231800;8.469400;8.469420;8.467990;8.468000;0
20210302 231900;8.467990;8.468480;8.467910;8.468330;0
20210302 232000;8.467910;8.470630;8.467910;8.470450;0
20210302 232100;8.470250;8.471550;8.470150;8.470950;0
20210302 232200;8.470440;8.470960;8.469050;8.469580;0
20210302 232300;8.469720;8.470530;8.469580;8.470020;0
20210302 232400;8.470050;8.471020;8.469750;8.470330;0
20210302 232500;8.470250;8.470830;8.469740;8.470320;0
20210302 232600;8.470220;8.470420;8.469620;8.469620;0
20210302 232700;8.469630;8.470120;8.469120;8.469120;0
20210302 232800;8.469020;8.469920;8.469020;8.469320;0
20210302 232900;8.469320;8.470520;8.469310;8.469820;0
20210302 233000;8.469720;8.470420;8.469640;8.470020;0
20210302 233100;8.470220;8.470660;8.469320;8.469330;0
20210302 233200;8.469120;8.470030;8.468360;8.468400;0
20210302 233300;8.468400;8.468630;8.467730;8.467780;0
20210302 233400;8.467770;8.468120;8.467520;8.468020;0
20210302 233500;8.468000;8.468220;8.467580;8.467580;0
20210302 233600;8.467290;8.468020;8.467250;8.467520;0
20210302 233700;8.467620;8.467920;8.467110;8.467520;0
20210302 233800;8.467620;8.468930;8.467440;8.468820;0
20210302 233900;8.468920;8.468920;8.467720;8.468920;0
20210302 234000;8.468820;8.469120;8.468150;8.468620;0
20210302 234100;8.468520;8.468720;8.468050;8.468620;0
20210302 234200;8.468620;8.469920;8.468420;8.469530;0
20210302 234300;8.469430;8.469630;8.467800;8.468250;0
20210302 234400;8.468720;8.468820;8.467810;8.468250;0
20210302 234500;8.468250;8.469320;8.468250;8.469150;0
20210302 234600;8.469820;8.469820;8.468750;8.468750;0
20210302 234700;8.469220;8.469720;8.469120;8.469260;0
20210302 234800;8.470030;8.470120;8.469120;8.469460;0
20210302 234900;8.469820;8.469920;8.468530;8.468530;0
20210302 235000;8.468950;8.469420;8.468760;8.468920;0
20210302 235100;8.469520;8.469620;8.468720;8.468950;0
20210302 235200;8.468820;8.470530;8.468820;8.469060;0
20210302 235300;8.469260;8.470020;8.469050;8.469550;0
20210302 235400;8.469420;8.469420;8.467980;8.467980;0
20210302 235500;8.468100;8.469220;8.468100;8.468950;0
20210302 235600;8.469050;8.469620;8.468420;8.468760;0
20210302 235700;8.468530;8.469220;8.468530;8.468540;0
20210302 235800;8.468250;8.468430;8.467930;8.467930;0
20210302 235900;8.468070;8.469320;8.468070;8.468550;0
20210303 000000;8.468550;8.469720;8.468550;8.469080;0
20210303 000100;8.469020;8.469120;8.468120;8.468190;0
20210303 000200;8.468330;8.469420;8.468330;8.468690;0
20210303 000300;8.468690;8.469360;8.468680;8.469260;0
20210303 000400;8.469260;8.469270;8.468430;8.469120;0
20210303 000500;8.469120;8.469120;8.468520;8.468820;0
20210303 000600;8.468610;8.470120;8.468300;8.469620;0
20210303 000700;8.469620;8.470020;8.469420;8.469720;0
20210303 000800;8.469720;8.470420;8.469210;8.470120;0
20210303 000900;8.470020;8.470120;8.469220;8.469430;0
20210303 001000;8.469530;8.469930;8.468950;8.469430;0
20210303 001100;8.469220;8.469530;8.469220;8.469220;0
20210303 001200;8.469130;8.469220;8.468820;8.468820;0
20210303 001300;8.468780;8.468780;8.468000;8.468290;0
20210303 001400;8.468290;8.468340;8.467570;8.467980;0
20210303 001500;8.467980;8.468340;8.467720;8.468220;0
20210303 001600;8.468120;8.468820;8.467760;8.468620;0
20210303 001700;8.468430;8.469420;8.468400;8.469070;0
20210303 001800;8.469070;8.469330;8.468690;8.469320;0
20210303 001900;8.469220;8.469220;8.468120;8.468520;0
20210303 002000;8.468620;8.468790;8.468330;8.468720;0
20210303 002100;8.468820;8.469330;8.467880;8.469020;0
20210303 002200;8.468820;8.468830;8.468120;8.468820;0
20210303 002300;8.468920;8.469780;8.468620;8.469730;0
20210303 002400;8.469630;8.470230;8.469420;8.470230;0
20210303 002500;8.470520;8.470920;8.470420;8.470720;0
20210303 002600;8.470820;8.471120;8.470630;8.471020;0
20210303 002700;8.471420;8.471920;8.471020;8.471820;0
20210303 002800;8.471720;8.472120;8.471120;8.472120;0
20210303 002900;8.472020;8.472530;8.471530;8.472420;0
20210303 003000;8.472130;8.472930;8.471620;8.472220;0
20210303 003100;8.472120;8.472620;8.471720;8.472520;0
20210303 003200;8.472630;8.472930;8.471620;8.471620;0
20210303 003300;8.471720;8.472420;8.471120;8.472220;0
20210303 003400;8.472320;8.473120;8.471420;8.473020;0
20210303 003500;8.473190;8.473620;8.470940;8.471220;0
20210303 003600;8.471420;8.471720;8.471030;8.471290;0
20210303 003700;8.471290;8.471400;8.471030;8.471330;0
20210303 003800;8.471290;8.472180;8.471240;8.472120;0
20210303 003900;8.472080;8.473080;8.471920;8.472430;0
20210303 004000;8.472420;8.472730;8.471730;8.472320;0
20210303 004100;8.472290;8.472290;8.471030;8.471040;0
20210303 004200;8.471080;8.471720;8.471040;8.471330;0
20210303 004300;8.471270;8.472230;8.469410;8.469870;0
20210303 004400;8.470190;8.472220;8.470190;8.471720;0
20210303 004500;8.471830;8.473020;8.471620;8.472630;0
20210303 004600;8.472620;8.472860;8.469320;8.471020;0
20210303 004700;8.471020;8.472330;8.470980;8.471820;0
20210303 004800;8.471720;8.471730;8.470640;8.471330;0
20210303 004900;8.471420;8.471420;8.470320;8.470830;0
20210303 005000;8.470830;8.470980;8.470360;8.470830;0
20210303 005100;8.470820;8.471950;8.470820;8.471080;0
20210303 005200;8.471120;8.471850;8.471020;8.471220;0
20210303 005300;8.471120;8.471630;8.470660;8.471520;0
20210303 005400;8.471530;8.471930;8.471020;8.471530;0
20210303 005500;8.471320;8.472440;8.471000;8.471630;0
20210303 005600;8.471720;8.472580;8.471420;8.472480;0
20210303 005700;8.472920;8.473500;8.472240;8.472620;0
20210303 005800;8.472530;8.472590;8.471370;8.471370;0
20210303 005900;8.471320;8.472040;8.471060;8.471870;0
20210303 010000;8.471770;8.472000;8.470980;8.471380;0
20210303 010100;8.471340;8.472090;8.471340;8.471920;0
20210303 010200;8.472020;8.472230;8.471920;8.472060;0
20210303 010300;8.471820;8.473130;8.471420;8.472920;0
20210303 010400;8.472820;8.473930;8.472480;8.473930;0
20210303 010500;8.473830;8.473830;8.473120;8.473120;0
20210303 010600;8.473230;8.473590;8.472920;8.473320;0
20210303 010700;8.473620;8.474230;8.472720;8.473720;0
20210303 010800;8.473830;8.475920;8.473830;8.474980;0
20210303 010900;8.475120;8.475320;8.474020;8.474820;0
20210303 011000;8.474820;8.475730;8.473990;8.475320;0
20210303 011100;8.475220;8.476290;8.474620;8.475520;0
20210303 011200;8.475520;8.475520;8.474620;8.474620;0
20210303 011300;8.474780;8.475120;8.474390;8.474820;0
20210303 011400;8.475120;8.475120;8.474350;8.474420;0
20210303 011500;8.474620;8.474690;8.474110;8.474320;0
20210303 011600;8.474330;8.474920;8.474160;8.474200;0
20210303 011700;8.474200;8.474240;8.474200;8.474230;0
20210303 011800;8.474230;8.475320;8.474180;8.474600;0
20210303 011900;8.474610;8.474610;8.474170;8.474320;0
20210303 012000;8.474310;8.475270;8.474170;8.475060;0
20210303 012100;8.475060;8.475420;8.474200;8.474430;0
20210303 012200;8.474420;8.474420;8.472720;8.473450;0
20210303 012300;8.473650;8.474080;8.473050;8.473680;0
20210303 012400;8.473780;8.474420;8.473720;8.474420;0
20210303 012500;8.474640;8.474650;8.474350;8.474370;0
20210303 012600;8.474320;8.474520;8.473820;8.474520;0
20210303 012700;8.474030;8.474720;8.474030;8.474700;0
20210303 012800;8.474730;8.475240;8.474420;8.475230;0
20210303 012900;8.475230;8.476620;8.474480;8.475230;0
20210303 013000;8.475030;8.475030;8.473280;8.473430;0
20210303 013100;8.473440;8.474800;8.473330;8.474330;0
20210303 013200;8.474330;8.474330;8.473900;8.473900;0
20210303 013300;8.473900;8.474180;8.472890;8.472890;0
20210303 013400;8.472890;8.473240;8.472170;8.472530;0
20210303 013500;8.472630;8.473300;8.472070;8.472070;0
20210303 013600;8.472070;8.472780;8.472070;8.472770;0
20210303 013700;8.472770;8.472780;8.472560;8.472770;0
20210303 013800;8.472770;8.473060;8.472530;8.472530;0
20210303 013900;8.472530;8.472530;8.468840;8.469910;0
20210303 014000;8.469910;8.470330;8.469120;8.469320;0
20210303 014100;8.469130;8.469130;8.468320;8.468430;0
20210303 014200;8.468430;8.469320;8.468320;8.468850;0
20210303 014300;8.468850;8.468930;8.467490;8.467490;0
20210303 014400;8.467510;8.468520;8.467490;8.468520;0
20210303 014500;8.468420;8.468920;8.468020;8.468150;0
20210303 014600;8.468520;8.468830;8.468000;8.468000;0
20210303 014700;8.468000;8.468010;8.466240;8.466620;0
20210303 014800;8.466520;8.466820;8.465980;8.466060;0
20210303 014900;8.466000;8.466620;8.466000;8.466130;0
20210303 015000;8.466140;8.466220;8.464740;8.466020;0
20210303 015100;8.465920;8.466180;8.465160;8.465480;0
20210303 015200;8.465520;8.466520;8.465520;8.465520;0
20210303 015300;8.465530;8.466020;8.465320;8.465520;0
20210303 015400;8.465630;8.466780;8.465550;8.466780;0
20210303 015500;8.466720;8.466850;8.462920;8.463390;0
20210303 015600;8.463480;8.464230;8.462720;8.463770;0
20210303 015700;8.463890;8.463970;8.463410;8.463620;0
20210303 015800;8.463760;8.464130;8.463680;8.463740;0
20210303 015900;8.463900;8.465160;8.463900;8.464640;0
20210303 020000;8.465140;8.469020;8.464620;8.467120;0
20210303 020100;8.467220;8.468920;8.467220;8.468730;0
20210303 020200;8.468620;8.469630;8.466560;8.467420;0
20210303 020300;8.467630;8.469320;8.467320;8.468520;0
20210303 020400;8.468420;8.468630;8.466100;8.466130;0
20210303 020500;8.466090;8.467030;8.465120;8.466680;0
20210303 020600;8.466440;8.466440;8.461030;8.463050;0
20210303 020700;8.462950;8.465730;8.462720;8.462760;0
20210303 020800;8.462910;8.463050;8.459620;8.459640;0
20210303 020900;8.459780;8.460750;8.459780;8.460370;0
20210303 021000;8.460440;8.460440;8.455720;8.456420;0
20210303 021100;8.456420;8.460730;8.456320;8.460130;0
20210303 021200;8.460230;8.461320;8.455540;8.455560;0
20210303 021300;8.455620;8.461320;8.455620;8.460660;0
20210303 021400;8.460450;8.462440;8.460270;8.462140;0
20210303 021500;8.462280;8.462280;8.459740;8.460070;0
20210303 021600;8.460120;8.460700;8.455890;8.456080;0
20210303 021700;8.456080;8.456180;8.450000;8.450150;0
20210303 021800;8.450140;8.452620;8.450000;8.451170;0
20210303 021900;8.451170;8.451680;8.450100;8.451680;0
20210303 022000;8.451680;8.451920;8.450680;8.451630;0
20210303 022100;8.451540;8.454160;8.451540;8.453700;0
20210303 022200;8.453700;8.454020;8.451540;8.452160;0
20210303 022300;8.452050;8.452230;8.447630;8.448730;0
20210303 022400;8.448550;8.452120;8.448270;8.450920;0
20210303 022500;8.450930;8.452320;8.450740;8.450860;0
20210303 022600;8.450700;8.450700;8.445460;8.445460;0
20210303 022700;8.445590;8.446860;8.445590;8.446600;0
20210303 022800;8.446730;8.447120;8.446330;8.446920;0
20210303 022900;8.446890;8.446930;8.445530;8.446760;0
20210303 023000;8.446680;8.447860;8.446680;8.447030;0
20210303 023100;8.447030;8.448610;8.446700;8.447880;0
20210303 023200;8.448020;8.451950;8.447800;8.451290;0
20210303 023300;8.451150;8.453530;8.450560;8.451370;0
20210303 023400;8.451240;8.451470;8.448630;8.450700;0
20210303 023500;8.450710;8.451960;8.449940;8.449940;0
20210303 023600;8.449920;8.450250;8.448040;8.448100;0
20210303 023700;8.448090;8.448460;8.446860;8.446950;0
20210303 023800;8.447040;8.447070;8.445310;8.445790;0
20210303 023900;8.445850;8.445850;8.442520;8.443430;0
20210303 024000;8.443200;8.444770;8.441130;8.443390;0
20210303 024100;8.443510;8.444180;8.436770;8.438460;0
20210303 024200;8.438400;8.441120;8.437810;8.438460;0
20210303 024300;8.438320;8.441230;8.438280;8.440930;0
20210303 024400;8.441120;8.444630;8.441020;8.443820;0
20210303 024500;8.443880;8.444700;8.443540;8.443540;0
20210303 024600;8.443540;8.444670;8.442730;8.443510;0
20210303 024700;8.443510;8.448530;8.443510;8.447710;0
20210303 024800;8.447710;8.448450;8.446770;8.447820;0
20210303 024900;8.447820;8.450640;8.447450;8.450630;0
20210303 025000;8.450720;8.453920;8.450720;8.453920;0
20210303 025100;8.453910;8.455860;8.453730;8.455830;0
20210303 025200;8.455600;8.458430;8.453200;8.456030;0
20210303 025300;8.456220;8.457890;8.455370;8.457880;0
20210303 025400;8.457870;8.458100;8.456880;8.456880;0
20210303 025500;8.456880;8.457370;8.455010;8.455080;0
20210303 025600;8.455090;8.455510;8.452610;8.452610;0
20210303 025700;8.452610;8.453610;8.451810;8.451960;0
20210303 025800;8.451960;8.456740;8.451960;8.456730;0
20210303 025900;8.456730;8.459360;8.454700;8.458850;0
20210303 030000;8.458720;8.459920;8.456860;8.458930;0
20210303 030100;8.459080;8.465160;8.458890;8.465060;0
20210303 030200;8.465060;8.465440;8.464000;8.464370;0
20210303 030300;8.464370;8.467700;8.463390;8.466980;0
20210303 030400;8.466980;8.468570;8.466560;8.468330;0
20210303 030500;8.468170;8.469910;8.467300;8.467460;0
20210303 030600;8.467360;8.468580;8.466890;8.468580;0
20210303 030700;8.468540;8.468630;8.467450;8.468570;0
20210303 030800;8.468640;8.469640;8.467210;8.468300;0
20210303 030900;8.468300;8.468310;8.462200;8.462420;0
20210303 031000;8.462410;8.463480;8.461170;8.462010;0
20210303 031100;8.462160;8.462960;8.459750;8.459810;0
20210303 031200;8.459820;8.460990;8.458840;8.460300;0
20210303 031300;8.460250;8.461630;8.459090;8.460960;0
20210303 031400;8.460950;8.463310;8.460950;8.463250;0
20210303 031500;8.463330;8.464550;8.461000;8.461000;0
20210303 031600;8.460970;8.462370;8.460570;8.460660;0
20210303 031700;8.460660;8.462020;8.459530;8.461500;0
20210303 031800;8.461540;8.464310;8.461490;8.463900;0
20210303 031900;8.463720;8.465810;8.463720;8.465080;0
20210303 032000;8.465130;8.465270;8.462900;8.463540;0
20210303 032100;8.463540;8.466670;8.463040;8.466600;0
20210303 032200;8.466730;8.467470;8.465880;8.466920;0
20210303 032300;8.466960;8.470120;8.466960;8.469720;0
20210303 032400;8.469820;8.470770;8.469720;8.470100;0
20210303 032500;8.470190;8.470700;8.467470;8.467470;0
20210303 032600;8.467380;8.469000;8.467240;8.467580;0
20210303 032700;8.467590;8.467590;8.465980;8.466340;0
20210303 032800;8.466360;8.471300;8.466360;8.470620;0
20210303 032900;8.470620;8.470620;8.467110;8.467490;0
20210303 033000;8.467420;8.467670;8.462840;8.462840;0
20210303 033100;8.462840;8.463130;8.462080;8.463100;0
20210303 033200;8.463100;8.463370;8.461340;8.462200;0
20210303 033300;8.462160;8.465000;8.462010;8.464860;0
20210303 033400;8.464890;8.471910;8.464620;8.471640;0
20210303 033500;8.471680;8.473810;8.471680;8.473510;0
20210303 033600;8.473450;8.478560;8.473400;8.477440;0
20210303 033700;8.477480;8.483970;8.477470;8.482390;0
20210303 033800;8.482390;8.484020;8.480660;8.484020;0
20210303 033900;8.484020;8.484130;8.476500;8.476650;0
20210303 034000;8.476690;8.477150;8.474860;8.476750;0
20210303 034100;8.476810;8.477050;8.475830;8.476270;0
20210303 034200;8.476360;8.478170;8.475990;8.477890;0
20210303 034300;8.477790;8.478110;8.476120;8.478110;0
20210303 034400;8.478150;8.479110;8.478000;8.478800;0
20210303 034500;8.478860;8.479580;8.478550;8.478730;0
20210303 034600;8.478780;8.478930;8.474720;8.474960;0
20210303 034700;8.474970;8.475120;8.468090;8.468700;0
20210303 034800;8.468650;8.468830;8.467200;8.467650;0
20210303 034900;8.467600;8.471820;8.467160;8.470760;0
20210303 035000;8.470990;8.472650;8.469610;8.472430;0
20210303 035100;8.472430;8.472690;8.471940;8.472170;0
20210303 035200;8.472120;8.472360;8.471130;8.471210;0
20210303 035300;8.471210;8.472150;8.471090;8.471760;0
20210303 035400;8.471760;8.472100;8.469870;8.470110;0
20210303 035500;8.470130;8.470590;8.467380;8.470400;0
20210303 035600;8.470540;8.477190;8.470530;8.476700;0
20210303 035700;8.476690;8.481620;8.476690;8.481210;0
20210303 035800;8.481210;8.485690;8.481010;8.485690;0
20210303 035900;8.485690;8.486890;8.485320;8.485440;0
20210303 040000;8.485460;8.486000;8.483970;8.484320;0
20210303 040100;8.484460;8.484760;8.483260;8.483870;0
20210303 040200;8.483760;8.485480;8.483690;8.484280;0
20210303 040300;8.484290;8.486210;8.484200;8.484480;0
20210303 040400;8.484790;8.485340;8.482340;8.482780;0
20210303 040500;8.482780;8.483090;8.481100;8.481170;0
20210303 040600;8.481080;8.481080;8.474650;8.475150;0
20210303 040700;8.475110;8.475330;8.470060;8.470340;0
20210303 040800;8.470630;8.474510;8.470630;8.474040;0
20210303 040900;8.474040;8.474380;8.471590;8.472490;0
20210303 041000;8.472320;8.474270;8.472260;8.474210;0
20210303 041100;8.474210;8.475000;8.469790;8.471200;0
20210303 041200;8.471220;8.471220;8.465580;8.465960;0
20210303 041300;8.465940;8.467460;8.465710;8.467350;0
20210303 041400;8.467450;8.468070;8.465080;8.465420;0
20210303 041500;8.465470;8.465930;8.461480;8.461480;0
20210303 041600;8.461410;8.463840;8.461410;8.462120;0
20210303 041700;8.462190;8.463030;8.461830;8.462000;0
20210303 041800;8.462000;8.463620;8.460950;8.462920;0
20210303 041900;8.462920;8.466230;8.462640;8.466020;0
20210303 042000;8.466120;8.469290;8.465850;8.468530;0
20210303 042100;8.468770;8.471470;8.468770;8.469740;0
20210303 042200;8.469680;8.471450;8.469680;8.471170;0
20210303 042300;8.471050;8.471120;8.469120;8.469120;0
20210303 042400;8.469220;8.469560;8.466080;8.467020;0
20210303 042500;8.467120;8.467920;8.466250;8.467790;0
20210303 042600;8.467910;8.471800;8.467630;8.470110;0
20210303 042700;8.469920;8.470320;8.469220;8.469420;0
20210303 042800;8.469320;8.470190;8.468620;8.469050;0
20210303 042900;8.469060;8.469060;8.467430;8.467890;0
20210303 043000;8.467930;8.467990;8.466640;8.467560;0
20210303 043100;8.467600;8.469330;8.465910;8.465910;0
20210303 043200;8.466100;8.466130;8.459110;8.460200;0
20210303 043300;8.460190;8.462030;8.459980;8.461460;0
20210303 043400;8.461310;8.461310;8.448330;8.450180;0
20210303 043500;8.449840;8.455560;8.445600;8.445740;0
20210303 043600;8.445740;8.457180;8.445240;8.456140;0
20210303 043700;8.456140;8.456720;8.452940;8.454920;0
20210303 043800;8.455020;8.462160;8.454600;8.458940;0
20210303 043900;8.458720;8.458720;8.452570;8.452860;0
20210303 044000;8.452960;8.455760;8.446310;8.446730;0
20210303 044100;8.446530;8.451290;8.444390;8.445870;0
20210303 044200;8.445940;8.447640;8.441510;8.446650;0
20210303 044300;8.446530;8.448110;8.441530;8.441650;0
20210303 044400;8.441650;8.443930;8.438880;8.442730;0
20210303 044500;8.442730;8.449210;8.439560;8.443520;0
20210303 044600;8.443620;8.445840;8.442620;8.444810;0
20210303 044700;8.444680;8.444700;8.439600;8.439760;0
20210303 044800;8.439760;8.440170;8.436040;8.436250;0
20210303 044900;8.436330;8.436360;8.435540;8.435920;0
20210303 045000;8.435850;8.443210;8.435810;8.442620;0
20210303 045100;8.442520;8.443230;8.440990;8.441060;0
20210303 045200;8.440920;8.444520;8.440440;8.444430;0
20210303 045300;8.444250;8.446560;8.442540;8.443520;0
20210303 045400;8.443620;8.444910;8.441000;8.441960;0
20210303 045500;8.442080;8.442230;8.438880;8.440890;0
20210303 045600;8.440970;8.441630;8.439880;8.440120;0
20210303 045700;8.440090;8.442390;8.439950;8.442320;0
20210303 045800;8.442280;8.444040;8.442280;8.443440;0
20210303 045900;8.443440;8.445510;8.443240;8.444890;0
20210303 050000;8.444880;8.446500;8.443490;8.446110;0
20210303 050100;8.446240;8.449860;8.445580;8.449510;0
20210303 050200;8.449420;8.451960;8.449030;8.451780;0
20210303 050300;8.451770;8.452120;8.450380;8.450490;0
20210303 050400;8.450670;8.451270;8.449400;8.451050;0
20210303 050500;8.451130;8.451700;8.450240;8.450520;0
20210303 050600;8.450460;8.455500;8.450070;8.454650;0
20210303 050700;8.454650;8.455180;8.451940;8.452220;0
20210303 050800;8.452330;8.457190;8.452330;8.456450;0
20210303 050900;8.456490;8.460060;8.456240;8.459230;0
20210303 051000;8.459600;8.459600;8.458010;8.458750;0
20210303 051100;8.458610;8.458610;8.456030;8.456030;0
20210303 051200;8.456160;8.456520;8.453730;8.453730;0
20210303 051300;8.453570;8.453950;8.450410;8.452200;0
20210303 051400;8.452200;8.454980;8.450800;8.454350;0
20210303 051500;8.454420;8.458300;8.454420;8.458090;0
20210303 051600;8.458080;8.459100;8.456970;8.458430;0
20210303 051700;8.458420;8.458520;8.455380;8.455380;0
20210303 051800;8.455370;8.455370;8.452620;8.453460;0
20210303 051900;8.453150;8.453150;8.449360;8.451130;0
20210303 052000;8.451130;8.451180;8.448300;8.448300;0
20210303 052100;8.448200;8.448340;8.446680;8.447990;0
20210303 052200;8.447890;8.450790;8.447370;8.450530;0
20210303 052300;8.450520;8.450580;8.448700;8.448700;0
20210303 052400;8.448750;8.452290;8.446950;8.452170;0
20210303 052500;8.452200;8.454740;8.451040;8.451060;0
20210303 052600;8.451060;8.451070;8.448520;8.449140;0
20210303 052700;8.449100;8.451090;8.448970;8.450360;0
20210303 052800;8.450360;8.450990;8.449110;8.450990;0
20210303 052900;8.450930;8.450930;8.446110;8.446780;0
20210303 053000;8.446490;8.450720;8.446440;8.448130;0
20210303 053100;8.448130;8.449860;8.447710;8.449620;0
20210303 053200;8.449670;8.451430;8.448500;8.451420;0
20210303 053300;8.451430;8.452120;8.448020;8.448920;0
20210303 053400;8.449020;8.450820;8.448220;8.450680;0
20210303 053500;8.450540;8.454080;8.450410;8.453860;0
20210303 053600;8.453960;8.459990;8.453000;8.457620;0
20210303 053700;8.457620;8.460870;8.457120;8.460000;0
20210303 053800;8.460000;8.460000;8.451700;8.457870;0
20210303 053900;8.457860;8.458910;8.454700;8.457870;0
20210303 054000;8.457870;8.459890;8.457240;8.458700;0
20210303 054100;8.458630;8.460750;8.458210;8.460750;0
20210303 054200;8.460790;8.460790;8.456230;8.457530;0
20210303 054300;8.457530;8.459800;8.456040;8.456250;0
20210303 054400;8.456240;8.459570;8.456180;8.459570;0
20210303 054500;8.459160;8.460000;8.455130;8.458120;0
20210303 054600;8.458140;8.459730;8.455310;8.456340;0
20210303 054700;8.456340;8.456920;8.455670;8.456200;0
20210303 054800;8.456340;8.456450;8.451120;8.451950;0
20210303 054900;8.451950;8.453940;8.450090;8.453940;0
20210303 055000;8.453940;8.454080;8.448530;8.450280;0
20210303 055100;8.450380;8.451540;8.448900;8.449270;0
20210303 055200;8.449250;8.450030;8.448160;8.449280;0
20210303 055300;8.449360;8.450150;8.446370;8.446370;0
20210303 055400;8.446430;8.452950;8.445350;8.452950;0
20210303 055500;8.452940;8.453030;8.448940;8.450640;0
20210303 055600;8.450580;8.454270;8.450240;8.452180;0
20210303 055700;8.452180;8.452180;8.450100;8.451980;0
20210303 055800;8.451930;8.452380;8.449190;8.451330;0
20210303 055900;8.451330;8.454290;8.451330;8.453250;0
20210303 060000;8.453190;8.456210;8.452560;8.456150;0
20210303 060100;8.456210;8.458730;8.455840;8.457730;0
20210303 060200;8.457740;8.462220;8.457630;8.462020;0
20210303 060300;8.462020;8.462100;8.456980;8.457400;0
20210303 060400;8.457490;8.458720;8.455010;8.455400;0
20210303 060500;8.455400;8.456070;8.450220;8.455910;0
20210303 060600;8.455910;8.457930;8.454510;8.456210;0
20210303 060700;8.456260;8.458340;8.454870;8.456020;0
20210303 060800;8.456020;8.456400;8.454800;8.456390;0
20210303 060900;8.456390;8.459710;8.456130;8.459640;0
20210303 061000;8.459640;8.459840;8.456650;8.459520;0
20210303 061100;8.459530;8.462760;8.459110;8.462760;0
20210303 061200;8.462760;8.462770;8.460760;8.462170;0
20210303 061300;8.462100;8.462740;8.456190;8.456310;0
20210303 061400;8.456380;8.456830;8.455430;8.455430;0
20210303 061500;8.455390;8.455790;8.452980;8.453450;0
20210303 061600;8.453420;8.453990;8.452640;8.453050;0
20210303 061700;8.453090;8.455320;8.452710;8.455110;0
20210303 061800;8.454900;8.456170;8.454820;8.455830;0
20210303 061900;8.455740;8.455760;8.454330;8.454860;0
20210303 062000;8.454880;8.455030;8.450250;8.451120;0
20210303 062100;8.451220;8.452140;8.450240;8.450400;0
20210303 062200;8.450400;8.452710;8.450400;8.452710;0
20210303 062300;8.452720;8.453380;8.451600;8.452850;0
20210303 062400;8.452850;8.455150;8.452700;8.454820;0
20210303 062500;8.454810;8.458400;8.451090;8.451170;0
20210303 062600;8.451130;8.452890;8.450140;8.450140;0
20210303 062700;8.450140;8.452790;8.449930;8.452770;0
20210303 062800;8.452890;8.457860;8.452740;8.457570;0
20210303 062900;8.457570;8.461850;8.455580;8.460540;0
20210303 063000;8.460540;8.460560;8.454790;8.456430;0
20210303 063100;8.456410;8.458400;8.456200;8.458400;0
20210303 063200;8.458400;8.458700;8.457050;8.458650;0
20210303 063300;8.458610;8.461410;8.457480;8.460860;0
20210303 063400;8.460720;8.462040;8.460710;8.461360;0
20210303 063500;8.461440;8.461600;8.457680;8.457990;0
20210303 063600;8.457960;8.458690;8.456400;8.458620;0
20210303 063700;8.458760;8.465630;8.458660;8.462210;0
20210303 063800;8.462250;8.464690;8.461910;8.463320;0
20210303 063900;8.463360;8.468720;8.462030;8.468140;0
20210303 064000;8.468080;8.469860;8.463540;8.467940;0
20210303 064100;8.467940;8.472800;8.467510;8.472140;0
20210303 064200;8.472140;8.474770;8.469360;8.473920;0
20210303 064300;8.473920;8.477350;8.472870;8.474390;0
20210303 064400;8.474440;8.475860;8.474420;8.475030;0
20210303 064500;8.475010;8.477290;8.470660;8.476330;0
20210303 064600;8.476330;8.482320;8.476200;8.480280;0
20210303 064700;8.480280;8.480280;8.477050;8.478040;0
20210303 064800;8.478030;8.484780;8.477680;8.484000;0
20210303 064900;8.484100;8.484590;8.482720;8.484580;0
20210303 065000;8.484570;8.486400;8.481600;8.485560;0
20210303 065100;8.485450;8.489800;8.485320;8.488100;0
20210303 065200;8.487550;8.488000;8.479160;8.479160;0
20210303 065300;8.479160;8.484410;8.478910;8.484280;0
20210303 065400;8.484290;8.489330;8.483690;8.489210;0
20210303 065500;8.489120;8.489150;8.480270;8.481260;0
20210303 065600;8.481320;8.483220;8.479990;8.480030;0
20210303 065700;8.480030;8.481710;8.479550;8.479550;0
20210303 065800;8.479790;8.480840;8.479480;8.480250;0
20210303 065900;8.480300;8.480720;8.479200;8.479350;0
20210303 070000;8.479310;8.485720;8.479200;8.485520;0
20210303 070100;8.485620;8.485730;8.480820;8.482560;0
20210303 070200;8.482720;8.484270;8.479430;8.479510;0
20210303 070300;8.479540;8.480520;8.479310;8.480330;0
20210303 070400;8.480420;8.484070;8.479200;8.483750;0
20210303 070500;8.483750;8.484570;8.482350;8.484570;0
20210303 070600;8.484660;8.485700;8.482370;8.482590;0
20210303 070700;8.482590;8.484100;8.479850;8.482280;0
20210303 070800;8.482360;8.484420;8.482070;8.484320;0
20210303 070900;8.484330;8.485440;8.484140;8.485020;0
20210303 071000;8.485090;8.485600;8.484710;8.484760;0
20210303 071100;8.484760;8.485130;8.480660;8.480660;0
20210303 071200;8.480660;8.480660;8.479630;8.479870;0
20210303 071300;8.479730;8.483890;8.479670;8.483760;0
20210303 071400;8.483880;8.483880;8.480000;8.481260;0
20210303 071500;8.481250;8.481400;8.480100;8.480420;0
20210303 071600;8.480240;8.480500;8.478520;8.479000;0
20210303 071700;8.479040;8.480700;8.479000;8.479960;0
20210303 071800;8.479960;8.480640;8.479720;8.480500;0
20210303 071900;8.480510;8.480690;8.480130;8.480220;0
20210303 072000;8.480340;8.481630;8.480260;8.481400;0
20210303 072100;8.481390;8.481610;8.479580;8.479580;0
20210303 072200;8.479580;8.480920;8.478790;8.480720;0
20210303 072300;8.480590;8.483430;8.480590;8.482020;0
20210303 072400;8.481890;8.486370;8.480480;8.484820;0
20210303 072500;8.484830;8.484900;8.481100;8.483670;0
20210303 072600;8.483670;8.487490;8.483670;8.485300;0
20210303 072700;8.485300;8.487560;8.484760;8.485520;0
20210303 072800;8.485600;8.487500;8.484250;8.485640;0
20210303 072900;8.485700;8.488980;8.485700;8.486520;0
20210303 073000;8.486340;8.487350;8.485840;8.487270;0
20210303 073100;8.487140;8.487160;8.486690;8.486780;0
20210303 073200;8.486740;8.488670;8.486740;8.488670;0
20210303 073300;8.488680;8.489630;8.487140;8.488000;0
20210303 073400;8.488560;8.491400;8.488560;8.489800;0
20210303 073500;8.489880;8.490130;8.486320;8.486320;0
20210303 073600;8.486420;8.488710;8.486330;8.488480;0
20210303 073700;8.488620;8.489030;8.487730;8.488470;0
20210303 073800;8.488630;8.492100;8.488510;8.491300;0
20210303 073900;8.491090;8.491650;8.487780;8.488310;0
20210303 074000;8.488380;8.488700;8.486580;8.486720;0
20210303 074100;8.486690;8.487850;8.483620;8.485720;0
20210303 074200;8.485760;8.488400;8.485760;8.486990;0
20210303 074300;8.486990;8.487740;8.485180;8.485390;0
20210303 074400;8.485330;8.485660;8.483950;8.484710;0
20210303 074500;8.484720;8.485400;8.484720;8.485290;0
20210303 074600;8.485270;8.487230;8.485190;8.486830;0
20210303 074700;8.486810;8.486920;8.486240;8.486300;0
20210303 074800;8.486340;8.486340;8.483120;8.483720;0
20210303 074900;8.483540;8.485230;8.482920;8.485020;0
20210303 075000;8.485020;8.487800;8.485020;8.487500;0
20210303 075100;8.487500;8.487980;8.484520;8.484780;0
20210303 075200;8.484910;8.485110;8.482930;8.482930;0
20210303 075300;8.482930;8.484780;8.482520;8.484780;0
20210303 075400;8.484780;8.488350;8.484490;8.486930;0
20210303 075500;8.486820;8.487620;8.485090;8.485100;0
20210303 075600;8.485120;8.487180;8.484700;8.487100;0
20210303 075700;8.487140;8.487970;8.485660;8.487130;0
20210303 075800;8.487140;8.487170;8.482130;8.485420;0
20210303 075900;8.485260;8.487850;8.485240;8.486370;0
20210303 080000;8.486260;8.490340;8.486010;8.488990;0
20210303 080100;8.489090;8.492570;8.488500;8.488900;0
20210303 080200;8.488900;8.497540;8.488640;8.496560;0
20210303 080300;8.496560;8.496560;8.490390;8.493640;0
20210303 080400;8.493630;8.496100;8.492030;8.492360;0
20210303 080500;8.492520;8.499710;8.492100;8.499170;0
20210303 080600;8.499180;8.502120;8.498410;8.499370;0
20210303 080700;8.499460;8.506760;8.499460;8.505370;0
20210303 080800;8.505370;8.513120;8.505360;8.511450;0
20210303 080900;8.511490;8.518720;8.511050;8.513390;0
20210303 081000;8.513300;8.513830;8.509860;8.511330;0
20210303 081100;8.511390;8.512790;8.510480;8.512570;0
20210303 081200;8.512740;8.513030;8.505310;8.505730;0
20210303 081300;8.505730;8.505730;8.499680;8.501360;0
20210303 081400;8.501370;8.507020;8.500860;8.500860;0
20210303 081500;8.500860;8.501110;8.494480;8.495640;0
20210303 081600;8.495470;8.503090;8.495470;8.501160;0
20210303 081700;8.501250;8.510150;8.501250;8.508060;0
20210303 081800;8.508070;8.513310;8.507600;8.510750;0
20210303 081900;8.510750;8.512050;8.507720;8.510900;0
20210303 082000;8.511050;8.511130;8.505440;8.507080;0
20210303 082100;8.507120;8.512120;8.505190;8.508970;0
20210303 082200;8.509080;8.510930;8.507760;8.508790;0
20210303 082300;8.508810;8.508960;8.503320;8.503320;0
20210303 082400;8.503010;8.506820;8.500580;8.506270;0
20210303 082500;8.506270;8.507720;8.503920;8.505040;0
20210303 082600;8.504940;8.508020;8.504270;8.507140;0
20210303 082700;8.507140;8.507140;8.503350;8.503350;0
20210303 082800;8.503200;8.505620;8.502540;8.504400;0
20210303 082900;8.504490;8.504780;8.502510;8.503890;0
20210303 083000;8.503850;8.504240;8.500420;8.503760;0
20210303 083100;8.503800;8.508830;8.503800;8.508420;0
20210303 083200;8.508510;8.509540;8.505830;8.507020;0
20210303 083300;8.506930;8.513780;8.506890;8.512930;0
20210303 083400;8.512930;8.515870;8.512710;8.513140;0
20210303 083500;8.513150;8.514820;8.511460;8.514820;0
20210303 083600;8.514820;8.516640;8.509410;8.509750;0
20210303 083700;8.509670;8.511060;8.507860;8.508690;0
20210303 083800;8.508640;8.510100;8.508140;8.510000;0
20210303 083900;8.510040;8.512340;8.505830;8.506850;0
20210303 084000;8.506890;8.507280;8.502880;8.504450;0
20210303 084100;8.504300;8.512150;8.504300;8.510950;0
20210303 084200;8.510830;8.510830;8.505130;8.509320;0
20210303 084300;8.509230;8.509720;8.506720;8.507530;0
20210303 084400;8.507350;8.515960;8.507260;8.515700;0
20210303 084500;8.515670;8.517850;8.511910;8.511910;0
20210303 084600;8.511830;8.512040;8.508790;8.511680;0
20210303 084700;8.511680;8.515860;8.510780;8.515710;0
20210303 084800;8.515720;8.517260;8.513630;8.513750;0
20210303 084900;8.513740;8.514230;8.507710;8.507710;0
20210303 085000;8.507790;8.507900;8.505690;8.506170;0
20210303 085100;8.506180;8.506180;8.502470;8.502780;0
20210303 085200;8.502730;8.502980;8.500710;8.500880;0
20210303 085300;8.500880;8.501100;8.498760;8.499470;0
20210303 085400;8.499310;8.499410;8.493670;8.494300;0
20210303 085500;8.494350;8.494890;8.491980;8.494360;0
20210303 085600;8.494420;8.495040;8.493440;8.493740;0
20210303 085700;8.493730;8.499250;8.493730;8.496700;0
20210303 085800;8.496810;8.502550;8.496470;8.497230;0
20210303 085900;8.497210;8.499960;8.495420;8.498630;0
20210303 090000;8.498630;8.505760;8.497990;8.502140;0
20210303 090100;8.501960;8.501960;8.496530;8.497100;0
20210303 090200;8.496850;8.500060;8.495720;8.500060;0
20210303 090300;8.500110;8.500390;8.496520;8.497220;0
20210303 090400;8.497230;8.501670;8.496480;8.500030;0
20210303 090500;8.500210;8.500380;8.496430;8.498560;0
20210303 090600;8.498780;8.501820;8.497310;8.501580;0
20210303 090700;8.501540;8.502850;8.500110;8.502850;0
20210303 090800;8.502770;8.505230;8.502500;8.502760;0
20210303 090900;8.502760;8.503470;8.497830;8.498010;0
20210303 091000;8.497880;8.502920;8.495690;8.496280;0
20210303 091100;8.496210;8.501190;8.496210;8.501190;0
20210303 091200;8.501190;8.503660;8.501090;8.503190;0
20210303 091300;8.503180;8.510980;8.503160;8.510980;0
20210303 091400;8.510980;8.513380;8.510000;8.510000;0
20210303 091500;8.510110;8.516970;8.510090;8.516810;0
20210303 091600;8.516940;8.517740;8.513680;8.517120;0
20210303 091700;8.516970;8.517630;8.515200;8.516280;0
20210303 091800;8.516280;8.516280;8.505720;8.508570;0
20210303 091900;8.508820;8.513640;8.508820;8.509040;0
20210303 092000;8.508960;8.523140;8.508960;8.522200;0
20210303 092100;8.522070;8.522360;8.510520;8.510520;0
20210303 092200;8.510520;8.510520;8.500290;8.502750;0
20210303 092300;8.502780;8.504040;8.502030;8.504030;0
20210303 092400;8.504300;8.504500;8.500400;8.503040;0
20210303 092500;8.503080;8.503230;8.497630;8.497990;0
20210303 092600;8.497830;8.498320;8.495810;8.497680;0
20210303 092700;8.497680;8.498380;8.496530;8.496690;0
20210303 092800;8.496520;8.499290;8.494930;8.498420;0
20210303 092900;8.498290;8.498870;8.495380;8.496900;0
20210303 093000;8.497060;8.497540;8.493510;8.493510;0
20210303 093100;8.493520;8.495180;8.488170;8.488510;0
20210303 093200;8.488510;8.488510;8.480890;8.483230;0
20210303 093300;8.483320;8.491270;8.483270;8.487530;0
20210303 093400;8.487710;8.488120;8.484320;8.487220;0
20210303 093500;8.487330;8.491950;8.483350;8.483740;0
20210303 093600;8.483820;8.488670;8.483820;8.486370;0
20210303 093700;8.486370;8.489330;8.484860;8.486990;0
20210303 093800;8.486920;8.492600;8.485850;8.490760;0
20210303 093900;8.490510;8.492220;8.488780;8.490800;0
20210303 094000;8.490800;8.491900;8.488840;8.491680;0
20210303 094100;8.491670;8.493170;8.490330;8.490330;0
20210303 094200;8.490430;8.495680;8.488830;8.495410;0
20210303 094300;8.495410;8.499170;8.495410;8.498200;0
20210303 094400;8.498030;8.500580;8.494460;8.494610;0
20210303 094500;8.494690;8.501050;8.494590;8.500320;0
20210303 094600;8.500170;8.500490;8.497640;8.499530;0
20210303 094700;8.499560;8.500720;8.494570;8.496380;0
20210303 094800;8.496380;8.501360;8.493470;8.493570;0
20210303 094900;8.493760;8.493760;8.486070;8.490450;0
20210303 095000;8.490350;8.490450;8.485050;8.488390;0
20210303 095100;8.488420;8.492250;8.487120;8.492100;0
20210303 095200;8.491970;8.493640;8.488060;8.488560;0
20210303 095300;8.488530;8.488600;8.485680;8.485800;0
20210303 095400;8.485860;8.494320;8.485860;8.494320;0
20210303 095500;8.494310;8.494750;8.491520;8.491610;0
20210303 095600;8.492130;8.492240;8.490620;8.492040;0
20210303 095700;8.492040;8.494590;8.491960;8.494590;0
20210303 095800;8.494590;8.496810;8.494450;8.496630;0
20210303 095900;8.496710;8.502130;8.494070;8.494100;0
20210303 100000;8.494100;8.495070;8.484570;8.490820;0
20210303 100100;8.490820;8.494160;8.490740;8.491540;0
20210303 100200;8.491670;8.492710;8.490260;8.491030;0
20210303 100300;8.491040;8.492820;8.487430;8.489920;0
20210303 100400;8.489930;8.494880;8.487900;8.494440;0
20210303 100500;8.494450;8.499530;8.493600;8.498060;0
20210303 100600;8.498200;8.503090;8.498060;8.502070;0
20210303 100700;8.502120;8.502590;8.499400;8.501170;0
20210303 100800;8.501100;8.501100;8.491210;8.493800;0
20210303 100900;8.493510;8.493510;8.487610;8.491240;0
20210303 101000;8.491240;8.497230;8.490980;8.497110;0
20210303 101100;8.497110;8.504750;8.496490;8.501780;0
20210303 101200;8.501780;8.503550;8.501020;8.502410;0
20210303 101300;8.502410;8.505210;8.500780;8.503340;0
20210303 101400;8.503320;8.507870;8.503320;8.505410;0
20210303 101500;8.505420;8.511010;8.504350;8.511010;0
20210303 101600;8.510970;8.511980;8.508360;8.508470;0
20210303 101700;8.508450;8.511120;8.506440;8.510450;0
20210303 101800;8.510540;8.510540;8.506500;8.508290;0
20210303 101900;8.508300;8.508300;8.503500;8.505770;0
20210303 102000;8.505650;8.506250;8.501040;8.503470;0
20210303 102100;8.503500;8.510520;8.503490;8.507910;0
20210303 102200;8.507910;8.511650;8.505260;8.505260;0
20210303 102300;8.505260;8.505890;8.501170;8.501810;0
20210303 102400;8.501700;8.504340;8.501500;8.501890;0
20210303 102500;8.501930;8.503180;8.495060;8.496530;0
20210303 102600;8.496540;8.498080;8.495740;8.496270;0
20210303 102700;8.496080;8.499280;8.495810;8.498750;0
20210303 102800;8.498750;8.507440;8.498750;8.507400;0
20210303 102900;8.507370;8.508300;8.505170;8.507210;0
20210303 103000;8.507620;8.514440;8.507620;8.510190;0
20210303 103100;8.509930;8.512680;8.509930;8.512640;0
20210303 103200;8.512750;8.516030;8.508050;8.508050;0
20210303 103300;8.508050;8.508050;8.500070;8.500820;0
20210303 103400;8.500810;8.501130;8.496520;8.498460;0
20210303 103500;8.498930;8.505840;8.498040;8.501610;0
20210303 103600;8.501360;8.501360;8.498860;8.500280;0
20210303 103700;8.500350;8.500350;8.492010;8.497550;0
20210303 103800;8.497360;8.498220;8.493240;8.494470;0
20210303 103900;8.494580;8.498130;8.493320;8.493320;0
20210303 104000;8.493430;8.499370;8.493340;8.494470;0
20210303 104100;8.494470;8.496430;8.494260;8.495510;0
20210303 104200;8.495670;8.499490;8.494580;8.497110;0
20210303 104300;8.496980;8.500060;8.489430;8.498530;0
20210303 104400;8.498600;8.506770;8.497110;8.506060;0
20210303 104500;8.506070;8.506070;8.494750;8.494790;0
20210303 104600;8.494650;8.494830;8.489380;8.490820;0
20210303 104700;8.491010;8.496450;8.490940;8.494230;0
20210303 104800;8.494080;8.497960;8.489420;8.493120;0
20210303 104900;8.493030;8.496390;8.489160;8.490510;0
20210303 105000;8.490520;8.495050;8.487370;8.491740;0
20210303 105100;8.492220;8.496230;8.491010;8.494050;0
20210303 105200;8.493710;8.496360;8.487550;8.493510;0
20210303 105300;8.493520;8.493520;8.491120;8.492010;0
20210303 105400;8.492000;8.492780;8.485860;8.486020;0
20210303 105500;8.486000;8.489000;8.479910;8.483580;0
20210303 105600;8.483590;8.486150;8.482280;8.483640;0
20210303 105700;8.483790;8.486710;8.480440;8.480580;0
20210303 105800;8.480650;8.481450;8.475780;8.478970;0
20210303 105900;8.478940;8.485050;8.478940;8.483920;0
20210303 110000;8.483980;8.486620;8.483390;8.484580;0
20210303 110100;8.484580;8.484770;8.477440;8.477960;0
20210303 110200;8.477670;8.487570;8.477360;8.486290;0
20210303 110300;8.486300;8.486540;8.482970;8.485200;0
20210303 110400;8.485340;8.486910;8.480940;8.483040;0
20210303 110500;8.483050;8.483200;8.479480;8.479580;0
20210303 110600;8.479670;8.479820;8.476050;8.476100;0
20210303 110700;8.476100;8.476520;8.472890;8.473000;0
20210303 110800;8.473140;8.485330;8.473130;8.480170;0
20210303 110900;8.480260;8.483640;8.478340;8.478670;0
20210303 111000;8.479200;8.481960;8.476590;8.480540;0
20210303 111100;8.480560;8.487820;8.475830;8.483750;0
20210303 111200;8.484080;8.486020;8.479200;8.479850;0
20210303 111300;8.479350;8.483530;8.476600;8.479610;0
20210303 111400;8.480020;8.484160;8.475710;8.480190;0
20210303 111500;8.480200;8.488390;8.479480;8.486560;0
20210303 111600;8.486670;8.490850;8.483750;8.487310;0
20210303 111700;8.487300;8.488040;8.485340;8.485550;0
20210303 111800;8.485520;8.485590;8.482550;8.482690;0
20210303 111900;8.482700;8.483030;8.480210;8.482320;0
20210303 112000;8.482370;8.482670;8.476120;8.480430;0
20210303 112100;8.480440;8.480890;8.479100;8.479350;0
20210303 112200;8.479340;8.479910;8.477750;8.478560;0
20210303 112300;8.478640;8.479600;8.473700;8.475780;0
20210303 112400;8.475780;8.476360;8.473560;8.473580;0
20210303 112500;8.473570;8.474460;8.469650;8.470570;0
20210303 112600;8.470610;8.471780;8.470360;8.471710;0
20210303 112700;8.471760;8.472530;8.470780;8.472310;0
20210303 112800;8.472200;8.481200;8.469480;8.471460;0
20210303 112900;8.471500;8.472470;8.470260;8.472010;0
20210303 113000;8.472220;8.472670;8.471370;8.472160;0
20210303 113100;8.472080;8.472880;8.471010;8.472750;0
20210303 113200;8.472750;8.473060;8.472050;8.472970;0
20210303 113300;8.473010;8.473030;8.471540;8.471960;0
20210303 113400;8.472140;8.472400;8.471230;8.471480;0
20210303 113500;8.471430;8.471560;8.470290;8.470900;0
20210303 113600;8.470860;8.470860;8.469740;8.469900;0
20210303 113700;8.469930;8.470630;8.469750;8.470200;0
20210303 113800;8.470230;8.470930;8.470030;8.470450;0
20210303 113900;8.470450;8.470950;8.469790;8.470000;0
20210303 114000;8.470140;8.470690;8.469840;8.470190;0
20210303 114100;8.470290;8.480550;8.470180;8.474070;0
20210303 114200;8.474330;8.476400;8.474330;8.475390;0
20210303 114300;8.475350;8.475350;8.474310;8.474350;0
20210303 114400;8.474350;8.474770;8.473990;8.474160;0
20210303 114500;8.474130;8.474330;8.473610;8.474000;0
20210303 114600;8.473880;8.474090;8.472910;8.473960;0
20210303 114700;8.474000;8.474200;8.473150;8.473960;0
20210303 114800;8.474060;8.475540;8.473650;8.474690;0
20210303 114900;8.474650;8.475890;8.474530;8.475880;0
20210303 115000;8.475880;8.478230;8.475470;8.476810;0
20210303 115100;8.476720;8.478060;8.476420;8.477650;0
20210303 115200;8.477810;8.478280;8.472950;8.473170;0
20210303 115300;8.473090;8.474190;8.473090;8.473650;0
20210303 115400;8.473480;8.473900;8.473300;8.473720;0
20210303 115500;8.473760;8.474180;8.473230;8.473490;0
20210303 115600;8.473480;8.473680;8.471610;8.471780;0
20210303 115700;8.471790;8.471980;8.470370;8.470980;0
20210303 115800;8.470980;8.471590;8.470680;8.471590;0
20210303 115900;8.471600;8.474310;8.471600;8.474310;0
20210303 120000;8.474370;8.477630;8.474370;8.477200;0
20210303 120100;8.477140;8.479390;8.476660;8.478020;0
20210303 120200;8.478020;8.478750;8.477560;8.477560;0
20210303 120300;8.477630;8.477630;8.476010;8.476220;0
20210303 120400;8.476210;8.478150;8.476210;8.477680;0
20210303 120500;8.477680;8.477850;8.476620;8.476850;0
20210303 120600;8.476820;8.477000;8.476230;8.476520;0
20210303 120700;8.476520;8.477970;8.476510;8.477440;0
20210303 120800;8.477500;8.477830;8.476890;8.477100;0
20210303 120900;8.477090;8.478810;8.477090;8.478810;0
20210303 121000;8.478810;8.478930;8.477980;8.478300;0
20210303 121100;8.478200;8.478810;8.478160;8.478270;0
20210303 121200;8.478360;8.479870;8.478140;8.479850;0
20210303 121300;8.479850;8.480760;8.479220;8.480400;0
20210303 121400;8.480330;8.480330;8.477730;8.477730;0
20210303 121500;8.477760;8.479220;8.477760;8.478550;0
20210303 121600;8.478500;8.478850;8.478040;8.478720;0
20210303 121700;8.478630;8.478780;8.477730;8.478510;0
20210303 121800;8.478570;8.480830;8.478570;8.480830;0
20210303 121900;8.480900;8.481750;8.480190;8.480330;0
20210303 122000;8.480340;8.480780;8.479460;8.479460;0
20210303 122100;8.479480;8.479870;8.478680;8.478990;0
20210303 122200;8.479120;8.479800;8.479120;8.479270;0
20210303 122300;8.479280;8.479980;8.479280;8.479830;0
20210303 122400;8.479820;8.480170;8.479560;8.480160;0
20210303 122500;8.480270;8.481520;8.480110;8.481310;0
20210303 122600;8.481480;8.482000;8.480850;8.482000;0
20210303 122700;8.481990;8.483400;8.481970;8.482860;0
20210303 122800;8.482860;8.484100;8.482780;8.483980;0
20210303 122900;8.484020;8.484360;8.483460;8.483460;0
20210303 123000;8.483460;8.483910;8.482310;8.482320;0
20210303 123100;8.482310;8.483160;8.482060;8.483160;0
20210303 123200;8.483160;8.484460;8.483160;8.484450;0
20210303 123300;8.484710;8.484800;8.484410;8.484630;0
20210303 123400;8.484620;8.484620;8.483970;8.484210;0
20210303 123500;8.484170;8.484440;8.483260;8.483730;0
20210303 123600;8.483660;8.483880;8.483070;8.483120;0
20210303 123700;8.483030;8.483360;8.482660;8.483320;0
20210303 123800;8.483330;8.483370;8.482380;8.482380;0
20210303 123900;8.482330;8.482630;8.481910;8.482160;0
20210303 124000;8.482170;8.482370;8.481060;8.482340;0
20210303 124100;8.482340;8.482510;8.481320;8.481550;0
20210303 124200;8.481480;8.481700;8.476720;8.477410;0
20210303 124300;8.477440;8.478590;8.477380;8.478390;0
20210303 124400;8.478400;8.478610;8.477600;8.477890;0
20210303 124500;8.477820;8.478720;8.477820;8.478330;0
20210303 124600;8.478390;8.479450;8.477810;8.479010;0
20210303 124700;8.478930;8.479320;8.475580;8.475590;0
20210303 124800;8.475540;8.475650;8.473760;8.474240;0
20210303 124900;8.474470;8.474610;8.473890;8.474520;0
20210303 125000;8.474520;8.475040;8.473630;8.474370;0
20210303 125100;8.474370;8.474440;8.472830;8.473310;0
20210303 125200;8.473270;8.473690;8.473120;8.473590;0
20210303 125300;8.473730;8.475910;8.473440;8.475830;0
20210303 125400;8.475860;8.477430;8.475860;8.476770;0
20210303 125500;8.477120;8.478220;8.476430;8.476600;0
20210303 125600;8.476550;8.477480;8.475790;8.477240;0
20210303 125700;8.477330;8.477620;8.476570;8.476570;0
20210303 125800;8.476630;8.477160;8.476230;8.476600;0
20210303 125900;8.476520;8.477980;8.476210;8.476850;0
20210303 130000;8.476850;8.478010;8.476530;8.477030;0
20210303 130100;8.476870;8.476870;8.475640;8.476320;0
20210303 130200;8.476250;8.476690;8.475930;8.476230;0
20210303 130300;8.476300;8.477300;8.476300;8.476690;0
20210303 130400;8.476900;8.477350;8.476350;8.477320;0
20210303 130500;8.477320;8.477560;8.476000;8.476170;0
20210303 130600;8.476320;8.476600;8.476170;8.476300;0
20210303 130700;8.476290;8.476770;8.475310;8.475900;0
20210303 130800;8.475970;8.476060;8.474690;8.474860;0
20210303 130900;8.474930;8.475370;8.474070;8.474920;0
20210303 131000;8.474890;8.475170;8.471870;8.472170;0
20210303 131100;8.472230;8.473080;8.471800;8.472840;0
20210303 131200;8.472930;8.475310;8.472920;8.475230;0
20210303 131300;8.475320;8.475380;8.473410;8.473820;0
20210303 131400;8.474010;8.474400;8.472340;8.472510;0
20210303 131500;8.472480;8.473370;8.472480;8.473210;0
20210303 131600;8.473210;8.473550;8.472980;8.473430;0
20210303 131700;8.473500;8.473500;8.468760;8.469010;0
20210303 131800;8.469080;8.469080;8.461740;8.462400;0
20210303 131900;8.462360;8.463360;8.462360;8.462530;0
20210303 132000;8.462520;8.462660;8.461790;8.462560;0
20210303 132100;8.462690;8.464300;8.462650;8.463100;0
20210303 132200;8.463140;8.463250;8.460070;8.460270;0
20210303 132300;8.460320;8.461620;8.459850;8.461620;0
20210303 132400;8.461620;8.461820;8.461140;8.461200;0
20210303 132500;8.461200;8.464690;8.461200;8.464640;0
20210303 132600;8.464500;8.464500;8.463190;8.463190;0
20210303 132700;8.463190;8.463530;8.462900;8.463080;0
20210303 132800;8.463270;8.464040;8.462790;8.463830;0
20210303 132900;8.463820;8.464650;8.463820;8.464550;0
20210303 133000;8.464550;8.467060;8.464500;8.466420;0
20210303 133100;8.466420;8.466430;8.465930;8.466040;0
20210303 133200;8.466030;8.470060;8.465700;8.468760;0
20210303 133300;8.468760;8.468760;8.467000;8.467190;0
20210303 133400;8.467200;8.468160;8.467200;8.468040;0
20210303 133500;8.467950;8.468010;8.467040;8.467400;0
20210303 133600;8.467270;8.467270;8.460590;8.461610;0
20210303 133700;8.461650;8.462370;8.461370;8.462370;0
20210303 133800;8.462370;8.462880;8.462190;8.462800;0
20210303 133900;8.462870;8.463410;8.462810;8.463230;0
20210303 134000;8.463140;8.463900;8.462610;8.462910;0
20210303 134100;8.462780;8.467590;8.461790;8.462410;0
20210303 134200;8.462140;8.462800;8.461950;8.462320;0
20210303 134300;8.462460;8.462820;8.461660;8.462360;0
20210303 134400;8.462480;8.466830;8.462320;8.466830;0
20210303 134500;8.466740;8.466980;8.465590;8.466670;0
20210303 134600;8.466510;8.467630;8.466510;8.467560;0
20210303 134700;8.467630;8.468770;8.467630;8.468710;0
20210303 134800;8.468780;8.470790;8.468770;8.470790;0
20210303 134900;8.470720;8.471020;8.469950;8.470190;0
20210303 135000;8.470220;8.470230;8.469220;8.469430;0
20210303 135100;8.469430;8.469600;8.468940;8.469600;0
20210303 135200;8.469530;8.470000;8.469420;8.469830;0
20210303 135300;8.469850;8.470560;8.469670;8.470320;0
20210303 135400;8.470220;8.471630;8.469590;8.471430;0
20210303 135500;8.471370;8.473120;8.471120;8.472850;0
20210303 135600;8.472660;8.473920;8.472420;8.473520;0
20210303 135700;8.473420;8.474020;8.473350;8.473920;0
20210303 135800;8.474030;8.474030;8.473030;8.473680;0
20210303 135900;8.473870;8.473870;8.472830;8.472830;0
20210303 140000;8.472770;8.473230;8.472140;8.472320;0
20210303 140100;8.472270;8.472380;8.472000;8.472380;0
20210303 140200;8.472380;8.473980;8.472180;8.473800;0
20210303 140300;8.473880;8.475560;8.473410;8.475560;0
20210303 140400;8.475490;8.476790;8.475490;8.476030;0
20210303 140500;8.475880;8.477160;8.475880;8.476820;0
20210303 140600;8.476820;8.477200;8.476140;8.476950;0
20210303 140700;8.476960;8.478560;8.476950;8.478420;0
20210303 140800;8.478420;8.480520;8.478410;8.480520;0
20210303 140900;8.480520;8.480560;8.480180;8.480190;0
20210303 141000;8.480030;8.483330;8.478800;8.479100;0
20210303 141100;8.478970;8.481960;8.478970;8.481690;0
20210303 141200;8.481700;8.481700;8.479890;8.480440;0
20210303 141300;8.480510;8.482420;8.480170;8.481310;0
20210303 141400;8.481320;8.481620;8.480670;8.480830;0
20210303 141500;8.480870;8.482190;8.480680;8.482110;0
20210303 141600;8.482110;8.486150;8.482110;8.485930;0
20210303 141700;8.485940;8.487710;8.485500;8.487050;0
20210303 141800;8.487050;8.487220;8.485500;8.485940;0
20210303 141900;8.485940;8.486850;8.485550;8.486850;0
20210303 142000;8.486750;8.486750;8.485010;8.485920;0
20210303 142100;8.485920;8.487310;8.485920;8.486800;0
20210303 142200;8.486800;8.488750;8.486800;8.488480;0
20210303 142300;8.488370;8.488900;8.488160;8.488780;0
20210303 142400;8.488780;8.488790;8.486820;8.487790;0
20210303 142500;8.487790;8.489200;8.487790;8.488030;0
20210303 142600;8.488030;8.489660;8.488030;8.489310;0
20210303 142700;8.489300;8.489500;8.488830;8.488900;0
20210303 142800;8.488900;8.489120;8.488370;8.488910;0
20210303 142900;8.488910;8.489830;8.488910;8.489210;0
20210303 143000;8.489160;8.489580;8.487990;8.489580;0
20210303 143100;8.489500;8.489940;8.488840;8.489190;0
20210303 143200;8.489090;8.490150;8.488930;8.489110;0
20210303 143300;8.489110;8.489700;8.488770;8.488930;0
20210303 143400;8.488920;8.491960;8.488920;8.491950;0
20210303 143500;8.492220;8.492770;8.491990;8.492110;0
20210303 143600;8.492020;8.492020;8.480260;8.483870;0
20210303 143700;8.484030;8.484130;8.482530;8.483250;0
20210303 143800;8.483250;8.483620;8.481420;8.481530;0
20210303 143900;8.481600;8.482370;8.481000;8.482370;0
20210303 144000;8.482260;8.482590;8.481180;8.481220;0
20210303 144100;8.481410;8.481430;8.480400;8.480920;0
20210303 144200;8.481120;8.481410;8.480600;8.481080;0
20210303 144300;8.481130;8.481260;8.479980;8.480880;0
20210303 144400;8.480920;8.484610;8.480880;8.483660;0
20210303 144500;8.483660;8.486640;8.483640;8.485620;0
20210303 144600;8.485620;8.486690;8.485620;8.486200;0
20210303 144700;8.486200;8.487360;8.486200;8.487350;0
20210303 144800;8.487350;8.489870;8.487350;8.489340;0
20210303 144900;8.489330;8.491530;8.488260;8.489670;0
20210303 145000;8.489180;8.489180;8.484180;8.484420;0
20210303 145100;8.484300;8.486920;8.484300;8.485750;0
20210303 145200;8.485760;8.485760;8.482920;8.483330;0
20210303 145300;8.483400;8.483400;8.478000;8.478050;0
20210303 145400;8.478220;8.478260;8.477860;8.477950;0
20210303 145500;8.478010;8.479620;8.478000;8.479280;0
20210303 145600;8.479280;8.479290;8.478260;8.478560;0
20210303 145700;8.478470;8.480530;8.478010;8.479840;0
20210303 145800;8.479970;8.482620;8.479840;8.482620;0
20210303 145900;8.482470;8.484720;8.482470;8.484310;0
20210303 150000;8.484380;8.486030;8.483630;8.485060;0
20210303 150100;8.485220;8.487220;8.485070;8.486690;0
20210303 150200;8.486690;8.486780;8.481510;8.481590;0
20210303 150300;8.481620;8.482060;8.481100;8.481540;0
20210303 150400;8.481500;8.482540;8.480640;8.480900;0
20210303 150500;8.480850;8.480850;8.479440;8.480370;0
20210303 150600;8.480400;8.480590;8.479320;8.479320;0
20210303 150700;8.479320;8.481410;8.479160;8.481270;0
20210303 150800;8.481210;8.485930;8.480830;8.484330;0
20210303 150900;8.484250;8.484530;8.483130;8.483710;0
20210303 151000;8.483640;8.483950;8.482640;8.482780;0
20210303 151100;8.482670;8.482720;8.480280;8.480430;0
20210303 151200;8.480490;8.481080;8.479590;8.479780;0
20210303 151300;8.479320;8.479920;8.478400;8.479650;0
20210303 151400;8.479690;8.479980;8.478820;8.479600;0
20210303 151500;8.479640;8.482220;8.479050;8.482210;0
20210303 151600;8.482210;8.482990;8.481790;8.482730;0
20210303 151700;8.482730;8.482900;8.481700;8.482690;0
20210303 151800;8.482680;8.483300;8.482440;8.483300;0
20210303 151900;8.483300;8.483340;8.482600;8.482920;0
20210303 152000;8.483130;8.483130;8.482690;8.482890;0
20210303 152100;8.483020;8.483160;8.482610;8.483150;0
20210303 152200;8.483020;8.484710;8.482800;8.484700;0
20210303 152300;8.484480;8.485240;8.484340;8.485240;0
20210303 152400;8.485320;8.486920;8.485100;8.486770;0
20210303 152500;8.486760;8.489940;8.486760;8.489940;0
20210303 152600;8.489940;8.490860;8.489940;8.490540;0
20210303 152700;8.490540;8.490540;8.488740;8.489850;0
20210303 152800;8.489860;8.489860;8.487240;8.487240;0
20210303 152900;8.487240;8.487980;8.487200;8.487810;0
20210303 153000;8.487810;8.488140;8.484120;8.484930;0
20210303 153100;8.485030;8.485920;8.485030;8.485360;0
20210303 153200;8.485400;8.486020;8.485230;8.485460;0
20210303 153300;8.485470;8.485470;8.484490;8.485350;0
20210303 153400;8.485390;8.485580;8.484940;8.485460;0
20210303 153500;8.485650;8.485650;8.484950;8.485020;0
20210303 153600;8.485170;8.488820;8.485170;8.488820;0
20210303 153700;8.488840;8.490090;8.488420;8.489590;0
20210303 153800;8.489590;8.489880;8.488770;8.488900;0
20210303 153900;8.488750;8.490860;8.488660;8.490660;0
20210303 154000;8.490570;8.491010;8.489940;8.490710;0
20210303 154100;8.490710;8.491730;8.489590;8.491530;0
20210303 154200;8.491390;8.491400;8.490490;8.491350;0
20210303 154300;8.491310;8.494160;8.487870;8.488040;0
20210303 154400;8.488070;8.488950;8.487770;8.487870;0
20210303 154500;8.487740;8.487850;8.486830;8.487180;0
20210303 154600;8.487170;8.487500;8.487020;8.487060;0
20210303 154700;8.487070;8.487690;8.486480;8.487530;0
20210303 154800;8.487670;8.487670;8.487070;8.487310;0
20210303 154900;8.487500;8.488420;8.487500;8.488420;0
20210303 155000;8.488410;8.496640;8.488410;8.496330;0
20210303 155100;8.496190;8.496210;8.494190;8.494370;0
20210303 155200;8.494370;8.494830;8.493910;8.494830;0
20210303 155300;8.494830;8.495650;8.494830;8.495590;0
20210303 155400;8.495590;8.495720;8.495140;8.495710;0
20210303 155500;8.495950;8.496820;8.495950;8.496670;0
20210303 155600;8.496670;8.496670;8.495930;8.495960;0
20210303 155700;8.495870;8.495870;8.484850;8.485520;0
20210303 155800;8.485510;8.488970;8.485510;8.488830;0
20210303 155900;8.491200;8.493100;8.489310;8.492730;0
20210303 160000;8.492730;8.494030;8.491690;8.492740;0
20210303 160100;8.492740;8.498330;8.492210;8.495520;0
20210303 160200;8.495520;8.501090;8.495320;8.498000;0
20210303 160300;8.498010;8.499270;8.497540;8.499270;0
20210303 160400;8.499270;8.500000;8.498040;8.498120;0
20210303 160500;8.498120;8.498360;8.496810;8.497610;0
20210303 160600;8.497600;8.497670;8.497190;8.497250;0
20210303 160700;8.497250;8.497470;8.497250;8.497360;0
20210303 160800;8.497310;8.497640;8.497150;8.497640;0
20210303 160900;8.497640;8.498320;8.497350;8.498040;0
20210303 161000;8.498030;8.498420;8.498030;8.498420;0
20210303 161100;8.498420;8.499140;8.498420;8.499140;0
20210303 161200;8.499140;8.499140;8.498390;8.498660;0
20210303 161300;8.498650;8.498870;8.498370;8.498370;0
20210303 161400;8.498370;8.498820;8.498370;8.498600;0
20210303 161500;8.498600;8.498900;8.498600;8.498800;0
20210303 161600;8.498810;8.499240;8.498460;8.499230;0
20210303 161700;8.499230;8.499230;8.496820;8.496820;0
20210303 161800;8.497070;8.497480;8.496820;8.497330;0
20210303 161900;8.497230;8.497230;8.497040;8.497040;0
20210303 162000;8.497040;8.497240;8.497040;8.497240;0
20210303 162100;8.496900;8.497080;8.496840;8.497080;0
20210303 162200;8.497090;8.500240;8.497090;8.499900;0
20210303 162300;8.499910;8.500390;8.499630;8.500160;0
20210303 162400;8.500130;8.500150;8.499850;8.499850;0
20210303 162500;8.499990;8.500030;8.498510;8.498510;0
20210303 162600;8.498510;8.498670;8.498510;8.498630;0
20210303 162700;8.498640;8.498810;8.498620;8.498810;0
20210303 162800;8.498770;8.498770;8.498720;8.498720;0
20210303 162900;8.498730;8.500280;8.498730;8.500030;0
20210303 163000;8.500030;8.500750;8.499990;8.500490;0
20210303 163100;8.500490;8.501040;8.500180;8.500590;0
20210303 163200;8.500590;8.500590;8.500220;8.500230;0
20210303 163300;8.500220;8.500660;8.500150;8.500510;0
20210303 163400;8.500510;8.500660;8.499930;8.500030;0
20210303 163500;8.500040;8.500520;8.500030;8.500370;0
20210303 163600;8.500320;8.500640;8.499710;8.500600;0
20210303 163700;8.500770;8.500770;8.500410;8.500630;0
20210303 163800;8.500730;8.501410;8.500650;8.501400;0
20210303 163900;8.501460;8.501590;8.500960;8.501000;0
20210303 164000;8.500760;8.500890;8.500530;8.500600;0
20210303 164100;8.500280;8.502410;8.500280;8.502410;0
20210303 164200;8.502410;8.502460;8.502040;8.502140;0
20210303 164300;8.502140;8.502580;8.501850;8.502480;0
20210303 164400;8.502480;8.502870;8.502430;8.502870;0
20210303 164500;8.502860;8.503260;8.502800;8.503130;0
20210303 164600;8.503130;8.503200;8.502770;8.503030;0
20210303 164700;8.503040;8.503900;8.502870;8.503660;0
20210303 164800;8.503660;8.505130;8.503660;8.504940;0
20210303 164900;8.504940;8.505410;8.504790;8.504790;0
20210303 165000;8.504680;8.504920;8.503130;8.503140;0
20210303 165100;8.503140;8.503820;8.502720;8.502920;0
20210303 165200;8.502820;8.503620;8.500420;8.500650;0
20210303 165300;8.500870;8.500970;8.500550;8.500630;0
20210303 165400;8.500550;8.501320;8.500450;8.501310;0
20210303 165500;8.501310;8.504180;8.499790;8.501220;0
20210303 165600;8.501020;8.502300;8.500920;8.501220;0
20210303 165700;8.501320;8.506250;8.500220;8.501420;0
20210303 165800;8.501330;8.504170;8.500660;8.502180;0
20210303 165900;8.502180;8.507320;8.499220;8.499420;0
20210303 170000;8.498420;8.498420;8.498420;8.498420;0
20210303 171000;8.468440;8.468440;8.468440;8.468440;0
20210303 171100;8.468850;8.468850;8.468440;8.468440;0
20210303 171200;8.468720;8.471510;8.468440;8.471510;0
20210303 171300;8.469250;8.472630;8.468220;8.468880;0
20210303 171400;8.468880;8.468880;8.468880;8.468880;0
20210303 171600;8.468790;8.470520;8.468790;8.468880;0
20210303 171700;8.469100;8.469100;8.468880;8.468880;0
20210303 171800;8.463380;8.463380;8.463380;8.463380;0
20210303 172500;8.469400;8.469400;8.469400;8.469400;0
20210303 172600;8.469550;8.469550;8.469550;8.469550;0
20210303 172900;8.469660;8.469660;8.469630;8.469630;0
20210303 173000;8.472970;8.472970;8.469630;8.469630;0
20210303 173100;8.469970;8.469970;8.469680;8.469680;0
20210303 173200;8.469980;8.474220;8.469850;8.470150;0
20210303 173400;8.470570;8.470890;8.470570;8.470890;0
20210303 173500;8.471060;8.471060;8.470810;8.470810;0
20210303 173700;8.471060;8.471270;8.471060;8.471270;0
20210303 173800;8.471670;8.472020;8.470950;8.471190;0
20210303 173900;8.471180;8.471190;8.470980;8.470980;0
20210303 174000;8.470970;8.470970;8.470970;8.470970;0
20210303 174100;8.471320;8.471580;8.471320;8.471580;0
20210303 174200;8.471580;8.471580;8.471580;8.471580;0
20210303 174400;8.471580;8.471580;8.471560;8.471560;0
20210303 174500;8.471560;8.471580;8.471560;8.471570;0
20210303 174600;8.471560;8.471580;8.471360;8.471580;0
20210303 174700;8.471810;8.471810;8.471580;8.471580;0
20210303 174800;8.471590;8.471620;8.470900;8.470900;0
20210303 174900;8.470900;8.470900;8.470900;8.470900;0
20210303 175200;8.471140;8.471140;8.470870;8.470880;0
20210303 175300;8.471090;8.471090;8.471090;8.471090;0
20210303 175800;8.471480;8.471700;8.471220;8.471220;0
20210303 175900;8.470820;8.471130;8.470820;8.471110;0
20210303 180000;8.470840;8.498140;8.469590;8.496130;0
20210303 180100;8.496220;8.499620;8.495720;8.498620;0
20210303 180200;8.498530;8.501520;8.498220;8.501120;0
20210303 180300;8.501020;8.501120;8.499820;8.500920;0
20210303 180400;8.501020;8.501120;8.499420;8.500320;0
20210303 180500;8.500420;8.500420;8.496920;8.498120;0
20210303 180600;8.498230;8.498960;8.497120;8.498400;0
20210303 180700;8.498390;8.502020;8.498390;8.501410;0
20210303 180800;8.501410;8.501410;8.497920;8.499220;0
20210303 180900;8.499220;8.500420;8.498120;8.500220;0
20210303 181000;8.500030;8.502250;8.499620;8.502080;0
20210303 181100;8.502130;8.502220;8.501280;8.501570;0
20210303 181200;8.501520;8.502760;8.501070;8.501380;0
20210303 181300;8.501540;8.502710;8.500690;8.501640;0
20210303 181400;8.501590;8.504180;8.501590;8.503890;0
20210303 181500;8.503950;8.504910;8.503700;8.504070;0
20210303 181600;8.504120;8.507810;8.504120;8.507650;0
20210303 181700;8.507870;8.510120;8.507870;8.510070;0
20210303 181800;8.510060;8.510080;8.509150;8.509360;0
20210303 181900;8.509440;8.510380;8.509440;8.509690;0
20210303 182000;8.509860;8.513670;8.509860;8.513060;0
20210303 182100;8.513260;8.517740;8.512460;8.517740;0
20210303 182200;8.517800;8.519810;8.515630;8.516830;0
20210303 182300;8.517510;8.520350;8.516280;8.519630;0
20210303 182400;8.519630;8.520130;8.517650;8.517820;0
20210303 182500;8.517680;8.518330;8.516150;8.517160;0
20210303 182600;8.517170;8.517550;8.516220;8.516590;0
20210303 182700;8.516340;8.517110;8.515420;8.516470;0
20210303 182800;8.516430;8.517470;8.515040;8.516580;0
20210303 182900;8.516530;8.517860;8.515630;8.517100;0
20210303 183000;8.516980;8.517190;8.513250;8.513360;0
20210303 183100;8.513360;8.514730;8.512750;8.514230;0
20210303 183200;8.514310;8.515040;8.513450;8.513450;0
20210303 183300;8.513440;8.515230;8.512110;8.514930;0
20210303 183400;8.514920;8.516010;8.514290;8.514400;0
20210303 183500;8.514530;8.515940;8.514490;8.514490;0
20210303 183600;8.514480;8.515430;8.514190;8.514300;0
20210303 183700;8.514300;8.515110;8.513860;8.514310;0
20210303 183800;8.514660;8.515630;8.513250;8.513250;0
20210303 183900;8.513300;8.516730;8.513260;8.516730;0
20210303 184000;8.516620;8.517210;8.515850;8.516710;0
20210303 184100;8.516760;8.516990;8.515220;8.515680;0
20210303 184200;8.515620;8.517310;8.514580;8.514580;0
20210303 184300;8.514580;8.515440;8.514270;8.514510;0
20210303 184400;8.514510;8.515180;8.513530;8.514700;0
20210303 184500;8.514770;8.515920;8.513380;8.513380;0
20210303 184600;8.513330;8.514600;8.512840;8.513340;0
20210303 184700;8.513340;8.514550;8.512350;8.514080;0
20210303 184800;8.513910;8.514730;8.513170;8.513210;0
20210303 184900;8.513210;8.515270;8.512280;8.513560;0
20210303 185000;8.513390;8.514300;8.513390;8.514160;0
20210303 185100;8.514160;8.514880;8.513420;8.513620;0
20210303 185200;8.513520;8.515920;8.513520;8.515920;0
20210303 185300;8.516020;8.517420;8.515520;8.515620;0
20210303 185400;8.515720;8.518330;8.515620;8.517820;0
20210303 185500;8.517920;8.518830;8.517420;8.517620;0
20210303 185600;8.517530;8.517530;8.516440;8.516760;0
20210303 185700;8.516750;8.517130;8.516750;8.516750;0
20210303 185800;8.516750;8.520620;8.516750;8.520120;0
20210303 185900;8.520220;8.521420;8.518730;8.521330;0
20210303 190000;8.521320;8.522330;8.519530;8.519650;0
20210303 190100;8.519510;8.519940;8.519210;8.519210;0
20210303 190200;8.519210;8.519220;8.519210;8.519210;0
20210303 190300;8.519210;8.519220;8.515180;8.516650;0
20210303 190400;8.516650;8.516920;8.515070;8.515920;0
20210303 190500;8.515820;8.517120;8.515390;8.516030;0
20210303 190600;8.515930;8.516120;8.513920;8.513920;0
20210303 190700;8.513930;8.514370;8.513920;8.513920;0
20210303 190800;8.513920;8.514100;8.513720;8.513920;0
20210303 190900;8.513920;8.514110;8.513920;8.513920;0
20210303 191000;8.513920;8.514220;8.513920;8.513920;0
20210303 191100;8.513920;8.514090;8.513920;8.513920;0
20210303 191200;8.513920;8.513970;8.513920;8.513930;0
20210303 191300;8.513920;8.515130;8.513920;8.514620;0
20210303 191400;8.514630;8.514730;8.513920;8.514620;0
20210303 191500;8.514720;8.514830;8.513920;8.513940;0
20210303 191600;8.513930;8.513940;8.512970;8.513120;0
20210303 191700;8.513220;8.514620;8.512680;8.514620;0
20210303 191800;8.514520;8.514620;8.512510;8.512820;0
20210303 191900;8.512820;8.513220;8.512460;8.512520;0
20210303 192000;8.512420;8.512970;8.511120;8.511730;0
20210303 192100;8.511870;8.511920;8.510420;8.510430;0
20210303 192200;8.510440;8.510690;8.510060;8.510670;0
20210303 192300;8.510670;8.511220;8.509290;8.509580;0
20210303 192400;8.509650;8.509970;8.508710;8.508780;0
20210303 192500;8.508780;8.509530;8.508200;8.509220;0
20210303 192600;8.509420;8.511100;8.509170;8.511100;0
20210303 192700;8.511430;8.511580;8.510550;8.510880;0
20210303 192800;8.510810;8.511340;8.510330;8.510780;0
20210303 192900;8.510830;8.512420;8.510350;8.511130;0
20210303 193000;8.511170;8.511320;8.509690;8.510990;0
20210303 193100;8.511030;8.511340;8.510720;8.510740;0
20210303 193200;8.510160;8.510160;8.508060;8.508670;0
20210303 193300;8.508680;8.508680;8.505300;8.505570;0
20210303 193400;8.505650;8.505650;8.504990;8.505340;0
20210303 193500;8.505390;8.506260;8.504900;8.505150;0
20210303 193600;8.505150;8.505450;8.503850;8.504160;0
20210303 193700;8.504110;8.504280;8.502160;8.503520;0
20210303 193800;8.503700;8.504720;8.503700;8.504710;0
20210303 193900;8.504660;8.504760;8.503530;8.504200;0
20210303 194000;8.504200;8.508120;8.504200;8.507200;0
20210303 194100;8.507650;8.508640;8.507460;8.508120;0
20210303 194200;8.508070;8.508620;8.507900;8.508100;0
20210303 194300;8.508090;8.508090;8.503460;8.503850;0
20210303 194400;8.503940;8.505000;8.502760;8.504470;0
20210303 194500;8.504210;8.504510;8.503630;8.503790;0
20210303 194600;8.503840;8.505690;8.503840;8.504840;0
20210303 194700;8.504830;8.505290;8.504140;8.504960;0
20210303 194800;8.504960;8.504960;8.502720;8.503300;0
20210303 194900;8.503350;8.504720;8.503030;8.503960;0
20210303 195000;8.503950;8.504280;8.503680;8.504100;0
20210303 195100;8.504090;8.504240;8.503330;8.504060;0
20210303 195200;8.504060;8.505520;8.502180;8.504130;0
20210303 195300;8.504220;8.504720;8.499560;8.503450;0
20210303 195400;8.503320;8.506050;8.501760;8.506050;0
20210303 195500;8.506050;8.506860;8.503760;8.503870;0
20210303 195600;8.503860;8.503980;8.500290;8.501020;0
20210303 195700;8.501090;8.501950;8.498710;8.499040;0
20210303 195800;8.499080;8.502770;8.498740;8.499440;0
20210303 195900;8.499440;8.504430;8.499440;8.502840;0
20210303 200000;8.502970;8.502970;8.495970;8.497040;0
20210303 200100;8.497040;8.498320;8.496350;8.496550;0
20210303 200200;8.496640;8.502220;8.496560;8.500120;0
20210303 200300;8.500120;8.505520;8.499310;8.502520;0
20210303 200400;8.502620;8.507720;8.501720;8.505820;0
20210303 200500;8.505520;8.507630;8.504190;8.505720;0
20210303 200600;8.505740;8.508530;8.505350;8.506420;0
20210303 200700;8.506120;8.508520;8.505440;8.506620;0
20210303 200800;8.506820;8.511320;8.506820;8.509730;0
20210303 200900;8.509620;8.511020;8.508550;8.510120;0
20210303 201000;8.510020;8.510630;8.506890;8.507720;0
20210303 201100;8.507820;8.509150;8.504830;8.505720;0
20210303 201200;8.505820;8.506820;8.504820;8.505760;0
20210303 201300;8.505760;8.507330;8.505760;8.507020;0
20210303 201400;8.506920;8.507630;8.506060;8.507520;0
20210303 201500;8.507630;8.507880;8.507060;8.507730;0
20210303 201600;8.507520;8.507940;8.506970;8.507710;0
20210303 201700;8.507710;8.507710;8.506070;8.507320;0
20210303 201800;8.507270;8.507620;8.505720;8.506610;0
20210303 201900;8.506610;8.507070;8.505400;8.506730;0
20210303 202000;8.506730;8.507480;8.506060;8.507230;0
20210303 202100;8.507620;8.507620;8.505530;8.505530;0
20210303 202200;8.505540;8.507290;8.505410;8.507120;0
20210303 202300;8.507020;8.508950;8.507020;8.508950;0
20210303 202400;8.508950;8.511620;8.508650;8.511620;0
20210303 202500;8.512150;8.513530;8.509650;8.509650;0
20210303 202600;8.509460;8.509460;8.507620;8.509020;0
20210303 202700;8.508960;8.509730;8.507150;8.508850;0
20210303 202800;8.508650;8.510520;8.507520;8.510320;0
20210303 202900;8.510220;8.510730;8.507920;8.507930;0
20210303 203000;8.507750;8.507820;8.506520;8.506580;0
20210303 203100;8.506630;8.507180;8.505990;8.506200;0
20210303 203200;8.506210;8.507550;8.505800;8.505930;0
20210303 203300;8.505920;8.506960;8.505560;8.505560;0
20210303 203400;8.505520;8.505520;8.504570;8.504570;0
20210303 203500;8.504270;8.504960;8.503380;8.503540;0
20210303 203600;8.503580;8.504120;8.503290;8.503780;0
20210303 203700;8.503840;8.503840;8.502960;8.503150;0
20210303 203800;8.503240;8.505160;8.503090;8.503100;0
20210303 203900;8.503090;8.504790;8.502240;8.504640;0
20210303 204000;8.504930;8.505540;8.503960;8.503960;0
20210303 204100;8.503690;8.503690;8.501650;8.502160;0
20210303 204200;8.502110;8.502990;8.502110;8.502330;0
20210303 204300;8.502240;8.502940;8.498230;8.500180;0
20210303 204400;8.500220;8.502020;8.500220;8.501080;0
20210303 204500;8.501080;8.501920;8.500520;8.501100;0
20210303 204600;8.501170;8.501220;8.499470;8.499770;0
20210303 204700;8.499810;8.500620;8.499230;8.499230;0
20210303 204800;8.499230;8.499240;8.494550;8.494550;0
20210303 204900;8.494830;8.495520;8.492850;8.494520;0
20210303 205000;8.494730;8.498450;8.494720;8.497660;0
20210303 205100;8.497920;8.499220;8.496670;8.496920;0
20210303 205200;8.497020;8.497830;8.495600;8.495640;0
20210303 205300;8.495640;8.495920;8.494390;8.494870;0
20210303 205400;8.494770;8.495760;8.494560;8.495670;0
20210303 205500;8.495720;8.496520;8.495490;8.495710;0
20210303 205600;8.495700;8.496580;8.495550;8.495790;0
20210303 205700;8.495290;8.496220;8.494990;8.495340;0
20210303 205800;8.495190;8.495400;8.494670;8.495300;0
20210303 205900;8.495300;8.495300;8.493050;8.493050;0
20210303 210000;8.493100;8.494750;8.493010;8.494460;0
20210303 210100;8.494550;8.494580;8.493770;8.493870;0
20210303 210200;8.493920;8.494460;8.493330;8.493460;0
20210303 210300;8.493450;8.494630;8.493440;8.494630;0
20210303 210400;8.494270;8.497920;8.494270;8.497330;0
20210303 210500;8.497350;8.497350;8.496720;8.496720;0
20210303 210600;8.496860;8.496940;8.495970;8.496380;0
20210303 210700;8.495710;8.495920;8.493790;8.493850;0
20210303 210800;8.493860;8.495930;8.493590;8.495320;0
20210303 210900;8.495520;8.496930;8.495460;8.496720;0
20210303 211000;8.496230;8.498320;8.496230;8.498070;0
20210303 211100;8.498070;8.500100;8.498040;8.499120;0
20210303 211200;8.499130;8.499580;8.498400;8.498400;0
20210303 211300;8.498380;8.498640;8.497740;8.497950;0
20210303 211400;8.497950;8.499230;8.497950;8.498620;0
20210303 211500;8.498620;8.499410;8.498620;8.498720;0
20210303 211600;8.498720;8.499360;8.498630;8.499220;0
20210303 211700;8.499030;8.502020;8.499030;8.500250;0
20210303 211800;8.500820;8.501660;8.500280;8.501660;0
20210303 211900;8.501670;8.502900;8.501590;8.502740;0
20210303 212000;8.502680;8.502680;8.500360;8.500390;0
20210303 212100;8.500380;8.501290;8.500020;8.501290;0
20210303 212200;8.501290;8.503920;8.501060;8.503730;0
20210303 212300;8.503720;8.506130;8.503260;8.505850;0
20210303 212400;8.505650;8.506300;8.505300;8.506290;0
20210303 212500;8.506290;8.506880;8.505900;8.506470;0
20210303 212600;8.506460;8.506460;8.505430;8.505980;0
20210303 212700;8.505980;8.506190;8.505780;8.505920;0
20210303 212800;8.506130;8.506410;8.505390;8.505460;0
20210303 212900;8.505210;8.505210;8.503440;8.504420;0
20210303 213000;8.504320;8.506680;8.504320;8.506540;0
20210303 213100;8.506600;8.507350;8.506220;8.507120;0
20210303 213200;8.507120;8.507650;8.506240;8.506430;0
20210303 213300;8.506180;8.507820;8.505670;8.507320;0
20210303 213400;8.507320;8.508590;8.507120;8.508380;0
20210303 213500;8.508390;8.508390;8.507590;8.507950;0
20210303 213600;8.507950;8.508590;8.507750;8.508590;0
20210303 213700;8.508620;8.511580;8.508560;8.511500;0
20210303 213800;8.511920;8.512230;8.510100;8.510360;0
20210303 213900;8.510460;8.511220;8.510230;8.510230;0
20210303 214000;8.510230;8.510230;8.508400;8.508510;0
20210303 214100;8.508510;8.508570;8.507900;8.508330;0
20210303 214200;8.508330;8.508330;8.506380;8.506920;0
20210303 214300;8.506920;8.506920;8.504330;8.504880;0
20210303 214400;8.505150;8.505430;8.504430;8.504640;0
20210303 214500;8.504640;8.506220;8.500440;8.500800;0
20210303 214600;8.500850;8.502850;8.500840;8.502720;0
20210303 214700;8.502670;8.503960;8.502270;8.502870;0
20210303 214800;8.502880;8.503440;8.501090;8.502950;0
20210303 214900;8.502990;8.503430;8.501480;8.502560;0
20210303 215000;8.502510;8.504060;8.502510;8.504050;0
20210303 215100;8.504210;8.505930;8.501030;8.505420;0
20210303 215200;8.505520;8.506150;8.504780;8.505650;0
20210303 215300;8.505650;8.506850;8.505590;8.506460;0
20210303 215400;8.506450;8.506560;8.503280;8.503280;0
20210303 215500;8.503280;8.504150;8.503220;8.503350;0
20210303 215600;8.503630;8.504360;8.501130;8.504050;0
20210303 215700;8.504050;8.504330;8.503280;8.503750;0
20210303 215800;8.503760;8.505620;8.503160;8.505620;0
20210303 215900;8.505620;8.505710;8.504680;8.504680;0
20210303 220000;8.504710;8.505040;8.504710;8.504750;0
20210303 220100;8.504750;8.504750;8.502540;8.503140;0
20210303 220200;8.503220;8.504820;8.503140;8.504620;0
20210303 220300;8.504520;8.505260;8.503820;8.504420;0
20210303 220400;8.504320;8.505110;8.504030;8.504230;0
20210303 220500;8.504170;8.505150;8.503540;8.504620;0
20210303 220600;8.504520;8.504730;8.504170;8.504620;0
20210303 220700;8.504720;8.504820;8.504090;8.504120;0
20210303 220800;8.504130;8.505100;8.504010;8.505030;0
20210303 220900;8.504930;8.505140;8.504540;8.504630;0
20210303 221000;8.504640;8.505130;8.504190;8.504580;0
20210303 221100;8.504570;8.505750;8.504570;8.505750;0
20210303 221200;8.505750;8.505750;8.503070;8.503160;0
20210303 221300;8.503170;8.503320;8.502400;8.502400;0
20210303 221400;8.502610;8.504320;8.502420;8.503960;0
20210303 221500;8.503610;8.505120;8.503610;8.504350;0
20210303 221600;8.504360;8.504820;8.503880;8.504350;0
20210303 221700;8.504350;8.505250;8.504250;8.504250;0
20210303 221800;8.504190;8.504190;8.503430;8.503620;0
20210303 221900;8.503610;8.504950;8.503610;8.504950;0
20210303 222000;8.504960;8.505520;8.504950;8.505060;0
20210303 222100;8.504920;8.506010;8.504250;8.504520;0
20210303 222200;8.504450;8.506590;8.504430;8.505520;0
20210303 222300;8.505620;8.505700;8.503950;8.504820;0
20210303 222400;8.504920;8.505220;8.503420;8.503420;0
20210303 222500;8.503290;8.504390;8.503180;8.504320;0
20210303 222600;8.504220;8.504220;8.503060;8.503320;0
20210303 222700;8.503320;8.503590;8.502830;8.502870;0
20210303 222800;8.502970;8.503530;8.502720;8.503220;0
20210303 222900;8.503120;8.503830;8.502530;8.502530;0
20210303 223000;8.502420;8.503620;8.502420;8.503620;0
20210303 223100;8.503520;8.503520;8.502820;8.503220;0
20210303 223200;8.503130;8.503920;8.502760;8.503120;0
20210303 223300;8.503420;8.504710;8.503140;8.503660;0
20210303 223400;8.504120;8.504120;8.503400;8.503620;0
20210303 223500;8.503610;8.505310;8.503610;8.504850;0
20210303 223600;8.504750;8.506040;8.504750;8.505150;0
20210303 223700;8.505140;8.507020;8.505140;8.506350;0
20210303 223800;8.506350;8.509600;8.506290;8.508880;0
20210303 223900;8.508740;8.508750;8.508740;8.508740;0
20210303 224000;8.508830;8.509420;8.508650;8.509180;0
20210303 224100;8.508960;8.508960;8.508460;8.508680;0
20210303 224200;8.508250;8.510290;8.508250;8.510190;0
20210303 224300;8.509960;8.510560;8.509940;8.509940;0
20210303 224400;8.510150;8.510270;8.509420;8.509420;0
20210303 224500;8.509210;8.510230;8.508930;8.509070;0
20210303 224600;8.509200;8.510370;8.509060;8.510300;0
20210303 224700;8.510030;8.514350;8.510020;8.514260;0
20210303 224800;8.514260;8.514260;8.513530;8.513530;0
20210303 224900;8.513530;8.513540;8.512800;8.513230;0
20210303 225000;8.513230;8.513590;8.512030;8.512610;0
20210303 225100;8.512620;8.512620;8.510870;8.511160;0
20210303 225200;8.511160;8.511330;8.509060;8.509240;0
20210303 225300;8.509250;8.509730;8.508270;8.508890;0
20210303 225400;8.508890;8.509310;8.508790;8.509030;0
20210303 225500;8.508850;8.510640;8.508780;8.510630;0
20210303 225600;8.510630;8.511520;8.510630;8.511520;0
20210303 225700;8.511400;8.512940;8.511240;8.512940;0
20210303 225800;8.512940;8.514650;8.512720;8.514630;0
20210303 225900;8.514620;8.515110;8.514230;8.515110;0
20210303 230000;8.514970;8.514970;8.513850;8.514040;0
20210303 230100;8.514040;8.514220;8.513470;8.514220;0
20210303 230200;8.514220;8.515270;8.511480;8.512110;0
20210303 230300;8.512040;8.514320;8.512040;8.514320;0
20210303 230400;8.514390;8.514500;8.512110;8.512450;0
20210303 230500;8.512450;8.515220;8.512260;8.514050;0
20210303 230600;8.514060;8.515860;8.513850;8.515450;0
20210303 230700;8.515450;8.517650;8.515080;8.515080;0
20210303 230800;8.515420;8.516110;8.515380;8.515630;0
20210303 230900;8.515670;8.515950;8.514780;8.514890;0
20210303 231000;8.514940;8.515500;8.514740;8.515300;0
20210303 231100;8.515300;8.516220;8.514660;8.514890;0
20210303 231200;8.514950;8.515260;8.513860;8.514280;0
20210303 231300;8.514380;8.517390;8.514380;8.516700;0
20210303 231400;8.516780;8.518810;8.516780;8.518810;0
20210303 231500;8.518350;8.519250;8.515900;8.516440;0
20210303 231600;8.516490;8.517070;8.513860;8.517000;0
20210303 231700;8.517050;8.518310;8.516910;8.518160;0
20210303 231800;8.518210;8.519590;8.517720;8.519590;0
20210303 231900;8.519550;8.519650;8.517290;8.517830;0
20210303 232000;8.517800;8.519820;8.517530;8.518630;0
20210303 232100;8.518600;8.519150;8.517840;8.518940;0
20210303 232200;8.518910;8.519640;8.518780;8.519560;0
20210303 232300;8.519350;8.519430;8.515950;8.516630;0
20210303 232400;8.516630;8.517490;8.516200;8.516690;0
20210303 232500;8.516640;8.518210;8.516590;8.517660;0
20210303 232600;8.517760;8.518190;8.514110;8.514980;0
20210303 232700;8.514980;8.515110;8.513770;8.514520;0
20210303 232800;8.514630;8.514830;8.513290;8.514190;0
20210303 232900;8.513890;8.515040;8.513550;8.514400;0
20210303 233000;8.514300;8.515020;8.513820;8.515020;0
20210303 233100;8.515020;8.515330;8.513600;8.513600;0
20210303 233200;8.513570;8.515150;8.513460;8.514530;0
20210303 233300;8.514050;8.515320;8.513870;8.515290;0
20210303 233400;8.515190;8.516820;8.515190;8.516620;0
20210303 233500;8.516720;8.516920;8.515250;8.516620;0
20210303 233600;8.516730;8.516920;8.514770;8.514770;0
20210303 233700;8.514770;8.514920;8.513510;8.513510;0
20210303 233800;8.513520;8.514090;8.513080;8.513830;0
20210303 233900;8.513830;8.513970;8.512890;8.513670;0
20210303 234000;8.513680;8.513970;8.513670;8.513690;0
20210303 234100;8.513680;8.513690;8.512240;8.512990;0
20210303 234200;8.512990;8.512990;8.512390;8.512420;0
20210303 234300;8.512420;8.512900;8.512260;8.512600;0
20210303 234400;8.512610;8.512610;8.512510;8.512600;0
20210303 234500;8.512540;8.512560;8.512160;8.512440;0
20210303 234600;8.512460;8.512970;8.512120;8.512550;0
20210303 234700;8.512550;8.512920;8.511890;8.512670;0
20210303 234800;8.512660;8.513220;8.512360;8.512360;0
20210303 234900;8.512370;8.512890;8.512290;8.512530;0
20210303 235000;8.512740;8.513950;8.512740;8.513460;0
20210303 235100;8.513320;8.513680;8.513320;8.513610;0
20210303 235200;8.513460;8.513460;8.512870;8.513020;0
20210303 235300;8.513010;8.513010;8.512370;8.512440;0
20210303 235400;8.512200;8.512390;8.512180;8.512180;0
20210303 235500;8.511960;8.512110;8.504620;8.506250;0
20210303 235600;8.506250;8.506590;8.505140;8.506210;0
20210303 235700;8.506260;8.506390;8.505670;8.506140;0
20210303 235800;8.506150;8.506240;8.505670;8.506090;0
20210303 235900;8.506230;8.506230;8.505230;8.505230;0
20210304 000000;8.505100;8.505450;8.503890;8.504880;0
20210304 000100;8.505170;8.506880;8.504760;8.506720;0
20210304 000200;8.506720;8.506830;8.504550;8.504780;0
20210304 000300;8.504850;8.505510;8.504630;8.505390;0
20210304 000400;8.505360;8.505490;8.504940;8.504990;0
20210304 000500;8.504980;8.505310;8.504260;8.505310;0
20210304 000600;8.505310;8.506120;8.504820;8.506020;0
20210304 000700;8.505910;8.505920;8.504920;8.505120;0
20210304 000800;8.505230;8.505730;8.503870;8.505160;0
20210304 000900;8.505160;8.505620;8.505160;8.505340;0
20210304 001000;8.505340;8.507220;8.505300;8.506920;0
20210304 001100;8.506850;8.507090;8.506420;8.506610;0
20210304 001200;8.506530;8.506750;8.505080;8.505090;0
20210304 001300;8.505380;8.505660;8.505020;8.505420;0
20210304 001400;8.505470;8.506520;8.505470;8.505800;0
20210304 001500;8.505800;8.505890;8.504970;8.504990;0
20210304 001600;8.504990;8.506020;8.503520;8.504320;0
20210304 001700;8.504220;8.505420;8.503970;8.505030;0
20210304 001800;8.505220;8.507520;8.505020;8.506360;0
20210304 001900;8.506360;8.506650;8.505330;8.505420;0
20210304 002000;8.505450;8.506020;8.503690;8.504920;0
20210304 002100;8.504720;8.506130;8.504030;8.505480;0
20210304 002200;8.505420;8.506320;8.502420;8.502920;0
20210304 002300;8.502880;8.505520;8.502880;8.504920;0
20210304 002400;8.504990;8.504990;8.503620;8.504520;0
20210304 002500;8.504590;8.506120;8.504520;8.505820;0
20210304 002600;8.505820;8.506820;8.505520;8.505820;0
20210304 002700;8.505880;8.506230;8.504920;8.505320;0
20210304 002800;8.505380;8.505930;8.504920;8.505920;0
20210304 002900;8.506120;8.506220;8.504820;8.505420;0
20210304 003000;8.505480;8.506580;8.504380;8.504380;0
20210304 003100;8.504320;8.505420;8.503720;8.503820;0
20210304 003200;8.504230;8.504520;8.501840;8.502280;0
20210304 003300;8.502270;8.503420;8.501590;8.503420;0
20210304 003400;8.503720;8.504220;8.502960;8.503320;0
20210304 003500;8.503430;8.503920;8.498020;8.499530;0
20210304 003600;8.499420;8.499420;8.498160;8.499130;0
20210304 003700;8.499120;8.500130;8.498340;8.500130;0
20210304 003800;8.500130;8.500270;8.492480;8.493220;0
20210304 003900;8.493130;8.496460;8.489520;8.490490;0
20210304 004000;8.490290;8.491430;8.490290;8.490820;0
20210304 004100;8.490830;8.497870;8.490760;8.497870;0
20210304 004200;8.497780;8.497780;8.496520;8.497040;0
20210304 004300;8.496730;8.497110;8.496090;8.496440;0
20210304 004400;8.496420;8.498120;8.496390;8.496450;0
20210304 004500;8.496440;8.496680;8.495900;8.496590;0
20210304 004600;8.496520;8.496930;8.496320;8.496420;0
20210304 004700;8.496320;8.496320;8.495760;8.495760;0
20210304 004800;8.495790;8.495790;8.495060;8.495060;0
20210304 004900;8.495060;8.495460;8.494890;8.495140;0
20210304 005000;8.495140;8.497330;8.495140;8.497330;0
20210304 005100;8.497420;8.498220;8.497240;8.497710;0
20210304 005200;8.497780;8.497780;8.497100;8.497100;0
20210304 005300;8.497060;8.497060;8.496640;8.496900;0
20210304 005400;8.496900;8.497800;8.496900;8.497380;0
20210304 005500;8.497320;8.498020;8.497250;8.497860;0
20210304 005600;8.498020;8.500020;8.497720;8.499740;0
20210304 005700;8.499600;8.499600;8.498020;8.499150;0
20210304 005800;8.499180;8.500110;8.498820;8.500060;0
20210304 005900;8.500120;8.500540;8.499230;8.499620;0
20210304 010000;8.499720;8.500930;8.499180;8.499190;0
20210304 010100;8.499180;8.499550;8.498700;8.499490;0
20210304 010200;8.499660;8.499660;8.498900;8.499470;0
20210304 010300;8.499470;8.500250;8.499470;8.499660;0
20210304 010400;8.499650;8.499850;8.497800;8.497800;0
20210304 010500;8.497810;8.498060;8.497330;8.497600;0
20210304 010600;8.497600;8.497930;8.497290;8.497290;0
20210304 010700;8.497290;8.497340;8.495580;8.495730;0
20210304 010800;8.495740;8.495840;8.494840;8.494960;0
20210304 010900;8.494960;8.495960;8.494680;8.495340;0
20210304 011000;8.495340;8.497600;8.495340;8.496930;0
20210304 011100;8.496930;8.496930;8.496310;8.496310;0
20210304 011200;8.496310;8.496310;8.495780;8.496040;0
20210304 011300;8.496050;8.496410;8.494330;8.496410;0
20210304 011400;8.496410;8.497290;8.496410;8.497290;0
20210304 011500;8.497290;8.497320;8.496390;8.496930;0
20210304 011600;8.496930;8.497320;8.496640;8.497250;0
20210304 011700;8.497260;8.497650;8.496930;8.497650;0
20210304 011800;8.497920;8.498400;8.497910;8.498040;0
20210304 011900;8.498040;8.498830;8.498040;8.498680;0
20210304 012000;8.498680;8.498690;8.497890;8.497960;0
20210304 012100;8.498090;8.498090;8.497350;8.497360;0
20210304 012200;8.497360;8.497360;8.496540;8.496730;0
20210304 012300;8.496800;8.497720;8.496800;8.497720;0
20210304 012400;8.497700;8.498250;8.497360;8.497670;0
20210304 012500;8.497810;8.498020;8.496650;8.496650;0
20210304 012600;8.496650;8.497080;8.496550;8.496710;0
20210304 012700;8.496710;8.496710;8.496100;8.496100;0
20210304 012800;8.496100;8.496100;8.495550;8.496080;0
20210304 012900;8.496220;8.496220;8.495730;8.495850;0
20210304 013000;8.495990;8.496420;8.495930;8.495930;0
20210304 013100;8.496080;8.497020;8.496080;8.496520;0
20210304 013200;8.496720;8.496720;8.495920;8.496280;0
20210304 013300;8.496620;8.497420;8.496320;8.497420;0
20210304 013400;8.497420;8.500220;8.497120;8.498220;0
20210304 013500;8.498520;8.499530;8.497910;8.499120;0
20210304 013600;8.499250;8.500520;8.499250;8.500330;0
20210304 013700;8.500130;8.500520;8.497820;8.498420;0
20210304 013800;8.498390;8.499530;8.498320;8.498720;0
20210304 013900;8.498630;8.498720;8.495720;8.498220;0
20210304 014000;8.498280;8.498330;8.496070;8.497180;0
20210304 014100;8.497180;8.497320;8.496300;8.496320;0
20210304 014200;8.496300;8.499420;8.496300;8.499120;0
20210304 014300;8.499420;8.499720;8.498640;8.499320;0
20210304 014400;8.499390;8.500780;8.499020;8.499280;0
20210304 014500;8.499280;8.500330;8.498830;8.499720;0
20210304 014600;8.499730;8.499930;8.498550;8.498550;0
20210304 014700;8.498550;8.498610;8.497360;8.497360;0
20210304 014800;8.497320;8.497640;8.496700;8.497640;0
20210304 014900;8.497590;8.497590;8.496270;8.496460;0
20210304 015000;8.496460;8.498530;8.496290;8.498310;0
20210304 015100;8.498100;8.498250;8.497620;8.497880;0
20210304 015200;8.497880;8.499040;8.497200;8.499040;0
20210304 015300;8.499050;8.499050;8.495440;8.495530;0
20210304 015400;8.495420;8.495420;8.492460;8.492540;0
20210304 015500;8.492470;8.492920;8.492460;8.492720;0
20210304 015600;8.492820;8.494800;8.492510;8.494660;0
20210304 015700;8.494590;8.494740;8.493830;8.493830;0
20210304 015800;8.493760;8.493830;8.493500;8.493590;0
20210304 015900;8.493520;8.493660;8.493250;8.493310;0
20210304 020000;8.493550;8.497480;8.493550;8.496200;0
20210304 020100;8.496280;8.496680;8.486140;8.488270;0
20210304 020200;8.488420;8.488870;8.485590;8.486480;0
20210304 020300;8.486480;8.487860;8.483180;8.485070;0
20210304 020400;8.485350;8.490540;8.485350;8.489990;0
20210304 020500;8.489840;8.494890;8.488320;8.494060;0
20210304 020600;8.493930;8.493930;8.492370;8.493420;0
20210304 020700;8.493270;8.494270;8.492820;8.493720;0
20210304 020800;8.493620;8.493930;8.488540;8.488620;0
20210304 020900;8.488650;8.488890;8.486380;8.488430;0
20210304 021000;8.488430;8.488890;8.487750;8.488890;0
20210304 021100;8.488980;8.492340;8.488830;8.491320;0
20210304 021200;8.491520;8.492240;8.488240;8.488240;0
20210304 021300;8.488370;8.489530;8.488370;8.489240;0
20210304 021400;8.489040;8.492870;8.487590;8.492370;0
20210304 021500;8.492550;8.492740;8.489460;8.489460;0
20210304 021600;8.489520;8.493780;8.489460;8.490720;0
20210304 021700;8.490600;8.491390;8.490370;8.491090;0
20210304 021800;8.491160;8.494230;8.490800;8.494230;0
20210304 021900;8.494220;8.495960;8.493720;8.495530;0
20210304 022000;8.495530;8.496040;8.493300;8.493570;0
20210304 022100;8.493540;8.494280;8.493530;8.494270;0
20210304 022200;8.494270;8.494310;8.492780;8.494150;0
20210304 022300;8.494140;8.494300;8.492820;8.493930;0
20210304 022400;8.494020;8.494030;8.490090;8.490470;0
20210304 022500;8.490470;8.490470;8.487740;8.489360;0
20210304 022600;8.489520;8.489630;8.488380;8.489270;0
20210304 022700;8.489350;8.490310;8.486100;8.486450;0
20210304 022800;8.486720;8.486760;8.484130;8.486020;0
20210304 022900;8.485920;8.487320;8.485610;8.486360;0
20210304 023000;8.486290;8.487180;8.483190;8.486710;0
20210304 023100;8.486710;8.488440;8.486620;8.486950;0
20210304 023200;8.486990;8.486990;8.482830;8.483810;0
20210304 023300;8.483810;8.485680;8.483070;8.485050;0
20210304 023400;8.485020;8.485220;8.481350;8.482320;0
20210304 023500;8.482170;8.482790;8.477510;8.477660;0
20210304 023600;8.477560;8.478120;8.474570;8.476730;0
20210304 023700;8.476730;8.478120;8.476220;8.477210;0
20210304 023800;8.477510;8.481160;8.476310;8.480660;0
20210304 023900;8.480660;8.484840;8.478930;8.482830;0
20210304 024000;8.482720;8.484310;8.482150;8.483320;0
20210304 024100;8.483320;8.487500;8.482230;8.486830;0
20210304 024200;8.486840;8.487010;8.483920;8.485680;0
20210304 024300;8.485830;8.487550;8.485220;8.487370;0
20210304 024400;8.487330;8.487870;8.485980;8.486230;0
20210304 024500;8.486420;8.486580;8.485530;8.485920;0
20210304 024600;8.485920;8.486510;8.484780;8.485600;0
20210304 024700;8.485320;8.486380;8.483160;8.486080;0
20210304 024800;8.486070;8.491030;8.486070;8.490560;0
20210304 024900;8.490560;8.492160;8.490510;8.491920;0
20210304 025000;8.491910;8.491910;8.490200;8.491150;0
20210304 025100;8.491160;8.492980;8.491050;8.492870;0
20210304 025200;8.492760;8.492960;8.490910;8.491020;0
20210304 025300;8.491010;8.491240;8.489410;8.490380;0
20210304 025400;8.490380;8.492040;8.489720;8.491890;0
20210304 025500;8.491890;8.494410;8.491890;8.493800;0
20210304 025600;8.493800;8.495780;8.493310;8.494970;0
20210304 025700;8.494840;8.495630;8.494050;8.494830;0
20210304 025800;8.495020;8.497970;8.495020;8.496790;0
20210304 025900;8.496860;8.498720;8.496250;8.498500;0
20210304 030000;8.498500;8.499030;8.490280;8.491070;0
20210304 030100;8.490940;8.491190;8.485350;8.485620;0
20210304 030200;8.485830;8.485970;8.481960;8.485790;0
20210304 030300;8.485940;8.490440;8.485770;8.488030;0
20210304 030400;8.488130;8.489450;8.487760;8.488010;0
20210304 030500;8.487870;8.487940;8.477270;8.480830;0
20210304 030600;8.481110;8.483450;8.479340;8.482900;0
20210304 030700;8.482960;8.492700;8.482810;8.491490;0
20210304 030800;8.491500;8.492120;8.489120;8.489150;0
20210304 030900;8.489150;8.490520;8.487970;8.487970;0
20210304 031000;8.488050;8.489430;8.487140;8.487150;0
20210304 031100;8.487340;8.487340;8.481680;8.483580;0
20210304 031200;8.483670;8.490470;8.483020;8.490000;0
20210304 031300;8.489910;8.489960;8.485290;8.486980;0
20210304 031400;8.487390;8.492080;8.486150;8.489990;0
20210304 031500;8.490100;8.495210;8.488740;8.488870;0
20210304 031600;8.488870;8.490400;8.487280;8.489930;0
20210304 031700;8.490000;8.492540;8.487540;8.491910;0
20210304 031800;8.491910;8.492760;8.487410;8.487610;0
20210304 031900;8.487370;8.488370;8.484800;8.485210;0
20210304 032000;8.485390;8.485530;8.475890;8.476690;0
20210304 032100;8.476880;8.482730;8.474440;8.481080;0
20210304 032200;8.481110;8.483620;8.481090;8.483000;0
20210304 032300;8.483000;8.484260;8.482600;8.483500;0
20210304 032400;8.483640;8.488410;8.482680;8.488410;0
20210304 032500;8.488440;8.492340;8.488050;8.488320;0
20210304 032600;8.488320;8.491740;8.487810;8.491590;0
20210304 032700;8.491520;8.491520;8.488390;8.488620;0
20210304 032800;8.488660;8.492870;8.488530;8.492590;0
20210304 032900;8.492590;8.492590;8.486380;8.487020;0
20210304 033000;8.487080;8.489430;8.485320;8.485480;0
20210304 033100;8.485440;8.485610;8.484170;8.484900;0
20210304 033200;8.484770;8.484880;8.482820;8.483500;0
20210304 033300;8.483600;8.484640;8.482790;8.483820;0
20210304 033400;8.483990;8.484400;8.482730;8.482900;0
20210304 033500;8.482900;8.484220;8.482110;8.483720;0
20210304 033600;8.483620;8.487160;8.483620;8.484910;0
20210304 033700;8.484910;8.490020;8.484690;8.488780;0
20210304 033800;8.488840;8.489280;8.486240;8.488290;0
20210304 033900;8.488170;8.488580;8.480920;8.481020;0
20210304 034000;8.481120;8.483830;8.479060;8.481220;0
20210304 034100;8.481320;8.482920;8.480590;8.482460;0
20210304 034200;8.482410;8.488180;8.482410;8.485540;0
20210304 034300;8.485490;8.487890;8.482810;8.485940;0
20210304 034400;8.485900;8.489260;8.484420;8.486430;0
20210304 034500;8.486430;8.488120;8.480870;8.487820;0
20210304 034600;8.488010;8.488320;8.482710;8.483390;0
20210304 034700;8.483390;8.485110;8.483230;8.485110;0
20210304 034800;8.484980;8.490340;8.484910;8.488750;0
20210304 034900;8.488820;8.494070;8.488820;8.493730;0
20210304 035000;8.493720;8.497880;8.493380;8.497430;0
20210304 035100;8.497270;8.499770;8.497210;8.499520;0
20210304 035200;8.499530;8.499710;8.495910;8.496570;0
20210304 035300;8.496700;8.500500;8.496620;8.498740;0
20210304 035400;8.498740;8.498750;8.489950;8.495240;0
20210304 035500;8.495160;8.495160;8.491500;8.494210;0
20210304 035600;8.494230;8.494590;8.493940;8.494280;0
20210304 035700;8.494370;8.494430;8.492840;8.494230;0
20210304 035800;8.494390;8.494960;8.491530;8.492310;0
20210304 035900;8.492320;8.494720;8.492200;8.494280;0
20210304 040000;8.494210;8.494210;8.492340;8.493580;0
20210304 040100;8.493580;8.495220;8.489730;8.491480;0
20210304 040200;8.491480;8.496530;8.491480;8.496060;0
20210304 040300;8.496160;8.496160;8.493810;8.493830;0
20210304 040400;8.493970;8.499300;8.493880;8.498340;0
20210304 040500;8.498340;8.499860;8.496360;8.499860;0
20210304 040600;8.499680;8.501440;8.497650;8.497840;0
20210304 040700;8.497820;8.501810;8.494130;8.501700;0
20210304 040800;8.501700;8.503460;8.500610;8.501420;0
20210304 040900;8.501420;8.503220;8.500780;8.501130;0
20210304 041000;8.501000;8.503650;8.499570;8.503110;0
20210304 041100;8.503110;8.503930;8.501510;8.502200;0
20210304 041200;8.502220;8.509250;8.502220;8.509030;0
20210304 041300;8.508860;8.509620;8.506940;8.507440;0
20210304 041400;8.507440;8.507720;8.506320;8.507570;0
20210304 041500;8.507660;8.507820;8.503780;8.505680;0
20210304 041600;8.505610;8.505670;8.500610;8.500750;0
20210304 041700;8.500770;8.507910;8.500740;8.507530;0
20210304 041800;8.507440;8.514020;8.507440;8.513250;0
20210304 041900;8.513250;8.516360;8.512690;8.515740;0
20210304 042000;8.515730;8.519250;8.514980;8.517340;0
20210304 042100;8.517340;8.518240;8.516720;8.518120;0
20210304 042200;8.518120;8.527080;8.518120;8.523190;0
20210304 042300;8.523100;8.525730;8.521510;8.523430;0
20210304 042400;8.523430;8.524260;8.519940;8.521270;0
20210304 042500;8.521380;8.522230;8.517970;8.518420;0
20210304 042600;8.518420;8.519310;8.515790;8.519310;0
20210304 042700;8.519310;8.520360;8.518620;8.519010;0
20210304 042800;8.519010;8.519790;8.516730;8.519250;0
20210304 042900;8.519310;8.519310;8.517050;8.517590;0
20210304 043000;8.517590;8.522010;8.516890;8.521090;0
20210304 043100;8.521300;8.521500;8.517930;8.521190;0
20210304 043200;8.521190;8.522920;8.519020;8.520260;0
20210304 043300;8.520620;8.520620;8.515050;8.515970;0
20210304 043400;8.515970;8.518820;8.515970;8.517790;0
20210304 043500;8.517790;8.519470;8.516620;8.517570;0
20210304 043600;8.517570;8.517860;8.516760;8.516950;0
20210304 043700;8.516940;8.517120;8.513960;8.516630;0
20210304 043800;8.516630;8.517820;8.514750;8.515800;0
20210304 043900;8.515640;8.516590;8.513010;8.513620;0
20210304 044000;8.513660;8.517590;8.513660;8.516720;0
20210304 044100;8.516720;8.517530;8.516150;8.516630;0
20210304 044200;8.516510;8.520550;8.515970;8.520120;0
20210304 044300;8.520090;8.525760;8.519580;8.525690;0
20210304 044400;8.525690;8.526860;8.523240;8.526840;0
20210304 044500;8.526840;8.530490;8.526220;8.530440;0
20210304 044600;8.530480;8.531340;8.529500;8.530210;0
20210304 044700;8.530090;8.530470;8.520360;8.525920;0
20210304 044800;8.525890;8.526630;8.520370;8.521510;0
20210304 044900;8.521470;8.523310;8.518750;8.521340;0
20210304 045000;8.521510;8.522400;8.518710;8.519030;0
20210304 045100;8.519020;8.519190;8.515300;8.515400;0
20210304 045200;8.515400;8.525540;8.515160;8.524480;0
20210304 045300;8.524450;8.526930;8.522460;8.525500;0
20210304 045400;8.525850;8.526890;8.522450;8.523210;0
20210304 045500;8.523390;8.528260;8.521650;8.521820;0
20210304 045600;8.521520;8.523240;8.520700;8.522320;0
20210304 045700;8.522470;8.523850;8.520760;8.520980;0
20210304 045800;8.520910;8.524890;8.520910;8.524500;0
20210304 045900;8.524680;8.525920;8.523930;8.523940;0
20210304 050000;8.523510;8.524130;8.522900;8.523150;0
20210304 050100;8.523180;8.523340;8.522340;8.522340;0
20210304 050200;8.522280;8.525740;8.521320;8.525740;0
20210304 050300;8.525540;8.527820;8.524120;8.527120;0
20210304 050400;8.527130;8.529450;8.525030;8.525590;0
20210304 050500;8.525590;8.531490;8.525590;8.531440;0
20210304 050600;8.531480;8.531480;8.528690;8.529820;0
20210304 050700;8.529830;8.532780;8.529550;8.532280;0
20210304 050800;8.532450;8.536920;8.532450;8.536040;0
20210304 050900;8.535980;8.536220;8.534490;8.535640;0
20210304 051000;8.535550;8.535860;8.527190;8.534050;0
20210304 051100;8.534180;8.535010;8.532840;8.534540;0
20210304 051200;8.534700;8.538910;8.534660;8.538910;0
20210304 051300;8.538910;8.538920;8.537130;8.538720;0
20210304 051400;8.538710;8.539240;8.536470;8.537010;0
20210304 051500;8.536940;8.539590;8.534930;8.538870;0
20210304 051600;8.538670;8.546010;8.537830;8.545830;0
20210304 051700;8.546260;8.550080;8.545130;8.547570;0
20210304 051800;8.547560;8.548420;8.544170;8.545690;0
20210304 051900;8.545680;8.549360;8.545680;8.548710;0
20210304 052000;8.549070;8.549070;8.535730;8.535730;0
20210304 052100;8.535570;8.536910;8.532810;8.533690;0
20210304 052200;8.533830;8.534930;8.526000;8.534590;0
20210304 052300;8.534640;8.535220;8.528530;8.529350;0
20210304 052400;8.529350;8.531640;8.529350;8.530000;0
20210304 052500;8.530110;8.534310;8.527780;8.533310;0
20210304 052600;8.533270;8.533520;8.527870;8.530340;0
20210304 052700;8.530070;8.534830;8.529760;8.533560;0
20210304 052800;8.533880;8.536240;8.529930;8.534610;0
20210304 052900;8.534650;8.535750;8.531770;8.531810;0
20210304 053000;8.531810;8.533080;8.531320;8.532860;0
20210304 053100;8.532960;8.533230;8.527750;8.530670;0
20210304 053200;8.530420;8.530580;8.524950;8.524980;0
20210304 053300;8.524850;8.530120;8.524230;8.529280;0
20210304 053400;8.529110;8.533360;8.524750;8.532670;0
20210304 053500;8.532670;8.532670;8.529370;8.530140;0
20210304 053600;8.530140;8.536390;8.529870;8.536070;0
20210304 053700;8.535970;8.539960;8.535900;8.537980;0
20210304 053800;8.537980;8.537990;8.536430;8.537570;0
20210304 053900;8.537620;8.538420;8.537550;8.537620;0
20210304 054000;8.537620;8.538330;8.532430;8.532600;0
20210304 054100;8.532680;8.543950;8.532450;8.542110;0
20210304 054200;8.542030;8.542030;8.535150;8.537430;0
20210304 054300;8.537550;8.537550;8.531200;8.531480;0
20210304 054400;8.531450;8.531870;8.530540;8.531040;0
20210304 054500;8.531090;8.532030;8.530740;8.531090;0
20210304 054600;8.531090;8.531250;8.530030;8.530200;0
20210304 054700;8.530200;8.531150;8.529620;8.530970;0
20210304 054800;8.531120;8.531120;8.529470;8.529470;0
20210304 054900;8.529380;8.529920;8.529100;8.529370;0
20210304 055000;8.529300;8.531470;8.526030;8.529920;0
20210304 055100;8.530000;8.531750;8.529120;8.529120;0
20210304 055200;8.529120;8.529120;8.523960;8.528740;0
20210304 055300;8.528740;8.531220;8.528550;8.531170;0
20210304 055400;8.531140;8.532570;8.530010;8.530110;0
20210304 055500;8.530250;8.531190;8.529920;8.530660;0
20210304 055600;8.530660;8.532900;8.530660;8.531050;0
20210304 055700;8.531210;8.531250;8.528750;8.529390;0
20210304 055800;8.529380;8.529710;8.526620;8.527910;0
20210304 055900;8.528020;8.530710;8.527340;8.528350;0
20210304 060000;8.528230;8.535200;8.528170;8.534710;0
20210304 060100;8.534770;8.534990;8.527720;8.532060;0
20210304 060200;8.532000;8.532000;8.528850;8.530670;0
20210304 060300;8.530670;8.531530;8.526420;8.526420;0
20210304 060400;8.526320;8.529470;8.524100;8.529100;0
20210304 060500;8.529150;8.532120;8.529080;8.531900;0
20210304 060600;8.531930;8.532330;8.529800;8.530220;0
20210304 060700;8.530100;8.532040;8.527270;8.530160;0
20210304 060800;8.530160;8.530160;8.528000;8.528940;0
20210304 060900;8.529120;8.529530;8.525170;8.525220;0
20210304 061000;8.525130;8.529650;8.524920;8.529570;0
20210304 061100;8.530010;8.531280;8.528420;8.529060;0
20210304 061200;8.529120;8.530690;8.528900;8.530690;0
20210304 061300;8.530820;8.534880;8.530720;8.534340;0
20210304 061400;8.534330;8.536520;8.534130;8.534690;0
20210304 061500;8.534780;8.538970;8.530770;8.534660;0
20210304 061600;8.534650;8.540180;8.534650;8.538880;0
20210304 061700;8.538880;8.539630;8.532420;8.534700;0
20210304 061800;8.534550;8.534770;8.530550;8.530560;0
20210304 061900;8.530580;8.532210;8.530290;8.531720;0
20210304 062000;8.531730;8.531750;8.527320;8.530320;0
20210304 062100;8.530420;8.530420;8.529660;8.529790;0
20210304 062200;8.529630;8.529660;8.526490;8.527480;0
20210304 062300;8.527780;8.532640;8.527780;8.529950;0
20210304 062400;8.529960;8.531080;8.529360;8.530300;0
20210304 062500;8.530300;8.531760;8.529340;8.531520;0
20210304 062600;8.531670;8.532660;8.526820;8.527400;0
20210304 062700;8.527400;8.529350;8.527390;8.529060;0
20210304 062800;8.528990;8.531070;8.528650;8.529880;0
20210304 062900;8.530030;8.530980;8.527320;8.530620;0
20210304 063000;8.530610;8.535620;8.530610;8.531720;0
20210304 063100;8.531720;8.532520;8.526580;8.531140;0
20210304 063200;8.531130;8.532690;8.528180;8.531110;0
20210304 063300;8.530570;8.533030;8.527920;8.531940;0
20210304 063400;8.531950;8.533230;8.531890;8.532580;0
20210304 063500;8.532500;8.532520;8.529900;8.530500;0
20210304 063600;8.530460;8.532550;8.529620;8.530090;0
20210304 063700;8.530160;8.530170;8.526120;8.526120;0
20210304 063800;8.526250;8.526490;8.521400;8.521400;0
20210304 063900;8.521400;8.521410;8.517720;8.519220;0
20210304 064000;8.519230;8.522550;8.519230;8.521730;0
20210304 064100;8.521660;8.526300;8.521660;8.526140;0
20210304 064200;8.525830;8.526070;8.523610;8.524830;0
20210304 064300;8.525010;8.529180;8.525010;8.526340;0
20210304 064400;8.526330;8.526500;8.523000;8.523750;0
20210304 064500;8.523770;8.524860;8.521220;8.524210;0
20210304 064600;8.524140;8.525370;8.521360;8.521360;0
20210304 064700;8.521310;8.521530;8.519350;8.519910;0
20210304 064800;8.520100;8.520690;8.517750;8.517850;0
20210304 064900;8.517850;8.519160;8.517190;8.518300;0
20210304 065000;8.517460;8.520860;8.516160;8.518070;0
20210304 065100;8.518070;8.520760;8.514430;8.514430;0
20210304 065200;8.514430;8.514830;8.511110;8.511110;0
20210304 065300;8.510960;8.515290;8.510430;8.514930;0
20210304 065400;8.514780;8.514790;8.507420;8.507730;0
20210304 065500;8.507420;8.508480;8.505390;8.506060;0
20210304 065600;8.506060;8.512890;8.505320;8.511560;0
20210304 065700;8.511230;8.512560;8.509550;8.512290;0
20210304 065800;8.512290;8.512860;8.509270;8.512630;0
20210304 065900;8.512600;8.515810;8.511720;8.515610;0
20210304 070000;8.515610;8.517260;8.511450;8.512650;0
20210304 070100;8.512500;8.512930;8.511780;8.511860;0
20210304 070200;8.511860;8.513600;8.511420;8.512500;0
20210304 070300;8.512360;8.512960;8.511160;8.512370;0
20210304 070400;8.512360;8.513980;8.510270;8.513920;0
20210304 070500;8.513920;8.518400;8.513880;8.517230;0
20210304 070600;8.517230;8.517230;8.515360;8.515640;0
20210304 070700;8.515640;8.517800;8.515630;8.516330;0
20210304 070800;8.516330;8.517350;8.515930;8.516390;0
20210304 070900;8.516390;8.516390;8.512410;8.513010;0
20210304 071000;8.512970;8.517770;8.512460;8.517270;0
20210304 071100;8.517270;8.518300;8.514820;8.514900;0
20210304 071200;8.514860;8.514860;8.511620;8.513230;0
20210304 071300;8.513150;8.513790;8.512690;8.513380;0
20210304 071400;8.513340;8.514620;8.510840;8.511030;0
20210304 071500;8.511160;8.512920;8.509740;8.512710;0
20210304 071600;8.512730;8.513480;8.512630;8.512800;0
20210304 071700;8.513030;8.515030;8.510970;8.514150;0
20210304 071800;8.514220;8.515080;8.511180;8.511390;0
20210304 071900;8.511380;8.513490;8.511070;8.512950;0
20210304 072000;8.512980;8.514020;8.512320;8.513330;0
20210304 072100;8.513330;8.514770;8.513100;8.514770;0
20210304 072200;8.514950;8.515330;8.513640;8.514790;0
20210304 072300;8.514750;8.515320;8.511980;8.513380;0
20210304 072400;8.513210;8.515720;8.512540;8.514780;0
20210304 072500;8.514780;8.516920;8.514080;8.516920;0
20210304 072600;8.516920;8.517790;8.515300;8.517360;0
20210304 072700;8.517360;8.517830;8.516570;8.517030;0
20210304 072800;8.517030;8.517600;8.515440;8.515920;0
20210304 072900;8.515920;8.518090;8.515020;8.515570;0
20210304 073000;8.515550;8.518900;8.514180;8.518280;0
20210304 073100;8.518050;8.518050;8.515030;8.516520;0
20210304 073200;8.516520;8.518670;8.515550;8.516510;0
20210304 073300;8.516530;8.519130;8.516520;8.518980;0
20210304 073400;8.518870;8.519190;8.515760;8.517680;0
20210304 073500;8.517540;8.518840;8.514970;8.515060;0
20210304 073600;8.515010;8.516670;8.514260;8.516520;0
20210304 073700;8.516560;8.519710;8.516550;8.519510;0
20210304 073800;8.519510;8.519940;8.518920;8.519560;0
20210304 073900;8.519830;8.520060;8.518610;8.519480;0
20210304 074000;8.519530;8.519530;8.516630;8.518380;0
20210304 074100;8.518380;8.522300;8.518240;8.520730;0
20210304 074200;8.520730;8.521520;8.515820;8.517420;0
20210304 074300;8.517800;8.519010;8.516860;8.518430;0
20210304 074400;8.518510;8.518660;8.515980;8.516180;0
20210304 074500;8.516100;8.516100;8.513120;8.513330;0
20210304 074600;8.513320;8.515020;8.512810;8.515020;0
20210304 074700;8.515010;8.517610;8.514940;8.514970;0
20210304 074800;8.514960;8.516600;8.512310;8.515090;0
20210304 074900;8.514930;8.517150;8.514070;8.516340;0
20210304 075000;8.516470;8.516880;8.515040;8.516390;0
20210304 075100;8.516480;8.521040;8.516480;8.520580;0
20210304 075200;8.520690;8.521800;8.517680;8.519380;0
20210304 075300;8.519340;8.521220;8.518070;8.521080;0
20210304 075400;8.521080;8.523110;8.517250;8.517250;0
20210304 075500;8.517250;8.521600;8.516490;8.520130;0
20210304 075600;8.520070;8.522120;8.518200;8.519600;0
20210304 075700;8.519610;8.519940;8.516640;8.516950;0
20210304 075800;8.516850;8.520690;8.516850;8.517580;0
20210304 075900;8.517490;8.524850;8.516850;8.520840;0
20210304 080000;8.520760;8.526710;8.518570;8.519690;0
20210304 080100;8.519700;8.519700;8.516520;8.519260;0
20210304 080200;8.519080;8.523840;8.517080;8.522360;0
20210304 080300;8.522360;8.522360;8.516570;8.522250;0
20210304 080400;8.522250;8.524310;8.521230;8.524290;0
20210304 080500;8.524200;8.525320;8.522870;8.523100;0
20210304 080600;8.523070;8.527940;8.520860;8.527130;0
20210304 080700;8.527150;8.528490;8.524960;8.525190;0
20210304 080800;8.525220;8.529390;8.524920;8.529240;0
20210304 080900;8.529250;8.531760;8.527560;8.528450;0
20210304 081000;8.528450;8.529730;8.524470;8.525900;0
20210304 081100;8.525900;8.528300;8.525900;8.527490;0
20210304 081200;8.527610;8.529830;8.524970;8.524970;0
20210304 081300;8.524970;8.525050;8.521020;8.523830;0
20210304 081400;8.523780;8.525530;8.523430;8.523900;0
20210304 081500;8.523830;8.523850;8.520020;8.521240;0
20210304 081600;8.521250;8.521250;8.518550;8.519440;0
20210304 081700;8.519440;8.521910;8.519090;8.521910;0
20210304 081800;8.521920;8.522360;8.519200;8.519200;0
20210304 081900;8.519290;8.521600;8.516780;8.517380;0
20210304 082000;8.517370;8.521120;8.517370;8.519930;0
20210304 082100;8.519960;8.519960;8.515540;8.516090;0
20210304 082200;8.516090;8.516220;8.514640;8.515640;0
20210304 082300;8.515650;8.519340;8.515420;8.517030;0
20210304 082400;8.516960;8.516960;8.514340;8.515650;0
20210304 082500;8.515480;8.516230;8.513920;8.514250;0
20210304 082600;8.514240;8.515880;8.512320;8.512470;0
20210304 082700;8.512450;8.512670;8.509900;8.509900;0
20210304 082800;8.509870;8.511340;8.509720;8.511290;0
20210304 082900;8.511190;8.515400;8.511040;8.513000;0
20210304 083000;8.513000;8.521550;8.511430;8.514720;0
20210304 083100;8.514660;8.515660;8.507510;8.510320;0
20210304 083200;8.510300;8.510710;8.508650;8.508650;0
20210304 083300;8.508350;8.510810;8.506650;8.510790;0
20210304 083400;8.511000;8.515140;8.509400;8.514910;0
20210304 083500;8.515040;8.515450;8.511060;8.511830;0
20210304 083600;8.511960;8.513980;8.511440;8.513920;0
20210304 083700;8.514110;8.516560;8.511180;8.511470;0
20210304 083800;8.511510;8.513280;8.508020;8.508180;0
20210304 083900;8.508220;8.508310;8.504970;8.504970;0
20210304 084000;8.504930;8.504930;8.501240;8.501570;0
20210304 084100;8.501550;8.501550;8.497160;8.498550;0
20210304 084200;8.498450;8.499060;8.495880;8.495880;0
20210304 084300;8.495840;8.503020;8.495150;8.501640;0
20210304 084400;8.501650;8.505940;8.501650;8.503830;0
20210304 084500;8.503940;8.505710;8.503470;8.503480;0
20210304 084600;8.503440;8.505760;8.502900;8.503450;0
20210304 084700;8.503530;8.507190;8.503310;8.505850;0
20210304 084800;8.505770;8.505770;8.502730;8.503350;0
20210304 084900;8.503090;8.503230;8.501380;8.502260;0
20210304 085000;8.502110;8.502110;8.500050;8.501590;0
20210304 085100;8.501440;8.501660;8.499150;8.500340;0
20210304 085200;8.500260;8.501430;8.499980;8.500110;0
20210304 085300;8.500130;8.500330;8.494240;8.495460;0
20210304 085400;8.495460;8.497070;8.494220;8.496290;0
20210304 085500;8.496290;8.498820;8.493990;8.495670;0
20210304 085600;8.495670;8.496130;8.494640;8.496120;0
20210304 085700;8.496020;8.496750;8.492200;8.495430;0
20210304 085800;8.495490;8.496290;8.492030;8.492360;0
20210304 085900;8.492250;8.494460;8.491400;8.492710;0
20210304 090000;8.492720;8.494500;8.487030;8.493820;0
20210304 090100;8.493720;8.494580;8.492130;8.493740;0
20210304 090200;8.494730;8.499680;8.492920;8.494170;0
20210304 090300;8.494350;8.497530;8.494350;8.496630;0
20210304 090400;8.496800;8.503150;8.496680;8.498520;0
20210304 090500;8.498660;8.498740;8.495230;8.496890;0
20210304 090600;8.496750;8.497210;8.490380;8.490460;0
20210304 090700;8.490520;8.493400;8.490520;8.491050;0
20210304 090800;8.490840;8.494330;8.488920;8.493060;0
20210304 090900;8.493070;8.497800;8.493070;8.497550;0
20210304 091000;8.497550;8.498630;8.494250;8.494470;0
20210304 091100;8.494550;8.495660;8.492960;8.493660;0
20210304 091200;8.493780;8.493780;8.488810;8.491840;0
20210304 091300;8.491850;8.492250;8.490160;8.491710;0
20210304 091400;8.491590;8.491590;8.486850;8.487460;0
20210304 091500;8.487430;8.491620;8.485250;8.491410;0
20210304 091600;8.491520;8.493830;8.491370;8.493520;0
20210304 091700;8.493510;8.495530;8.493510;8.494400;0
20210304 091800;8.494440;8.494440;8.492540;8.492630;0
20210304 091900;8.492720;8.493600;8.491820;8.491900;0
20210304 092000;8.491950;8.492670;8.488520;8.488830;0
20210304 092100;8.488740;8.490750;8.488090;8.490740;0
20210304 092200;8.490830;8.491440;8.489760;8.490840;0
20210304 092300;8.490880;8.491650;8.487690;8.487700;0
20210304 092400;8.487820;8.490450;8.486200;8.487940;0
20210304 092500;8.488080;8.493390;8.487460;8.493390;0
20210304 092600;8.493520;8.495340;8.493260;8.495060;0
20210304 092700;8.495060;8.495360;8.491630;8.493070;0
20210304 092800;8.493120;8.494070;8.492130;8.493090;0
20210304 092900;8.494290;8.501750;8.492110;8.495690;0
20210304 093000;8.495610;8.496860;8.493110;8.494010;0
20210304 093100;8.493940;8.494110;8.491940;8.491940;0
20210304 093200;8.491940;8.491940;8.485420;8.485680;0
20210304 093300;8.485640;8.488130;8.482630;8.487410;0
20210304 093400;8.487250;8.488210;8.484980;8.487650;0
20210304 093500;8.487650;8.487650;8.483770;8.486380;0
20210304 093600;8.486390;8.488880;8.484010;8.488420;0
20210304 093700;8.488410;8.489860;8.486670;8.489460;0
20210304 093800;8.489460;8.489460;8.484620;8.486270;0
20210304 093900;8.486430;8.487960;8.486030;8.486110;0
20210304 094000;8.486220;8.486620;8.482200;8.485580;0
20210304 094100;8.485580;8.486790;8.483030;8.483220;0
20210304 094200;8.483300;8.486640;8.482620;8.485400;0
20210304 094300;8.485550;8.489230;8.483940;8.489220;0
20210304 094400;8.489360;8.489430;8.483410;8.484370;0
20210304 094500;8.484260;8.488280;8.482470;8.487790;0
20210304 094600;8.487620;8.489130;8.484650;8.488000;0
20210304 094700;8.488000;8.492200;8.488000;8.491920;0
20210304 094800;8.491920;8.497380;8.490070;8.496410;0
20210304 094900;8.496300;8.500220;8.494110;8.499380;0
20210304 095000;8.499450;8.500950;8.498250;8.499350;0
20210304 095100;8.499310;8.503400;8.498310;8.500950;0
20210304 095200;8.500830;8.500850;8.495600;8.499550;0
20210304 095300;8.499530;8.500240;8.496070;8.496540;0
20210304 095400;8.496550;8.499150;8.492650;8.494090;0
20210304 095500;8.494330;8.494730;8.491710;8.493990;0
20210304 095600;8.493930;8.500060;8.493930;8.498200;0
20210304 095700;8.498070;8.504650;8.497660;8.501060;0
20210304 095800;8.501050;8.501300;8.494650;8.494720;0
20210304 095900;8.494450;8.497200;8.493800;8.495240;0
20210304 100000;8.495230;8.506280;8.495230;8.504450;0
20210304 100100;8.504450;8.505240;8.498530;8.498740;0
20210304 100200;8.498790;8.499500;8.489540;8.490140;0
20210304 100300;8.490150;8.499030;8.490100;8.498440;0
20210304 100400;8.498720;8.502990;8.498220;8.502910;0
20210304 100500;8.502880;8.503280;8.499660;8.501350;0
20210304 100600;8.501420;8.501670;8.497590;8.499840;0
20210304 100700;8.500350;8.507850;8.498850;8.507710;0
20210304 100800;8.507660;8.510680;8.503810;8.505610;0
20210304 100900;8.505780;8.510590;8.504950;8.507750;0
20210304 101000;8.507700;8.509360;8.507490;8.508740;0
20210304 101100;8.508840;8.510540;8.508300;8.510180;0
20210304 101200;8.510310;8.511900;8.507040;8.508910;0
20210304 101300;8.508700;8.509440;8.505340;8.506820;0
20210304 101400;8.506830;8.507300;8.501150;8.501230;0
20210304 101500;8.501240;8.505980;8.499600;8.501120;0
20210304 101600;8.501130;8.503890;8.500490;8.500900;0
20210304 101700;8.500900;8.507520;8.500900;8.507290;0
20210304 101800;8.507190;8.511670;8.505300;8.510570;0
20210304 101900;8.510540;8.514330;8.510170;8.513170;0
20210304 102000;8.513310;8.514810;8.509450;8.509930;0
20210304 102100;8.509910;8.509910;8.502560;8.502660;0
20210304 102200;8.502570;8.503110;8.498430;8.499120;0
20210304 102300;8.499110;8.499930;8.498480;8.499530;0
20210304 102400;8.499420;8.503240;8.495520;8.499370;0
20210304 102500;8.499850;8.504040;8.499520;8.501910;0
20210304 102600;8.502390;8.504430;8.501560;8.503790;0
20210304 102700;8.503530;8.503530;8.499210;8.499430;0
20210304 102800;8.499420;8.499420;8.493520;8.493750;0
20210304 102900;8.493760;8.496300;8.493760;8.495120;0
20210304 103000;8.495250;8.497250;8.494230;8.495770;0
20210304 103100;8.495820;8.495860;8.491070;8.495850;0
20210304 103200;8.495910;8.503720;8.493690;8.497050;0
20210304 103300;8.496980;8.498200;8.495870;8.497590;0
20210304 103400;8.497520;8.501190;8.496770;8.496770;0
20210304 103500;8.496600;8.496600;8.493050;8.494290;0
20210304 103600;8.494110;8.495270;8.491240;8.491240;0
20210304 103700;8.491150;8.492190;8.488020;8.488140;0
20210304 103800;8.488070;8.490130;8.487170;8.489830;0
20210304 103900;8.489810;8.489810;8.486370;8.486370;0
20210304 104000;8.486500;8.488660;8.486280;8.487240;0
20210304 104100;8.487840;8.487850;8.480840;8.482520;0
20210304 104200;8.482600;8.482600;8.480060;8.480670;0
20210304 104300;8.480620;8.481650;8.479880;8.479980;0
20210304 104400;8.480380;8.481630;8.479450;8.480640;0
20210304 104500;8.480640;8.481690;8.479380;8.481690;0
20210304 104600;8.481540;8.485810;8.480080;8.481040;0
20210304 104700;8.481050;8.481890;8.474490;8.475350;0
20210304 104800;8.475350;8.478980;8.473810;8.478590;0
20210304 104900;8.478590;8.482740;8.477830;8.478880;0
20210304 105000;8.478840;8.479400;8.473630;8.476240;0
20210304 105100;8.476240;8.480900;8.476070;8.478840;0
20210304 105200;8.478850;8.481040;8.476090;8.479700;0
20210304 105300;8.479700;8.488280;8.478520;8.487650;0
20210304 105400;8.487660;8.490000;8.486680;8.488970;0
20210304 105500;8.488960;8.488980;8.479740;8.480920;0
20210304 105600;8.480590;8.480590;8.472960;8.473080;0
20210304 105700;8.473000;8.475830;8.464790;8.465510;0
20210304 105800;8.465520;8.468810;8.462230;8.462230;0
20210304 105900;8.462580;8.473830;8.462100;8.473260;0
20210304 110000;8.473240;8.473840;8.471520;8.472740;0
20210304 110100;8.472740;8.473040;8.471050;8.471400;0
20210304 110200;8.471410;8.472540;8.467580;8.467940;0
20210304 110300;8.467760;8.470480;8.466040;8.466730;0
20210304 110400;8.466820;8.467690;8.465300;8.465400;0
20210304 110500;8.465410;8.466480;8.463850;8.465900;0
20210304 110600;8.465910;8.465910;8.464130;8.465150;0
20210304 110700;8.465150;8.471500;8.465150;8.471260;0
20210304 110800;8.471340;8.471960;8.467980;8.468210;0
20210304 110900;8.468180;8.468360;8.464920;8.464920;0
20210304 111000;8.464900;8.465950;8.463580;8.463610;0
20210304 111100;8.463810;8.466480;8.463560;8.465640;0
20210304 111200;8.465540;8.468030;8.465480;8.467280;0
20210304 111300;8.467290;8.471150;8.467110;8.469190;0
20210304 111400;8.468960;8.474230;8.468960;8.473740;0
20210304 111500;8.473650;8.475220;8.473140;8.475070;0
20210304 111600;8.475100;8.475100;8.472580;8.473930;0
20210304 111700;8.474050;8.474660;8.473330;8.474250;0
20210304 111800;8.474250;8.474250;8.465080;8.465930;0
20210304 111900;8.466020;8.468110;8.465140;8.468040;0
20210304 112000;8.468070;8.470950;8.465560;8.469260;0
20210304 112100;8.469250;8.472840;8.469250;8.470370;0
20210304 112200;8.470330;8.470330;8.466870;8.467120;0
20210304 112300;8.467080;8.473010;8.467080;8.471900;0
20210304 112400;8.471830;8.472020;8.468550;8.468770;0
20210304 112500;8.468760;8.472930;8.467430;8.471100;0
20210304 112600;8.471120;8.473540;8.469970;8.469970;0
20210304 112700;8.469740;8.474060;8.469740;8.470970;0
20210304 112800;8.470900;8.471030;8.468600;8.468600;0
20210304 112900;8.468380;8.468380;8.465170;8.465170;0
20210304 113000;8.465110;8.465350;8.454710;8.458090;0
20210304 113100;8.458140;8.461360;8.457950;8.461360;0
20210304 113200;8.461140;8.462270;8.460220;8.461790;0
20210304 113300;8.461790;8.464270;8.461780;8.464060;0
20210304 113400;8.464050;8.466280;8.464050;8.466280;0
20210304 113500;8.466280;8.467030;8.465780;8.466960;0
20210304 113600;8.466960;8.467010;8.465530;8.466120;0
20210304 113700;8.466090;8.466110;8.465010;8.465980;0
20210304 113800;8.466010;8.466480;8.465360;8.465680;0
20210304 113900;8.465650;8.466510;8.465500;8.465880;0
20210304 114000;8.465950;8.466150;8.463750;8.463750;0
20210304 114100;8.463560;8.463570;8.460150;8.462130;0
20210304 114200;8.462120;8.462300;8.460390;8.460800;0
20210304 114300;8.460800;8.461160;8.459230;8.460550;0
20210304 114400;8.460480;8.460480;8.458330;8.458980;0
20210304 114500;8.458760;8.459060;8.457570;8.458480;0
20210304 114600;8.458480;8.458480;8.457450;8.457970;0
20210304 114700;8.457990;8.458660;8.457590;8.458500;0
20210304 114800;8.458240;8.459120;8.457960;8.458270;0
20210304 114900;8.458320;8.458940;8.457270;8.457930;0
20210304 115000;8.457970;8.458230;8.457420;8.458100;0
20210304 115100;8.458140;8.458970;8.456970;8.457350;0
20210304 115200;8.457270;8.457720;8.456800;8.457700;0
20210304 115300;8.457700;8.457700;8.455010;8.456830;0
20210304 115400;8.456830;8.457710;8.456460;8.457510;0
20210304 115500;8.457510;8.462570;8.457340;8.461680;0
20210304 115600;8.461480;8.464020;8.461060;8.463880;0
20210304 115700;8.463940;8.464050;8.463110;8.464040;0
20210304 115800;8.464050;8.466430;8.463830;8.466290;0
20210304 115900;8.466400;8.467500;8.465630;8.467230;0
20210304 120000;8.467120;8.468430;8.464170;8.468390;0
20210304 120100;8.468380;8.468380;8.464480;8.465790;0
20210304 120200;8.465800;8.466570;8.463360;8.463780;0
20210304 120300;8.463690;8.464250;8.462210;8.463320;0
20210304 120400;8.463290;8.463290;8.461250;8.461590;0
20210304 120500;8.461680;8.464870;8.461680;8.464210;0
20210304 120600;8.464190;8.464230;8.461990;8.461990;0
20210304 120700;8.462110;8.462180;8.458580;8.458880;0
20210304 120800;8.459440;8.463570;8.458440;8.458440;0
20210304 120900;8.458570;8.459050;8.456250;8.456900;0
20210304 121000;8.456900;8.468170;8.456430;8.467970;0
20210304 121100;8.468130;8.473390;8.464890;8.472050;0
20210304 121200;8.472210;8.481570;8.471930;8.481570;0
20210304 121300;8.481680;8.484390;8.477120;8.479280;0
20210304 121400;8.479670;8.480300;8.470580;8.470580;0
20210304 121500;8.470580;8.471660;8.461240;8.461240;0
20210304 121600;8.461250;8.461250;8.455130;8.458310;0
20210304 121700;8.458310;8.461880;8.457940;8.461880;0
20210304 121800;8.461880;8.461930;8.457320;8.457340;0
20210304 121900;8.457440;8.467820;8.457240;8.467520;0
20210304 122000;8.467370;8.471570;8.465370;8.469010;0
20210304 122100;8.468790;8.481290;8.468790;8.480360;0
20210304 122200;8.480370;8.492410;8.479710;8.492410;0
20210304 122300;8.492220;8.497890;8.491790;8.494530;0
20210304 122400;8.494260;8.497140;8.490770;8.491220;0
20210304 122500;8.491430;8.500580;8.490480;8.497740;0
20210304 122600;8.497730;8.500870;8.497180;8.499360;0
20210304 122700;8.499360;8.513720;8.498860;8.513240;0
20210304 122800;8.513240;8.520970;8.513230;8.518410;0
20210304 122900;8.518510;8.518510;8.509450;8.512990;0
20210304 123000;8.513090;8.515770;8.508690;8.514720;0
20210304 123100;8.514840;8.523320;8.514790;8.520030;0
20210304 123200;8.520240;8.522540;8.519730;8.521650;0
20210304 123300;8.521820;8.524000;8.521490;8.523510;0
20210304 123400;8.523500;8.541960;8.521350;8.521550;0
20210304 123500;8.521830;8.534720;8.521620;8.530710;0
20210304 123600;8.531150;8.531960;8.528640;8.529000;0
20210304 123700;8.529120;8.534960;8.527860;8.532950;0
20210304 123800;8.531970;8.535470;8.529970;8.531440;0
20210304 123900;8.531450;8.532930;8.527360;8.527520;0
20210304 124000;8.527780;8.527780;8.499690;8.500650;0
20210304 124100;8.499990;8.520210;8.496730;8.512710;0
20210304 124200;8.512710;8.526590;8.510690;8.524480;0
20210304 124300;8.524800;8.526630;8.523140;8.523640;0
20210304 124400;8.523850;8.529200;8.522220;8.527230;0
20210304 124500;8.527230;8.538220;8.526130;8.538090;0
20210304 124600;8.538080;8.539580;8.532720;8.533080;0
20210304 124700;8.533080;8.541640;8.533080;8.537160;0
20210304 124800;8.536940;8.552050;8.536820;8.547590;0
20210304 124900;8.547420;8.547430;8.528390;8.538280;0
20210304 125000;8.538270;8.543520;8.518390;8.540320;0
20210304 125100;8.540440;8.544390;8.538100;8.544390;0
20210304 125200;8.544400;8.545010;8.530650;8.534120;0
20210304 125300;8.534290;8.546520;8.530330;8.542940;0
20210304 125400;8.542750;8.547140;8.542330;8.545370;0
20210304 125500;8.545410;8.548160;8.541830;8.547400;0
20210304 125600;8.547410;8.552500;8.544610;8.552500;0
20210304 125700;8.552500;8.555260;8.548750;8.553430;0
20210304 125800;8.553550;8.557890;8.545540;8.555220;0
20210304 125900;8.555190;8.557530;8.546660;8.553630;0
20210304 130000;8.553760;8.557440;8.552220;8.553420;0
20210304 130100;8.553190;8.555130;8.549210;8.550700;0
20210304 130200;8.550730;8.556470;8.549310;8.550350;0
20210304 130300;8.550480;8.550990;8.532980;8.546910;0
20210304 130400;8.546940;8.548250;8.538560;8.542530;0
20210304 130500;8.542630;8.553990;8.540220;8.553990;0
20210304 130600;8.553980;8.557570;8.552870;8.555800;0
20210304 130700;8.555300;8.561190;8.552530;8.558580;0
20210304 130800;8.559370;8.566630;8.553980;8.557600;0
20210304 130900;8.557910;8.559290;8.555510;8.558160;0
20210304 131000;8.558460;8.569380;8.558460;8.569380;0
20210304 131100;8.569350;8.570830;8.566800;8.570540;0
20210304 131200;8.570530;8.571150;8.569080;8.569080;0
20210304 131300;8.569080;8.569460;8.563460;8.565280;0
20210304 131400;8.565270;8.567150;8.563880;8.566840;0
20210304 131500;8.566840;8.569370;8.565660;8.567200;0
20210304 131600;8.567200;8.568730;8.561780;8.563380;0
20210304 131700;8.563380;8.565860;8.562720;8.563690;0
20210304 131800;8.563690;8.567740;8.563070;8.566440;0
20210304 131900;8.566450;8.569050;8.562680;8.563630;0
20210304 132000;8.563630;8.572080;8.563630;8.568990;0
20210304 132100;8.568990;8.575070;8.568990;8.574810;0
20210304 132200;8.574810;8.575000;8.572660;8.574070;0
20210304 132300;8.574070;8.577430;8.571020;8.571020;0
20210304 132400;8.571030;8.571320;8.566300;8.568320;0
20210304 132500;8.568600;8.571430;8.568600;8.570410;0
20210304 132600;8.570410;8.572220;8.568770;8.568890;0
20210304 132700;8.568770;8.570640;8.567420;8.567950;0
20210304 132800;8.567920;8.569610;8.564730;8.565110;0
20210304 132900;8.564960;8.565600;8.557970;8.557980;0
20210304 133000;8.557970;8.559720;8.557180;8.558750;0
20210304 133100;8.558740;8.561780;8.557670;8.558140;0
20210304 133200;8.558510;8.563180;8.556220;8.562970;0
20210304 133300;8.563110;8.568450;8.562920;8.568430;0
20210304 133400;8.568440;8.568850;8.566580;8.567040;0
20210304 133500;8.566810;8.566820;8.563060;8.565200;0
20210304 133600;8.565200;8.567330;8.553040;8.556030;0
20210304 133700;8.557390;8.564260;8.557390;8.564240;0
20210304 133800;8.564440;8.566130;8.554600;8.554600;0
20210304 133900;8.554480;8.559400;8.551790;8.558230;0
20210304 134000;8.558490;8.562400;8.557630;8.558960;0
20210304 134100;8.559170;8.566780;8.557420;8.566770;0
20210304 134200;8.566550;8.570660;8.566390;8.569920;0
20210304 134300;8.570210;8.571140;8.569200;8.569520;0
20210304 134400;8.569480;8.570030;8.568090;8.569430;0
20210304 134500;8.569430;8.571050;8.568970;8.570480;0
20210304 134600;8.570490;8.573670;8.570490;8.572860;0
20210304 134700;8.572870;8.573980;8.572340;8.573430;0
20210304 134800;8.573470;8.579510;8.573300;8.578760;0
20210304 134900;8.578570;8.581020;8.577850;8.581020;0
20210304 135000;8.580920;8.587020;8.579990;8.586520;0
20210304 135100;8.586520;8.588300;8.586180;8.587870;0
20210304 135200;8.588070;8.590400;8.586310;8.590400;0
20210304 135300;8.590480;8.596780;8.589410;8.595210;0
20210304 135400;8.595210;8.595650;8.591690;8.591710;0
20210304 135500;8.591710;8.598780;8.591710;8.597040;0
20210304 135600;8.597050;8.599700;8.596480;8.596990;0
20210304 135700;8.597000;8.605790;8.596570;8.605590;0
20210304 135800;8.605590;8.608500;8.604540;8.605450;0
20210304 135900;8.605610;8.606150;8.603540;8.603690;0
20210304 140000;8.604120;8.604320;8.600600;8.600800;0
20210304 140100;8.600590;8.600610;8.595450;8.597670;0
20210304 140200;8.597730;8.600770;8.596990;8.599190;0
20210304 140300;8.599310;8.599830;8.597790;8.598020;0
20210304 140400;8.598030;8.601030;8.598020;8.600160;0
20210304 140500;8.599860;8.601070;8.596090;8.596090;0
20210304 140600;8.596090;8.599540;8.574820;8.592130;0
20210304 140700;8.592030;8.594920;8.589370;8.590700;0
20210304 140800;8.590740;8.594120;8.590550;8.590990;0
20210304 140900;8.591120;8.591540;8.571530;8.582370;0
20210304 141000;8.581130;8.590570;8.581130;8.584980;0
20210304 141100;8.585110;8.586720;8.580730;8.580740;0
20210304 141200;8.580340;8.582320;8.579260;8.582010;0
20210304 141300;8.581850;8.582050;8.580400;8.580560;0
20210304 141400;8.580840;8.584830;8.580760;8.583290;0
20210304 141500;8.583290;8.589350;8.582750;8.589230;0
20210304 141600;8.589240;8.593450;8.588560;8.592710;0
20210304 141700;8.592620;8.592960;8.586380;8.587360;0
20210304 141800;8.587140;8.588850;8.587140;8.587700;0
20210304 141900;8.587790;8.587940;8.581600;8.581700;0
20210304 142000;8.581820;8.582630;8.578580;8.580080;0
20210304 142100;8.580080;8.580640;8.576420;8.576420;0
20210304 142200;8.576530;8.577030;8.571590;8.574100;0
20210304 142300;8.574320;8.575640;8.574210;8.574830;0
20210304 142400;8.574830;8.575040;8.570710;8.571800;0
20210304 142500;8.571790;8.571800;8.567590;8.568280;0
20210304 142600;8.568280;8.568350;8.566020;8.566390;0
20210304 142700;8.566380;8.568500;8.566150;8.568230;0
20210304 142800;8.568370;8.572050;8.563750;8.571520;0
20210304 142900;8.571780;8.574010;8.571710;8.573610;0
20210304 143000;8.573480;8.575600;8.571420;8.575390;0
20210304 143100;8.575310;8.579240;8.573920;8.578770;0
20210304 143200;8.578780;8.579740;8.568370;8.568690;0
20210304 143300;8.568430;8.574330;8.567960;8.574330;0
20210304 143400;8.574330;8.580710;8.574260;8.575320;0
20210304 143500;8.575430;8.576140;8.573760;8.576140;0
20210304 143600;8.575930;8.580500;8.575930;8.580190;0
20210304 143700;8.580040;8.584370;8.579820;8.584230;0
20210304 143800;8.584010;8.584550;8.582570;8.583300;0
20210304 143900;8.583150;8.584290;8.582700;8.583630;0
20210304 144000;8.583630;8.583770;8.581850;8.582230;0
20210304 144100;8.582230;8.582430;8.579570;8.579790;0
20210304 144200;8.579920;8.582810;8.578500;8.582260;0
20210304 144300;8.582220;8.582410;8.580960;8.581050;0
20210304 144400;8.581260;8.582060;8.574570;8.575600;0
20210304 144500;8.575580;8.576070;8.575280;8.575640;0
20210304 144600;8.575790;8.583790;8.575790;8.579680;0
20210304 144700;8.579670;8.579670;8.574150;8.574600;0
20210304 144800;8.574460;8.574460;8.564320;8.571470;0
20210304 144900;8.571470;8.571480;8.569660;8.569960;0
20210304 145000;8.569720;8.570420;8.568930;8.570400;0
20210304 145100;8.570390;8.570720;8.567450;8.569350;0
20210304 145200;8.569350;8.570620;8.567470;8.567960;0
20210304 145300;8.568290;8.579570;8.568130;8.578840;0
20210304 145400;8.578840;8.578840;8.571840;8.572950;0
20210304 145500;8.572960;8.573110;8.569660;8.571860;0
20210304 145600;8.571890;8.572480;8.570610;8.570710;0
20210304 145700;8.570750;8.571870;8.566790;8.568060;0
20210304 145800;8.567910;8.570650;8.567900;8.569520;0
20210304 145900;8.569620;8.573780;8.569620;8.571320;0
20210304 150000;8.571620;8.575730;8.571460;8.574720;0
20210304 150100;8.574520;8.574930;8.572900;8.573030;0
20210304 150200;8.572890;8.574350;8.572370;8.573940;0
20210304 150300;8.574160;8.580680;8.573940;8.577170;0
20210304 150400;8.577390;8.580850;8.577080;8.579550;0
20210304 150500;8.579760;8.579890;8.574780;8.575230;0
20210304 150600;8.575380;8.577150;8.573890;8.573890;0
20210304 150700;8.573730;8.574230;8.572880;8.572880;0
20210304 150800;8.573010;8.587970;8.572550;8.584200;0
20210304 150900;8.584200;8.584400;8.580450;8.581320;0
20210304 151000;8.581670;8.585360;8.581670;8.583240;0
20210304 151100;8.582970;8.583350;8.581720;8.582010;0
20210304 151200;8.581740;8.583950;8.575490;8.582590;0
20210304 151300;8.582230;8.587300;8.582230;8.586010;0
20210304 151400;8.586010;8.586190;8.582740;8.582740;0
20210304 151500;8.582740;8.587070;8.582740;8.586710;0
20210304 151600;8.586710;8.587540;8.585650;8.586570;0
20210304 151700;8.586540;8.586560;8.583560;8.584850;0
20210304 151800;8.584860;8.584860;8.580720;8.582020;0
20210304 151900;8.582280;8.588820;8.582280;8.587860;0
20210304 152000;8.587960;8.589430;8.587710;8.589060;0
20210304 152100;8.589060;8.589610;8.582410;8.587420;0
20210304 152200;8.587420;8.587430;8.585250;8.585790;0
20210304 152300;8.585820;8.590650;8.585400;8.590230;0
20210304 152400;8.590630;8.591440;8.586660;8.587530;0
20210304 152500;8.587630;8.589290;8.586540;8.587450;0
20210304 152600;8.587440;8.590750;8.587440;8.589830;0
20210304 152700;8.589530;8.590410;8.585640;8.585820;0
20210304 152800;8.585820;8.585830;8.575820;8.575920;0
20210304 152900;8.575820;8.576220;8.573590;8.573820;0
20210304 153000;8.574020;8.578520;8.573910;8.576220;0
20210304 153100;8.576000;8.577110;8.573460;8.573520;0
20210304 153200;8.573630;8.576810;8.571240;8.572050;0
20210304 153300;8.572270;8.573620;8.572030;8.573300;0
20210304 153400;8.573030;8.573280;8.571520;8.573280;0
20210304 153500;8.573500;8.574410;8.572200;8.573590;0
20210304 153600;8.573500;8.573830;8.569450;8.569590;0
20210304 153700;8.569550;8.573400;8.569540;8.572330;0
20210304 153800;8.572520;8.579540;8.572150;8.578150;0
20210304 153900;8.578160;8.579680;8.577800;8.577800;0
20210304 154000;8.577810;8.578040;8.573580;8.574920;0
20210304 154100;8.574920;8.575580;8.572690;8.573200;0
20210304 154200;8.573200;8.578680;8.572900;8.576740;0
20210304 154300;8.576500;8.578980;8.574340;8.574340;0
20210304 154400;8.574690;8.575060;8.571720;8.572080;0
20210304 154500;8.571730;8.572620;8.570870;8.572530;0
20210304 154600;8.572630;8.577880;8.572630;8.576460;0
20210304 154700;8.576740;8.577610;8.575960;8.576300;0
20210304 154800;8.576370;8.577720;8.575400;8.577210;0
20210304 154900;8.577080;8.578620;8.576460;8.578410;0
20210304 155000;8.578540;8.578760;8.575850;8.576350;0
20210304 155100;8.576360;8.577380;8.575990;8.576630;0
20210304 155200;8.576470;8.576870;8.570250;8.570260;0
20210304 155300;8.570260;8.572410;8.570180;8.571970;0
20210304 155400;8.571790;8.572540;8.570310;8.571770;0
20210304 155500;8.572130;8.574950;8.571690;8.573230;0
20210304 155600;8.573220;8.573920;8.572780;8.573080;0
20210304 155700;8.573080;8.573910;8.570230;8.573910;0
20210304 155800;8.573980;8.575010;8.572350;8.572410;0
20210304 155900;8.572510;8.573470;8.572510;8.572960;0
20210304 160000;8.572500;8.577470;8.572500;8.573000;0
20210304 160100;8.573000;8.573360;8.571010;8.572090;0
20210304 160200;8.572090;8.575970;8.570710;8.575950;0
20210304 160300;8.575840;8.575840;8.573270;8.575370;0
20210304 160400;8.575370;8.575370;8.573700;8.574840;0
20210304 160500;8.574870;8.574880;8.573000;8.573800;0
20210304 160600;8.573800;8.574650;8.571800;8.572840;0
20210304 160700;8.572330;8.574110;8.571510;8.573990;0
20210304 160800;8.574000;8.574730;8.573510;8.573900;0
20210304 160900;8.574140;8.574590;8.573450;8.574330;0
20210304 161000;8.574400;8.574460;8.571770;8.572220;0
20210304 161100;8.572230;8.572400;8.570700;8.571290;0
20210304 161200;8.571290;8.573410;8.570730;8.573190;0
20210304 161300;8.573330;8.573680;8.572160;8.573320;0
20210304 161400;8.573310;8.573550;8.572310;8.572860;0
20210304 161500;8.572860;8.581610;8.572450;8.581300;0
20210304 161600;8.581320;8.581810;8.579780;8.581360;0
20210304 161700;8.581360;8.583250;8.581360;8.581900;0
20210304 161800;8.581720;8.581790;8.581120;8.581500;0
20210304 161900;8.581440;8.581780;8.580890;8.581190;0
20210304 162000;8.581480;8.581770;8.581390;8.581470;0
20210304 162100;8.581470;8.582150;8.581250;8.581580;0
20210304 162200;8.581590;8.581590;8.580120;8.580350;0
20210304 162300;8.580340;8.580800;8.580260;8.580340;0
20210304 162400;8.580570;8.580770;8.580070;8.580640;0
20210304 162500;8.580350;8.580590;8.579880;8.580120;0
20210304 162600;8.580120;8.580520;8.579670;8.579810;0
20210304 162700;8.579810;8.580040;8.579130;8.579600;0
20210304 162800;8.579820;8.579840;8.578990;8.579370;0
20210304 162900;8.579360;8.580420;8.579120;8.580180;0
20210304 163000;8.580190;8.581030;8.579090;8.579100;0
20210304 163100;8.579130;8.579200;8.577780;8.578260;0
20210304 163200;8.578210;8.579680;8.578170;8.579500;0
20210304 163300;8.579500;8.579750;8.578960;8.579110;0
20210304 163400;8.579090;8.580610;8.578640;8.580060;0
20210304 163500;8.580060;8.580350;8.579080;8.579920;0
20210304 163600;8.580280;8.580500;8.576850;8.579280;0
20210304 163700;8.579210;8.580420;8.578880;8.579600;0
20210304 163800;8.579600;8.579890;8.577260;8.579230;0
20210304 163900;8.579160;8.579180;8.578180;8.578260;0
20210304 164000;8.578480;8.579670;8.576870;8.578490;0
20210304 164100;8.578440;8.579240;8.577730;8.578970;0
20210304 164200;8.578970;8.579230;8.578120;8.578420;0
20210304 164300;8.578380;8.578550;8.577970;8.578300;0
20210304 164400;8.578340;8.578900;8.577330;8.577890;0
20210304 164500;8.578320;8.578880;8.576810;8.578730;0
20210304 164600;8.578920;8.578920;8.576900;8.577430;0
20210304 164700;8.577400;8.577520;8.577060;8.577340;0
20210304 164800;8.577470;8.579710;8.577310;8.578240;0
20210304 164900;8.578250;8.582450;8.578040;8.582250;0
20210304 165000;8.582230;8.582230;8.577600;8.578060;0
20210304 165100;8.578120;8.579030;8.578040;8.578420;0
20210304 165200;8.578730;8.579850;8.578130;8.578420;0
20210304 165300;8.578330;8.579320;8.578130;8.579020;0
20210304 165400;8.578820;8.579530;8.578150;8.578520;0
20210304 165500;8.578330;8.578330;8.552610;8.567180;0
20210304 165600;8.567180;8.568070;8.566820;8.567940;0
20210304 165700;8.568070;8.569000;8.567230;8.568520;0
20210304 165800;8.568720;8.568720;8.566630;8.568020;0
20210304 165900;8.567930;8.568030;8.567930;8.568030;0
20210304 171000;8.496020;8.496020;8.495620;8.495620;0
20210304 171100;8.499770;8.548820;8.499770;8.548820;0
20210304 171200;8.548720;8.549620;8.533280;8.549620;0
20210304 171300;8.549720;8.549720;8.519640;8.519640;0
20210304 172700;8.539620;8.539620;8.539620;8.539620;0
20210304 173000;8.539920;8.539920;8.539920;8.539920;0
20210304 173100;8.539660;8.539660;8.539580;8.539580;0
20210304 173200;8.544760;8.552740;8.544760;8.552740;0
20210304 173300;8.545050;8.552750;8.545050;8.552740;0
20210304 173400;8.545090;8.559520;8.545090;8.559520;0
20210304 173500;8.559620;8.560720;8.559620;8.560720;0
20210304 173600;8.560920;8.561120;8.559730;8.560320;0
20210304 173700;8.560230;8.560230;8.560020;8.560020;0
20210304 173900;8.560130;8.560130;8.560030;8.560030;0
20210304 174000;8.559920;8.560020;8.559920;8.560020;0
20210304 174100;8.559930;8.560620;8.559930;8.560620;0
20210304 174200;8.559920;8.560620;8.559920;8.560620;0
20210304 174300;8.560520;8.560630;8.560220;8.560520;0
20210304 174500;8.560420;8.560420;8.559830;8.560420;0
20210304 174600;8.560320;8.560320;8.560320;8.560320;0
20210304 174700;8.560220;8.560220;8.560020;8.560020;0
20210304 174800;8.559320;8.560120;8.559020;8.559020;0
20210304 174900;8.559120;8.559220;8.559120;8.559220;0
20210304 175000;8.559020;8.579570;8.559020;8.561680;0
20210304 175100;8.561690;8.561690;8.561690;8.561690;0
20210304 175200;8.561680;8.561890;8.559250;8.559260;0
20210304 175300;8.559250;8.559320;8.559220;8.559320;0
20210304 175400;8.559420;8.559420;8.559120;8.559220;0
20210304 175500;8.559120;8.561910;8.558630;8.561910;0
20210304 175600;8.560640;8.560640;8.556820;8.556920;0
20210304 175700;8.557220;8.557230;8.556620;8.556620;0
20210304 175800;8.557320;8.557920;8.557320;8.557920;0
20210304 175900;8.557990;8.558090;8.557930;8.558090;0
20210304 180000;8.558380;8.575070;8.558220;8.574420;0
20210304 180100;8.574410;8.580070;8.573200;8.577320;0
20210304 180200;8.577320;8.582190;8.577000;8.578840;0
20210304 180300;8.578810;8.584740;8.577780;8.581040;0
20210304 180400;8.581040;8.584130;8.579080;8.581330;0
20210304 180500;8.581540;8.586870;8.580250;8.585510;0
20210304 180600;8.585300;8.588220;8.583140;8.586980;0
20210304 180700;8.586110;8.589460;8.583650;8.585390;0
20210304 180800;8.585640;8.589310;8.583350;8.585030;0
20210304 180900;8.586370;8.588240;8.582960;8.585890;0
20210304 181000;8.585890;8.596320;8.584520;8.585360;0
20210304 181100;8.585360;8.589010;8.580580;8.581570;0
20210304 181200;8.581590;8.584440;8.578080;8.584440;0
20210304 181300;8.584430;8.587650;8.583740;8.587100;0
20210304 181400;8.587100;8.588860;8.584990;8.586670;0
20210304 181500;8.586680;8.590270;8.586390;8.589940;0
20210304 181600;8.589950;8.590700;8.587390;8.588970;0
20210304 181700;8.588990;8.589060;8.585570;8.585650;0
20210304 181800;8.585640;8.587280;8.583290;8.584450;0
20210304 181900;8.584430;8.588010;8.584340;8.587390;0
20210304 182000;8.587380;8.589400;8.587220;8.588070;0
20210304 182100;8.588180;8.590890;8.587620;8.590890;0
20210304 182200;8.590940;8.590980;8.587520;8.589050;0
20210304 182300;8.589060;8.590950;8.588780;8.590560;0
20210304 182400;8.590460;8.591020;8.586990;8.589210;0
20210304 182500;8.589260;8.589710;8.585860;8.587900;0
20210304 182600;8.587900;8.588940;8.587150;8.587150;0
20210304 182700;8.587170;8.588320;8.586620;8.587480;0
20210304 182800;8.587470;8.588550;8.585570;8.587180;0
20210304 182900;8.587230;8.588670;8.586150;8.587740;0
20210304 183000;8.587720;8.589150;8.585490;8.589150;0
20210304 183100;8.589150;8.589780;8.587290;8.588270;0
20210304 183200;8.588280;8.590270;8.587380;8.588720;0
20210304 183300;8.590100;8.590100;8.586900;8.588150;0
20210304 183400;8.588280;8.588890;8.586980;8.587490;0
20210304 183500;8.587470;8.588690;8.586530;8.586670;0
20210304 183600;8.586710;8.588420;8.586640;8.587170;0
20210304 183700;8.587180;8.590030;8.586330;8.589300;0
20210304 183800;8.588510;8.589500;8.587170;8.587720;0
20210304 183900;8.587710;8.589150;8.587190;8.587220;0
20210304 184000;8.587260;8.589380;8.586980;8.589230;0
20210304 184100;8.587980;8.589230;8.586840;8.588020;0
20210304 184200;8.587650;8.588640;8.585620;8.587940;0
20210304 184300;8.587370;8.588880;8.586530;8.588280;0
20210304 184400;8.588810;8.588810;8.586430;8.587940;0
20210304 184500;8.587930;8.590500;8.587900;8.589840;0
20210304 184600;8.589900;8.591410;8.588880;8.590620;0
20210304 184700;8.590690;8.592740;8.590020;8.592740;0
20210304 184800;8.592790;8.593470;8.590740;8.591450;0
20210304 184900;8.591470;8.591690;8.590540;8.590940;0
20210304 185000;8.591040;8.591280;8.588250;8.588860;0
20210304 185100;8.588370;8.590090;8.588070;8.588630;0
20210304 185200;8.588630;8.590050;8.587460;8.588030;0
20210304 185300;8.588060;8.589450;8.586610;8.587640;0
20210304 185400;8.587640;8.589030;8.586730;8.587990;0
20210304 185500;8.588000;8.589330;8.578230;8.585750;0
20210304 185600;8.585630;8.588620;8.584420;8.585970;0
20210304 185700;8.585940;8.588770;8.573400;8.578910;0
20210304 185800;8.579530;8.585900;8.576830;8.585900;0
20210304 185900;8.585830;8.586530;8.562450;8.576660;0
20210304 190000;8.577530;8.581120;8.573710;8.578050;0
20210304 190100;8.578050;8.582520;8.577090;8.581620;0
20210304 190200;8.581700;8.585120;8.580730;8.582810;0
20210304 190300;8.582740;8.586190;8.581970;8.585250;0
20210304 190400;8.585510;8.587760;8.584120;8.587510;0
20210304 190500;8.587530;8.589320;8.585550;8.587120;0
20210304 190600;8.588010;8.589900;8.586880;8.588990;0
20210304 190700;8.588980;8.591860;8.587290;8.590670;0
20210304 190800;8.590690;8.591340;8.587520;8.587980;0
20210304 190900;8.588670;8.591830;8.588670;8.591630;0
20210304 191000;8.591540;8.593020;8.589790;8.592450;0
20210304 191100;8.592350;8.593630;8.588420;8.592030;0
20210304 191200;8.591120;8.594070;8.590210;8.593790;0
20210304 191300;8.593840;8.596170;8.589730;8.593760;0
20210304 191400;8.593710;8.594590;8.590520;8.593050;0
20210304 191500;8.593150;8.594220;8.589930;8.593470;0
20210304 191600;8.593510;8.594840;8.592780;8.593180;0
20210304 191700;8.593170;8.595050;8.592760;8.594030;0
20210304 191800;8.594120;8.596220;8.593560;8.595520;0
20210304 191900;8.595580;8.596220;8.592220;8.594620;0
20210304 192000;8.594640;8.595060;8.592220;8.593830;0
20210304 192100;8.593920;8.596120;8.593770;8.596020;0
20210304 192200;8.595920;8.596750;8.594180;8.594590;0
20210304 192300;8.594620;8.595690;8.592560;8.595220;0
20210304 192400;8.595220;8.596530;8.593270;8.594800;0
20210304 192500;8.594800;8.595690;8.591120;8.593670;0
20210304 192600;8.593660;8.597590;8.593540;8.593720;0
20210304 192700;8.593690;8.596520;8.593690;8.594790;0
20210304 192800;8.594750;8.595790;8.593220;8.593220;0
20210304 192900;8.593330;8.596530;8.589690;8.591330;0
20210304 193000;8.591330;8.598140;8.590610;8.596090;0
20210304 193100;8.596100;8.597980;8.594980;8.596660;0
20210304 193200;8.596650;8.597970;8.595010;8.597410;0
20210304 193300;8.597390;8.597710;8.597200;8.597330;0
20210304 193400;8.597370;8.599220;8.594450;8.597090;0
20210304 193500;8.595780;8.599120;8.595250;8.598310;0
20210304 193600;8.598250;8.609080;8.597260;8.601270;0
20210304 193700;8.601260;8.604480;8.600230;8.602070;0
20210304 193800;8.602070;8.604390;8.600740;8.601120;0
20210304 193900;8.601160;8.601180;8.598750;8.599670;0
20210304 194000;8.599670;8.601820;8.597950;8.600820;0
20210304 194100;8.600890;8.601730;8.597960;8.601720;0
20210304 194200;8.601200;8.601200;8.599110;8.599480;0
20210304 194300;8.599450;8.601050;8.597500;8.598690;0
20210304 194400;8.598650;8.599490;8.595960;8.598360;0
20210304 194500;8.598360;8.598870;8.596350;8.597540;0
20210304 194600;8.597590;8.598490;8.594650;8.597540;0
20210304 194700;8.597540;8.598120;8.594550;8.596020;0
20210304 194800;8.596020;8.598460;8.594050;8.596970;0
20210304 194900;8.596970;8.598130;8.595530;8.595840;0
20210304 195000;8.595830;8.598730;8.595820;8.597890;0
20210304 195100;8.597980;8.598030;8.594720;8.597070;0
20210304 195200;8.597300;8.598030;8.594290;8.595150;0
20210304 195300;8.594500;8.596220;8.592860;8.594920;0
20210304 195400;8.594820;8.602020;8.593250;8.595860;0
20210304 195500;8.595820;8.598390;8.594510;8.596510;0
20210304 195600;8.596520;8.598070;8.595690;8.596520;0
20210304 195700;8.596520;8.598430;8.595430;8.596770;0
20210304 195800;8.596900;8.598240;8.595250;8.597150;0
20210304 195900;8.597150;8.598140;8.595700;8.596700;0
20210304 200000;8.596610;8.604420;8.596600;8.604420;0
20210304 200100;8.604330;8.605620;8.602390;8.604920;0
20210304 200200;8.604470;8.606820;8.601540;8.606030;0
20210304 200300;8.606320;8.610080;8.606050;8.606820;0
20210304 200400;8.606650;8.606650;8.604340;8.604560;0
20210304 200500;8.604560;8.608320;8.603580;8.607920;0
20210304 200600;8.607820;8.609170;8.607820;8.608320;0
20210304 200700;8.608620;8.611360;8.608220;8.609060;0
20210304 200800;8.609060;8.610610;8.608050;8.609190;0
20210304 200900;8.609150;8.612020;8.608670;8.611470;0
20210304 201000;8.611430;8.611430;8.609700;8.610820;0
20210304 201100;8.610880;8.611090;8.609620;8.609750;0
20210304 201200;8.609790;8.611060;8.609340;8.610650;0
20210304 201300;8.610630;8.614700;8.610140;8.614000;0
20210304 201400;8.613990;8.614160;8.611660;8.611750;0
20210304 201500;8.611850;8.614380;8.611310;8.612700;0
20210304 201600;8.612700;8.612760;8.609160;8.609800;0
20210304 201700;8.609720;8.610910;8.609660;8.610420;0
20210304 201800;8.610410;8.611930;8.610350;8.611590;0
20210304 201900;8.611620;8.611820;8.609860;8.610330;0
20210304 202000;8.610370;8.613360;8.610330;8.612870;0
20210304 202100;8.612830;8.613450;8.611840;8.613210;0
20210304 202200;8.613200;8.617210;8.612880;8.615600;0
20210304 202300;8.615670;8.616680;8.614170;8.614370;0
20210304 202400;8.614370;8.614520;8.613290;8.613700;0
20210304 202500;8.613790;8.614140;8.612810;8.612810;0
20210304 202600;8.612860;8.614530;8.612810;8.613570;0
20210304 202700;8.613590;8.614080;8.612300;8.612310;0
20210304 202800;8.612310;8.613360;8.611970;8.612250;0
20210304 202900;8.612250;8.612990;8.611720;8.612340;0
20210304 203000;8.612060;8.615320;8.612020;8.615230;0
20210304 203100;8.615330;8.615830;8.614600;8.614670;0
20210304 203200;8.614630;8.614630;8.611270;8.612230;0
20210304 203300;8.612240;8.613440;8.611220;8.613010;0
20210304 203400;8.612940;8.614420;8.612850;8.613150;0
20210304 203500;8.613170;8.614130;8.610370;8.610910;0
20210304 203600;8.610870;8.611590;8.609220;8.609390;0
20210304 203700;8.609420;8.611090;8.608940;8.610580;0
20210304 203800;8.610530;8.611170;8.608700;8.610490;0
20210304 203900;8.610310;8.610810;8.607800;8.608420;0
20210304 204000;8.608370;8.609320;8.607540;8.608020;0
20210304 204100;8.608030;8.611480;8.607620;8.609770;0
20210304 204200;8.609750;8.610240;8.609010;8.609880;0
20210304 204300;8.609910;8.610040;8.608850;8.609400;0
20210304 204400;8.609400;8.609400;8.605050;8.606020;0
20210304 204500;8.606030;8.606950;8.605500;8.606310;0
20210304 204600;8.606280;8.606400;8.605200;8.605900;0
20210304 204700;8.605410;8.607130;8.605410;8.606430;0
20210304 204800;8.606400;8.606980;8.605800;8.606420;0
20210304 204900;8.606390;8.606390;8.604390;8.605220;0
20210304 205000;8.605270;8.605860;8.604220;8.605340;0
20210304 205100;8.605290;8.606210;8.605030;8.605420;0
20210304 205200;8.605460;8.607720;8.605460;8.607130;0
20210304 205300;8.607030;8.607820;8.606580;8.607420;0
20210304 205400;8.607620;8.607920;8.606530;8.607320;0
20210304 205500;8.607410;8.608320;8.606990;8.608320;0
20210304 205600;8.608230;8.608230;8.606620;8.607120;0
20210304 205700;8.607020;8.607510;8.606240;8.606520;0
20210304 205800;8.606520;8.607550;8.606300;8.607320;0
20210304 205900;8.607110;8.608080;8.606580;8.608070;0
20210304 210000;8.608070;8.608530;8.607100;8.608010;0
20210304 210100;8.608010;8.608510;8.606990;8.606990;0
20210304 210200;8.607010;8.608600;8.606990;8.608280;0
20210304 210300;8.607900;8.608980;8.607850;8.608500;0
20210304 210400;8.608800;8.609500;8.608670;8.609390;0
20210304 210500;8.609440;8.610430;8.609170;8.609370;0
20210304 210600;8.609370;8.610790;8.609340;8.610120;0
20210304 210700;8.610190;8.610830;8.609990;8.610570;0
20210304 210800;8.610590;8.614230;8.610540;8.614230;0
20210304 210900;8.614440;8.614930;8.611250;8.614820;0
20210304 211000;8.614300;8.615320;8.613500;8.614830;0
20210304 211100;8.614930;8.615920;8.614620;8.615420;0
20210304 211200;8.615420;8.616320;8.614570;8.616120;0
20210304 211300;8.616120;8.616410;8.615040;8.615630;0
20210304 211400;8.615650;8.615920;8.614970;8.615290;0
20210304 211500;8.615260;8.615380;8.613220;8.614290;0
20210304 211600;8.614280;8.615150;8.613000;8.613030;0
20210304 211700;8.613070;8.613830;8.612720;8.613760;0
20210304 211800;8.613770;8.615360;8.613510;8.615340;0
20210304 211900;8.615390;8.616110;8.615010;8.616000;0
20210304 212000;8.616020;8.616810;8.615330;8.615890;0
20210304 212100;8.615860;8.616340;8.615360;8.616010;0
20210304 212200;8.616050;8.616710;8.614210;8.614530;0
20210304 212300;8.614530;8.614950;8.612930;8.614350;0
20210304 212400;8.614220;8.614790;8.614210;8.614650;0
20210304 212500;8.614660;8.614720;8.613270;8.614190;0
20210304 212600;8.614230;8.614800;8.614180;8.614440;0
20210304 212700;8.614470;8.615950;8.614190;8.615730;0
20210304 212800;8.615740;8.615960;8.614430;8.614430;0
20210304 212900;8.614520;8.615410;8.614190;8.615250;0
20210304 213000;8.615180;8.615860;8.614510;8.615360;0
20210304 213100;8.615330;8.615490;8.614880;8.615140;0
20210304 213200;8.615080;8.615260;8.614370;8.614850;0
20210304 213300;8.614930;8.615300;8.613290;8.614220;0
20210304 213400;8.614220;8.614220;8.614210;8.614220;0
20210304 213500;8.614210;8.614710;8.614210;8.614220;0
20210304 213600;8.614220;8.614240;8.609470;8.609610;0
20210304 213700;8.609650;8.613630;8.608900;8.609240;0
20210304 213800;8.609230;8.610760;8.609110;8.609550;0
20210304 213900;8.609450;8.614180;8.594360;8.596960;0
20210304 214000;8.596320;8.599100;8.595180;8.599010;0
20210304 214100;8.599020;8.607440;8.596020;8.606750;0
20210304 214200;8.606860;8.610260;8.605320;8.609390;0
20210304 214300;8.609740;8.612180;8.605830;8.608260;0
20210304 214400;8.608150;8.609790;8.607920;8.608310;0
20210304 214500;8.608350;8.608630;8.605530;8.605800;0
20210304 214600;8.605690;8.606160;8.603050;8.604800;0
20210304 214700;8.604470;8.605980;8.560360;8.584960;0
20210304 214800;8.586140;8.600880;8.581990;8.589340;0
20210304 214900;8.590970;8.598850;8.582450;8.595890;0
20210304 215000;8.595890;8.599920;8.595540;8.597980;0
20210304 215100;8.598190;8.599640;8.595930;8.598120;0
20210304 215200;8.598030;8.599660;8.590620;8.591670;0
20210304 215300;8.591670;8.592320;8.590050;8.590990;0
20210304 215400;8.590990;8.593520;8.590170;8.592400;0
20210304 215500;8.592400;8.593530;8.592000;8.592210;0
20210304 215600;8.592230;8.592920;8.591590;8.592020;0
20210304 215700;8.592020;8.593720;8.592020;8.592990;0
20210304 215800;8.592990;8.593630;8.592600;8.593070;0
20210304 215900;8.592970;8.594180;8.592350;8.592660;0
20210304 220000;8.592660;8.594420;8.592370;8.594120;0
20210304 220100;8.594020;8.594290;8.593280;8.593870;0
20210304 220200;8.593490;8.594870;8.592130;8.594390;0
20210304 220300;8.594850;8.595230;8.593260;8.593450;0
20210304 220400;8.593450;8.594130;8.593050;8.593200;0
20210304 220500;8.593200;8.596480;8.592950;8.596060;0
20210304 220600;8.596060;8.596880;8.594360;8.594830;0
20210304 220700;8.594920;8.595170;8.594160;8.594620;0
20210304 220800;8.594450;8.595190;8.594000;8.594940;0
20210304 220900;8.594930;8.595490;8.594050;8.595200;0
20210304 221000;8.595210;8.595730;8.594220;8.595190;0
20210304 221100;8.595370;8.595420;8.593850;8.594570;0
20210304 221200;8.594530;8.595250;8.593650;8.595180;0
20210304 221300;8.595220;8.595420;8.594620;8.594630;0
20210304 221400;8.594960;8.594960;8.586620;8.587640;0
20210304 221500;8.587720;8.590350;8.586980;8.588780;0
20210304 221600;8.588800;8.592500;8.587150;8.591830;0
20210304 221700;8.591810;8.592230;8.590780;8.591330;0
20210304 221800;8.591340;8.592920;8.590720;8.592220;0
20210304 221900;8.592240;8.592930;8.590990;8.591000;0
20210304 222000;8.590940;8.592730;8.590660;8.591830;0
20210304 222100;8.591920;8.592620;8.591270;8.592220;0
20210304 222200;8.592320;8.592520;8.591610;8.592170;0
20210304 222300;8.592230;8.592850;8.591820;8.592530;0
20210304 222400;8.592410;8.593220;8.591200;8.592860;0
20210304 222500;8.592690;8.594190;8.592360;8.592840;0
20210304 222600;8.593220;8.593800;8.592290;8.593440;0
20210304 222700;8.593450;8.593720;8.592220;8.592220;0
20210304 222800;8.592320;8.595480;8.592190;8.594670;0
20210304 222900;8.594610;8.595400;8.594520;8.594880;0
20210304 223000;8.594950;8.595790;8.593970;8.594520;0
20210304 223100;8.594320;8.596550;8.594070;8.596200;0
20210304 223200;8.596100;8.596240;8.594690;8.594750;0
20210304 223300;8.594800;8.596280;8.594640;8.595170;0
20210304 223400;8.595180;8.595230;8.590690;8.593810;0
20210304 223500;8.593840;8.594500;8.593540;8.594180;0
20210304 223600;8.594180;8.594390;8.593650;8.594180;0
20210304 223700;8.594180;8.594780;8.588810;8.591270;0
20210304 223800;8.591590;8.592120;8.588150;8.588770;0
20210304 223900;8.588640;8.588930;8.587030;8.588670;0
20210304 224000;8.588590;8.590420;8.588380;8.589520;0
20210304 224100;8.589710;8.589830;8.588100;8.588580;0
20210304 224200;8.588440;8.588780;8.587080;8.587480;0
20210304 224300;8.587470;8.589720;8.587140;8.587390;0
20210304 224400;8.587120;8.588220;8.586300;8.588120;0
20210304 224500;8.587820;8.588430;8.586920;8.588210;0
20210304 224600;8.588270;8.589920;8.587350;8.589620;0
20210304 224700;8.589720;8.590320;8.588120;8.589830;0
20210304 224800;8.590030;8.590330;8.588290;8.589200;0
20210304 224900;8.588690;8.589700;8.587420;8.588700;0
20210304 225000;8.588850;8.589420;8.587820;8.588580;0
20210304 225100;8.588640;8.589450;8.588250;8.588850;0
20210304 225200;8.588700;8.589820;8.587930;8.589190;0
20210304 225300;8.589020;8.589630;8.588100;8.589420;0
20210304 225400;8.589610;8.589610;8.587420;8.588130;0
20210304 225500;8.588200;8.589260;8.587370;8.588320;0
20210304 225600;8.588320;8.589620;8.587560;8.588870;0
20210304 225700;8.588590;8.589480;8.586650;8.587030;0
20210304 225800;8.587130;8.588310;8.586670;8.587960;0
20210304 225900;8.587960;8.588580;8.586640;8.588180;0
20210304 230000;8.588350;8.588600;8.586940;8.587630;0
20210304 230100;8.587550;8.588640;8.586450;8.587920;0
20210304 230200;8.587680;8.589520;8.587250;8.588830;0
20210304 230300;8.588820;8.590730;8.588660;8.590220;0
20210304 230400;8.590220;8.593830;8.589620;8.593120;0
20210304 230500;8.593020;8.593330;8.590510;8.591640;0
20210304 230600;8.591640;8.592270;8.590900;8.590950;0
20210304 230700;8.591490;8.594020;8.588010;8.588840;0
20210304 230800;8.588880;8.590920;8.587940;8.589900;0
20210304 230900;8.590050;8.591120;8.589670;8.589820;0
20210304 231000;8.590240;8.590720;8.589480;8.590210;0
20210304 231100;8.590200;8.590840;8.589350;8.590480;0
20210304 231200;8.590480;8.590730;8.588430;8.590110;0
20210304 231300;8.589810;8.590590;8.588810;8.590120;0
20210304 231400;8.590040;8.590530;8.588730;8.590260;0
20210304 231500;8.590390;8.592620;8.589830;8.591420;0
20210304 231600;8.591830;8.591830;8.588130;8.588920;0
20210304 231700;8.588720;8.590110;8.588230;8.589500;0
20210304 231800;8.589520;8.594740;8.588920;8.594090;0
20210304 231900;8.594090;8.594710;8.593330;8.594650;0
20210304 232000;8.594750;8.594840;8.592780;8.593510;0
20210304 232100;8.593510;8.593910;8.592430;8.593240;0
20210304 232200;8.593100;8.593300;8.591960;8.592860;0
20210304 232300;8.592900;8.592900;8.589430;8.590390;0
20210304 232400;8.590430;8.590590;8.588880;8.590010;0
20210304 232500;8.589990;8.591010;8.589670;8.590800;0
20210304 232600;8.590800;8.591010;8.589790;8.590320;0
20210304 232700;8.590220;8.590390;8.589270;8.590040;0
20210304 232800;8.590040;8.590520;8.589120;8.590330;0
20210304 232900;8.590320;8.591420;8.589870;8.590820;0
20210304 233000;8.590630;8.592020;8.589720;8.592020;0
20210304 233100;8.592120;8.592220;8.590920;8.591830;0
20210304 233200;8.592020;8.594880;8.590670;8.594610;0
20210304 233300;8.594600;8.596390;8.594420;8.596360;0
20210304 233400;8.596380;8.596440;8.594530;8.595060;0
20210304 233500;8.595110;8.595280;8.592640;8.592820;0
20210304 233600;8.592830;8.593520;8.592220;8.593030;0
20210304 233700;8.593120;8.593930;8.592420;8.593920;0
20210304 233800;8.593930;8.594340;8.593270;8.593580;0
20210304 233900;8.593580;8.594330;8.593240;8.594330;0
20210304 234000;8.594430;8.594630;8.593660;8.594420;0
20210304 234100;8.594620;8.595610;8.594510;8.595150;0
20210304 234200;8.595140;8.596320;8.594910;8.595630;0
20210304 234300;8.595620;8.596020;8.593650;8.594450;0
20210304 234400;8.594420;8.594550;8.593060;8.593130;0
20210304 234500;8.593620;8.593620;8.591210;8.592020;0
20210304 234600;8.592120;8.597270;8.591720;8.595810;0
20210304 234700;8.595810;8.597530;8.595410;8.596430;0
20210304 234800;8.596470;8.597340;8.592190;8.592190;0
20210304 234900;8.592630;8.592630;8.589840;8.592020;0
20210304 235000;8.591930;8.592730;8.588520;8.591720;0
20210304 235100;8.591620;8.592920;8.590620;8.592920;0
20210304 235200;8.593320;8.593320;8.591470;8.592620;0
20210304 235300;8.592420;8.593320;8.591890;8.592220;0
20210304 235400;8.592330;8.593340;8.591360;8.593220;0
20210304 235500;8.593120;8.593630;8.591410;8.591750;0
20210304 235600;8.591880;8.593520;8.591880;8.592550;0
20210304 235700;8.592550;8.596770;8.591820;8.596770;0
20210304 235800;8.596720;8.596890;8.595660;8.596590;0
20210304 235900;8.596650;8.596730;8.595300;8.596150;0
20210305 000000;8.596280;8.596550;8.595250;8.596100;0
20210305 000100;8.596340;8.599020;8.595360;8.598200;0
20210305 000200;8.598200;8.599090;8.594500;8.595170;0
20210305 000300;8.595070;8.595120;8.593980;8.594650;0
20210305 000400;8.594650;8.599110;8.593920;8.597820;0
20210305 000500;8.597850;8.598320;8.597190;8.597200;0
20210305 000600;8.597260;8.597260;8.593850;8.594320;0
20210305 000700;8.594320;8.595430;8.593460;8.593460;0
20210305 000800;8.593460;8.596510;8.593120;8.595740;0
20210305 000900;8.595700;8.596630;8.595030;8.595510;0
20210305 001000;8.595510;8.596220;8.595220;8.595520;0
20210305 001100;8.595520;8.596030;8.595080;8.595380;0
20210305 001200;8.595380;8.596020;8.595050;8.595230;0
20210305 001300;8.595250;8.596420;8.595010;8.595730;0
20210305 001400;8.595820;8.596120;8.595050;8.595380;0
20210305 001500;8.595410;8.598510;8.594840;8.597260;0
20210305 001600;8.597250;8.599050;8.597020;8.597920;0
20210305 001700;8.597920;8.599050;8.597060;8.597620;0
20210305 001800;8.597420;8.598880;8.596750;8.597710;0
20210305 001900;8.597720;8.599230;8.597170;8.599210;0
20210305 002000;8.599180;8.599530;8.597890;8.598760;0
20210305 002100;8.598770;8.599800;8.597870;8.599370;0
20210305 002200;8.599370;8.600050;8.598180;8.598520;0
20210305 002300;8.598610;8.599270;8.597550;8.599040;0
20210305 002400;8.599030;8.599240;8.597690;8.597700;0
20210305 002500;8.597710;8.599220;8.597150;8.598270;0
20210305 002600;8.598300;8.598750;8.597310;8.598240;0
20210305 002700;8.598290;8.598490;8.594770;8.595260;0
20210305 002800;8.595280;8.596330;8.595260;8.596220;0
20210305 002900;8.596220;8.596620;8.595690;8.595930;0
20210305 003000;8.596000;8.597970;8.595910;8.596800;0
20210305 003100;8.596790;8.597100;8.595140;8.595200;0
20210305 003200;8.595230;8.595820;8.593320;8.593920;0
20210305 003300;8.594120;8.594250;8.593080;8.593830;0
20210305 003400;8.593920;8.594960;8.593820;8.594420;0
20210305 003500;8.594430;8.595830;8.594130;8.595620;0
20210305 003600;8.595520;8.595620;8.592690;8.592830;0
20210305 003700;8.592920;8.593720;8.592620;8.593230;0
20210305 003800;8.593920;8.594030;8.592870;8.592930;0
20210305 003900;8.592830;8.592950;8.591750;8.592410;0
20210305 004000;8.592410;8.592490;8.591190;8.592010;0
20210305 004100;8.592040;8.592330;8.591270;8.591540;0
20210305 004200;8.591510;8.591660;8.591070;8.591230;0
20210305 004300;8.591230;8.592050;8.591060;8.591940;0
20210305 004400;8.591980;8.592370;8.591790;8.592260;0
20210305 004500;8.592230;8.592310;8.591120;8.591120;0
20210305 004600;8.591160;8.593210;8.591130;8.591870;0
20210305 004700;8.591860;8.592230;8.591550;8.591700;0
20210305 004800;8.591690;8.592220;8.591220;8.591220;0
20210305 004900;8.591220;8.592960;8.591180;8.592060;0
20210305 005000;8.592060;8.593420;8.591910;8.592430;0
20210305 005100;8.592330;8.593030;8.591990;8.592440;0
20210305 005200;8.592430;8.592720;8.591900;8.592040;0
20210305 005300;8.592020;8.592630;8.591910;8.592090;0
20210305 005400;8.591990;8.591990;8.587400;8.587840;0
20210305 005500;8.587840;8.589020;8.587770;8.588160;0
20210305 005600;8.588130;8.588280;8.585930;8.585970;0
20210305 005700;8.585970;8.586260;8.584390;8.584500;0
20210305 005800;8.584510;8.585830;8.584220;8.585270;0
20210305 005900;8.585280;8.586400;8.584960;8.585800;0
20210305 010000;8.585860;8.586500;8.585500;8.585620;0
20210305 010100;8.585670;8.586460;8.584760;8.584950;0
20210305 010200;8.584870;8.588020;8.584720;8.588020;0
20210305 010300;8.588120;8.588250;8.586130;8.586410;0
20210305 010400;8.586420;8.587040;8.586280;8.587020;0
20210305 010500;8.587020;8.587030;8.586100;8.586500;0
20210305 010600;8.586510;8.587520;8.586160;8.587520;0
20210305 010700;8.587510;8.588950;8.586820;8.586820;0
20210305 010800;8.586880;8.588490;8.586880;8.588260;0
20210305 010900;8.588110;8.588440;8.586090;8.586100;0
20210305 011000;8.586090;8.586200;8.583510;8.584230;0
20210305 011100;8.584160;8.584980;8.584020;8.584630;0
20210305 011200;8.584630;8.585880;8.584170;8.585860;0
20210305 011300;8.585860;8.586040;8.584780;8.585380;0
20210305 011400;8.585390;8.587150;8.585330;8.586450;0
20210305 011500;8.586450;8.586780;8.585670;8.585910;0
20210305 011600;8.585910;8.587650;8.585750;8.587190;0
20210305 011700;8.587200;8.587430;8.585830;8.586890;0
20210305 011800;8.586890;8.587240;8.585080;8.586750;0
20210305 011900;8.586750;8.587470;8.585870;8.586360;0
20210305 012000;8.586360;8.587250;8.586230;8.586920;0
20210305 012100;8.586910;8.587590;8.586470;8.586610;0
20210305 012200;8.586610;8.589310;8.586410;8.588220;0
20210305 012300;8.588220;8.590020;8.587670;8.588970;0
20210305 012400;8.588980;8.589540;8.588050;8.589350;0
20210305 012500;8.589350;8.590330;8.588920;8.589490;0
20210305 012600;8.589540;8.589820;8.587740;8.587940;0
20210305 012700;8.587940;8.590120;8.586460;8.589020;0
20210305 012800;8.589020;8.589020;8.585240;8.587120;0
20210305 012900;8.587220;8.587920;8.586250;8.587350;0
20210305 013000;8.587920;8.589530;8.587250;8.587750;0
20210305 013100;8.587600;8.588120;8.586970;8.586970;0
20210305 013200;8.587110;8.587950;8.587060;8.587510;0
20210305 013300;8.587510;8.587870;8.587070;8.587500;0
20210305 013400;8.587480;8.588920;8.587380;8.587860;0
20210305 013500;8.587850;8.588850;8.587660;8.587980;0
20210305 013600;8.587670;8.589830;8.587420;8.588860;0
20210305 013700;8.588850;8.589410;8.588420;8.589130;0
20210305 013800;8.589140;8.589960;8.587790;8.589960;0
20210305 013900;8.590010;8.590200;8.588850;8.590050;0
20210305 014000;8.590010;8.590570;8.589230;8.589870;0
20210305 014100;8.589870;8.590120;8.588780;8.589280;0
20210305 014200;8.589230;8.590130;8.589020;8.589350;0
20210305 014300;8.589410;8.589410;8.587870;8.588410;0
20210305 014400;8.588410;8.589160;8.587820;8.588450;0
20210305 014500;8.588730;8.588790;8.587310;8.587410;0
20210305 014600;8.587450;8.588820;8.587450;8.588210;0
20210305 014700;8.588560;8.588950;8.587990;8.588880;0
20210305 014800;8.589190;8.589550;8.588790;8.589400;0
20210305 014900;8.589340;8.589370;8.588790;8.589290;0
20210305 015000;8.589340;8.589550;8.587820;8.588720;0
20210305 015100;8.588420;8.588490;8.586040;8.586220;0
20210305 015200;8.586150;8.586710;8.586040;8.586440;0
20210305 015300;8.586280;8.586750;8.586160;8.586160;0
20210305 015400;8.586210;8.586320;8.585780;8.585790;0
20210305 015500;8.585830;8.586630;8.585600;8.585900;0
20210305 015600;8.585900;8.586320;8.584940;8.585810;0
20210305 015700;8.585760;8.586610;8.585760;8.586610;0
20210305 015800;8.586650;8.587930;8.586590;8.586920;0
20210305 015900;8.586860;8.587850;8.586560;8.587460;0
20210305 020000;8.588060;8.592290;8.588040;8.589580;0
20210305 020100;8.589860;8.595840;8.589480;8.591360;0
20210305 020200;8.591120;8.591860;8.587430;8.588530;0
20210305 020300;8.588790;8.590170;8.587470;8.587470;0
20210305 020400;8.587300;8.594500;8.586980;8.594080;0
20210305 020500;8.593220;8.594210;8.591720;8.592780;0
20210305 020600;8.592780;8.600590;8.592540;8.594670;0
20210305 020700;8.594720;8.595640;8.594480;8.594630;0
20210305 020800;8.594580;8.594650;8.588810;8.588820;0
20210305 020900;8.588810;8.590540;8.588810;8.589010;0
20210305 021000;8.588900;8.588900;8.587510;8.587960;0
20210305 021100;8.587920;8.590390;8.587310;8.589820;0
20210305 021200;8.589920;8.590680;8.588310;8.589320;0
20210305 021300;8.589320;8.590490;8.588080;8.588080;0
20210305 021400;8.588080;8.588320;8.585990;8.586420;0
20210305 021500;8.586520;8.587700;8.586310;8.587410;0
20210305 021600;8.587330;8.588570;8.584490;8.584610;0
20210305 021700;8.584450;8.586150;8.580010;8.581560;0
20210305 021800;8.581940;8.583170;8.579690;8.580710;0
20210305 021900;8.580770;8.580770;8.577470;8.578470;0
20210305 022000;8.578470;8.583190;8.578260;8.582650;0
20210305 022100;8.582800;8.585270;8.582800;8.585140;0
20210305 022200;8.585140;8.586760;8.584930;8.586710;0
20210305 022300;8.586640;8.588330;8.584610;8.588030;0
20210305 022400;8.587940;8.593650;8.587710;8.591120;0
20210305 022500;8.591260;8.591370;8.589660;8.591190;0
20210305 022600;8.591090;8.592540;8.590810;8.592320;0
20210305 022700;8.592400;8.593980;8.591710;8.592700;0
20210305 022800;8.592740;8.593010;8.591720;8.591790;0
20210305 022900;8.591840;8.594420;8.591140;8.593500;0
20210305 023000;8.593590;8.593590;8.589550;8.590120;0
20210305 023100;8.590200;8.590920;8.589990;8.590160;0
20210305 023200;8.590200;8.590200;8.589000;8.589390;0
20210305 023300;8.589360;8.589920;8.585270;8.588780;0
20210305 023400;8.588730;8.591730;8.588430;8.591060;0
20210305 023500;8.591110;8.593390;8.590230;8.593300;0
20210305 023600;8.593420;8.593810;8.591370;8.591700;0
20210305 023700;8.591710;8.592990;8.589370;8.591680;0
20210305 023800;8.591690;8.592430;8.591070;8.591390;0
20210305 023900;8.591080;8.592420;8.590580;8.590600;0
20210305 024000;8.590510;8.590670;8.588880;8.589320;0
20210305 024100;8.589300;8.591010;8.587480;8.587790;0
20210305 024200;8.587730;8.588120;8.586900;8.587980;0
20210305 024300;8.587890;8.588760;8.587570;8.588520;0
20210305 024400;8.588480;8.588490;8.585330;8.585330;0
20210305 024500;8.585330;8.586010;8.581930;8.583090;0
20210305 024600;8.583090;8.584750;8.582910;8.584140;0
20210305 024700;8.584140;8.585620;8.581890;8.583070;0
20210305 024800;8.583340;8.588340;8.583210;8.588310;0
20210305 024900;8.588440;8.590210;8.585620;8.586040;0
20210305 025000;8.586170;8.588200;8.586170;8.586960;0
20210305 025100;8.586970;8.590340;8.586750;8.590070;0
20210305 025200;8.590160;8.591290;8.589740;8.590050;0
20210305 025300;8.590060;8.591080;8.587270;8.587740;0
20210305 025400;8.587960;8.589150;8.586630;8.586630;0
20210305 025500;8.586630;8.587790;8.586630;8.587210;0
20210305 025600;8.587420;8.587900;8.586610;8.586610;0
20210305 025700;8.586600;8.588380;8.585780;8.588000;0
20210305 025800;8.588000;8.589360;8.586780;8.589360;0
20210305 025900;8.589350;8.591860;8.584990;8.584990;0
20210305 030000;8.585200;8.585420;8.579110;8.580850;0
20210305 030100;8.581040;8.582630;8.578020;8.578260;0
20210305 030200;8.578270;8.580600;8.577290;8.580440;0
20210305 030300;8.580470;8.588740;8.579780;8.587800;0
20210305 030400;8.587890;8.593980;8.586500;8.593250;0
20210305 030500;8.593250;8.596060;8.592650;8.595870;0
20210305 030600;8.595620;8.601090;8.595210;8.596150;0
20210305 030700;8.596170;8.602210;8.596030;8.601850;0
20210305 030800;8.601840;8.610350;8.600680;8.610200;0
20210305 030900;8.610140;8.610370;8.600100;8.603440;0
20210305 031000;8.603950;8.604070;8.600310;8.600520;0
20210305 031100;8.600820;8.601810;8.598220;8.599120;0
20210305 031200;8.599120;8.599430;8.595770;8.599230;0
20210305 031300;8.599230;8.603890;8.598350;8.599550;0
20210305 031400;8.599460;8.609510;8.598930;8.609220;0
20210305 031500;8.609220;8.610480;8.606890;8.608130;0
20210305 031600;8.608300;8.608710;8.605330;8.606010;0
20210305 031700;8.606090;8.606090;8.604870;8.605070;0
20210305 031800;8.605020;8.607450;8.603400;8.605690;0
20210305 031900;8.605690;8.612260;8.604800;8.610580;0
20210305 032000;8.610660;8.610710;8.609440;8.609440;0
20210305 032100;8.609530;8.611710;8.609300;8.609470;0
20210305 032200;8.609480;8.614340;8.609480;8.613720;0
20210305 032300;8.613790;8.613790;8.610090;8.610660;0
20210305 032400;8.610700;8.612640;8.610400;8.612230;0
20210305 032500;8.612280;8.620780;8.611370;8.617960;0
20210305 032600;8.617870;8.618550;8.609300;8.609590;0
20210305 032700;8.609910;8.611990;8.609520;8.610640;0
20210305 032800;8.610570;8.613000;8.610060;8.611890;0
20210305 032900;8.611890;8.613340;8.610940;8.611320;0
20210305 033000;8.611320;8.616190;8.610270;8.615590;0
20210305 033100;8.615470;8.620180;8.614870;8.617330;0
20210305 033200;8.617130;8.617130;8.609800;8.611690;0
20210305 033300;8.612040;8.615560;8.611360;8.612450;0
20210305 033400;8.612400;8.621090;8.612300;8.619240;0
20210305 033500;8.619150;8.626230;8.619070;8.624630;0
20210305 033600;8.624620;8.630080;8.623740;8.627320;0
20210305 033700;8.627190;8.627190;8.620690;8.620710;0
20210305 033800;8.620780;8.622750;8.618540;8.622740;0
20210305 033900;8.622750;8.622750;8.617850;8.620610;0
20210305 034000;8.620910;8.622120;8.619690;8.620690;0
20210305 034100;8.621010;8.627280;8.621010;8.624680;0
20210305 034200;8.624680;8.624680;8.620120;8.624380;0
20210305 034300;8.624390;8.629260;8.622600;8.622820;0
20210305 034400;8.622590;8.625770;8.620510;8.621210;0
20210305 034500;8.621130;8.623360;8.620110;8.622460;0
20210305 034600;8.622460;8.624770;8.622220;8.623690;0
20210305 034700;8.623870;8.626820;8.623470;8.626160;0
20210305 034800;8.626120;8.630800;8.625940;8.627580;0
20210305 034900;8.627540;8.627600;8.621620;8.623590;0
20210305 035000;8.623890;8.626270;8.622280;8.625350;0
20210305 035100;8.625300;8.626720;8.621910;8.626710;0
20210305 035200;8.626710;8.626720;8.624210;8.625090;0
20210305 035300;8.625080;8.628290;8.624370;8.625340;0
20210305 035400;8.625400;8.627620;8.624920;8.626460;0
20210305 035500;8.626460;8.626460;8.624210;8.624210;0
20210305 035600;8.624210;8.624350;8.611780;8.611780;0
20210305 035700;8.611810;8.612540;8.610440;8.611250;0
20210305 035800;8.611380;8.616640;8.611370;8.616330;0
20210305 035900;8.616180;8.620180;8.615220;8.618360;0
20210305 040000;8.618360;8.619100;8.616560;8.616770;0
20210305 040100;8.616810;8.617000;8.610040;8.610300;0
20210305 040200;8.610300;8.616940;8.609830;8.616680;0
20210305 040300;8.616680;8.616680;8.611670;8.611770;0
20210305 040400;8.611970;8.612190;8.604710;8.606750;0
20210305 040500;8.606510;8.608150;8.604080;8.604080;0
20210305 040600;8.604080;8.605750;8.599300;8.600130;0
20210305 040700;8.600430;8.601450;8.597950;8.601380;0
20210305 040800;8.601440;8.602320;8.599810;8.602130;0
20210305 040900;8.601870;8.602980;8.600430;8.600870;0
20210305 041000;8.600870;8.609710;8.600690;8.609150;0
20210305 041100;8.609140;8.609360;8.602120;8.604730;0
20210305 041200;8.604660;8.610210;8.603710;8.609910;0
20210305 041300;8.609950;8.615030;8.609950;8.611140;0
20210305 041400;8.611120;8.614430;8.609660;8.610590;0
20210305 041500;8.610590;8.612110;8.610170;8.612110;0
20210305 041600;8.612270;8.612550;8.607890;8.608230;0
20210305 041700;8.608190;8.611470;8.608190;8.610170;0
20210305 041800;8.609590;8.609590;8.606090;8.607320;0
20210305 041900;8.607040;8.612760;8.606690;8.610110;0
20210305 042000;8.610250;8.613270;8.609540;8.611980;0
20210305 042100;8.611990;8.612110;8.600990;8.602960;0
20210305 042200;8.602960;8.605290;8.602920;8.603570;0
20210305 042300;8.604210;8.608680;8.604210;8.606330;0
20210305 042400;8.606170;8.609720;8.604050;8.604670;0
20210305 042500;8.604670;8.612680;8.603780;8.611690;0
20210305 042600;8.611650;8.611970;8.606440;8.607450;0
20210305 042700;8.607400;8.609490;8.606910;8.608070;0
20210305 042800;8.608030;8.611590;8.607800;8.609930;0
20210305 042900;8.610080;8.611180;8.607440;8.607450;0
20210305 043000;8.607310;8.610380;8.607300;8.610380;0
20210305 043100;8.610350;8.611420;8.609440;8.609980;0
20210305 043200;8.609740;8.611000;8.608880;8.609150;0
20210305 043300;8.609220;8.609520;8.607420;8.608420;0
20210305 043400;8.608310;8.608920;8.605430;8.605430;0
20210305 043500;8.605210;8.610860;8.604120;8.609670;0
20210305 043600;8.609560;8.609560;8.606070;8.606450;0
20210305 043700;8.606450;8.606450;8.604470;8.604830;0
20210305 043800;8.604750;8.604760;8.598390;8.598860;0
20210305 043900;8.598940;8.599380;8.593450;8.596320;0
20210305 044000;8.596400;8.601910;8.596400;8.600560;0
20210305 044100;8.600720;8.604630;8.600720;8.601670;0
20210305 044200;8.601670;8.608680;8.600640;8.608110;0
20210305 044300;8.608110;8.608120;8.603580;8.603850;0
20210305 044400;8.603850;8.603850;8.597550;8.598140;0
20210305 044500;8.598140;8.606130;8.598140;8.602780;0
20210305 044600;8.602780;8.607650;8.601680;8.606110;0
20210305 044700;8.606110;8.608020;8.604660;8.604660;0
20210305 044800;8.604630;8.605120;8.603230;8.603820;0
20210305 044900;8.603910;8.605420;8.603040;8.603200;0
20210305 045000;8.603130;8.604070;8.594430;8.596110;0
20210305 045100;8.596110;8.602240;8.596090;8.601730;0
20210305 045200;8.601600;8.602800;8.597880;8.598690;0
20210305 045300;8.598480;8.600020;8.593230;8.593310;0
20210305 045400;8.593510;8.594620;8.589100;8.589840;0
20210305 045500;8.589910;8.598060;8.589910;8.597360;0
20210305 045600;8.597390;8.597390;8.592410;8.592600;0
20210305 045700;8.592390;8.597480;8.591040;8.595890;0
20210305 045800;8.595890;8.596590;8.593400;8.593440;0
20210305 045900;8.593410;8.593410;8.586920;8.591180;0
20210305 050000;8.591180;8.593610;8.588980;8.591990;0
20210305 050100;8.591980;8.594650;8.591980;8.593390;0
20210305 050200;8.593250;8.593310;8.589840;8.590280;0
20210305 050300;8.590440;8.590440;8.584020;8.584620;0
20210305 050400;8.585120;8.586670;8.578730;8.579280;0
20210305 050500;8.579280;8.586270;8.579280;8.585880;0
20210305 050600;8.585930;8.586930;8.585630;8.585920;0
20210305 050700;8.585990;8.587000;8.585000;8.585850;0
20210305 050800;8.585820;8.585980;8.584650;8.585430;0
20210305 050900;8.585570;8.586020;8.584790;8.585280;0
20210305 051000;8.585190;8.586810;8.584200;8.586810;0
20210305 051100;8.586810;8.588830;8.586640;8.588830;0
20210305 051200;8.588850;8.589330;8.584050;8.584050;0
20210305 051300;8.583830;8.586900;8.583140;8.585890;0
20210305 051400;8.585920;8.589710;8.584260;8.586410;0
20210305 051500;8.586400;8.591360;8.586270;8.590750;0
20210305 051600;8.590840;8.594030;8.589940;8.590880;0
20210305 051700;8.590880;8.596960;8.590880;8.596840;0
20210305 051800;8.596840;8.597300;8.588380;8.588380;0
20210305 051900;8.588450;8.592010;8.585960;8.588960;0
20210305 052000;8.588950;8.591190;8.587100;8.591190;0
20210305 052100;8.591260;8.592500;8.588860;8.589460;0
20210305 052200;8.589460;8.589590;8.585770;8.588320;0
20210305 052300;8.588450;8.588810;8.585460;8.588630;0
20210305 052400;8.588420;8.588720;8.587170;8.587500;0
20210305 052500;8.587510;8.589120;8.583830;8.584390;0
20210305 052600;8.584530;8.586750;8.584320;8.584780;0
20210305 052700;8.584580;8.585220;8.583360;8.583470;0
20210305 052800;8.583180;8.584620;8.579550;8.580460;0
20210305 052900;8.580440;8.581330;8.578810;8.581200;0
20210305 053000;8.581130;8.587450;8.580830;8.583630;0
20210305 053100;8.583620;8.588410;8.582500;8.586890;0
20210305 053200;8.586880;8.592740;8.586710;8.592580;0
20210305 053300;8.592480;8.593400;8.590280;8.593180;0
20210305 053400;8.593170;8.593710;8.591360;8.591360;0
20210305 053500;8.591420;8.591420;8.587650;8.587780;0
20210305 053600;8.587730;8.588090;8.584570;8.585180;0
20210305 053700;8.585150;8.586990;8.584760;8.586990;0
20210305 053800;8.586830;8.587120;8.583080;8.583160;0
20210305 053900;8.583130;8.586600;8.581370;8.584880;0
20210305 054000;8.584960;8.586520;8.584760;8.585400;0
20210305 054100;8.585380;8.585660;8.579640;8.579640;0
20210305 054200;8.579840;8.586900;8.579840;8.581820;0
20210305 054300;8.581770;8.582510;8.577870;8.577960;0
20210305 054400;8.577850;8.578810;8.576630;8.577960;0
20210305 054500;8.577980;8.578400;8.576720;8.578260;0
20210305 054600;8.578290;8.585360;8.578290;8.579910;0
20210305 054700;8.579910;8.580650;8.578880;8.579760;0
20210305 054800;8.579800;8.579850;8.576240;8.578290;0
20210305 054900;8.578290;8.581520;8.578290;8.580270;0
20210305 055000;8.580330;8.580830;8.577220;8.579050;0
20210305 055100;8.579060;8.580890;8.579050;8.580350;0
20210305 055200;8.580450;8.582930;8.580440;8.582230;0
20210305 055300;8.582260;8.583920;8.581750;8.582430;0
20210305 055400;8.582300;8.582640;8.576760;8.576760;0
20210305 055500;8.576820;8.577840;8.576240;8.576740;0
20210305 055600;8.576770;8.578440;8.576660;8.578440;0
20210305 055700;8.578440;8.579730;8.577960;8.579520;0
20210305 055800;8.579710;8.581940;8.579350;8.581070;0
20210305 055900;8.581120;8.582860;8.580480;8.582650;0
20210305 060000;8.582560;8.582570;8.579710;8.581450;0
20210305 060100;8.581390;8.581510;8.578350;8.578990;0
20210305 060200;8.579220;8.582280;8.578610;8.582270;0
20210305 060300;8.582270;8.583160;8.579980;8.579980;0
20210305 060400;8.579700;8.579700;8.577320;8.577840;0
20210305 060500;8.577760;8.580300;8.577760;8.579500;0
20210305 060600;8.579590;8.581560;8.579350;8.580060;0
20210305 060700;8.579960;8.579970;8.579050;8.579400;0
20210305 060800;8.579460;8.580830;8.579460;8.580490;0
20210305 060900;8.580490;8.580750;8.579840;8.580040;0
20210305 061000;8.579930;8.579930;8.577090;8.577470;0
20210305 061100;8.577480;8.578140;8.575680;8.576000;0
20210305 061200;8.575970;8.576830;8.574500;8.576610;0
20210305 061300;8.576700;8.578830;8.576490;8.578640;0
20210305 061400;8.578640;8.578780;8.576970;8.577480;0
20210305 061500;8.577510;8.585960;8.577360;8.583670;0
20210305 061600;8.583670;8.584350;8.582250;8.583210;0
20210305 061700;8.583120;8.584500;8.583120;8.583380;0
20210305 061800;8.583010;8.588420;8.582830;8.586190;0
20210305 061900;8.585990;8.586810;8.584740;8.585020;0
20210305 062000;8.585280;8.585420;8.584420;8.585410;0
20210305 062100;8.585630;8.586000;8.584400;8.584420;0
20210305 062200;8.584310;8.585710;8.582120;8.582140;0
20210305 062300;8.582140;8.582490;8.581710;8.581840;0
20210305 062400;8.581850;8.582700;8.580210;8.580720;0
20210305 062500;8.580720;8.583190;8.580530;8.582980;0
20210305 062600;8.582970;8.585450;8.582970;8.584710;0
20210305 062700;8.584710;8.584720;8.578810;8.578810;0
20210305 062800;8.578810;8.578820;8.575330;8.575430;0
20210305 062900;8.575490;8.575490;8.570810;8.571380;0
20210305 063000;8.571300;8.575280;8.571060;8.574400;0
20210305 063100;8.574490;8.576420;8.574050;8.576120;0
20210305 063200;8.576220;8.576220;8.570950;8.571130;0
20210305 063300;8.571130;8.575890;8.568910;8.574030;0
20210305 063400;8.574120;8.574120;8.567470;8.567490;0
20210305 063500;8.567410;8.569910;8.562620;8.562670;0
20210305 063600;8.562670;8.566750;8.560370;8.561870;0
20210305 063700;8.561870;8.562510;8.558830;8.559240;0
20210305 063800;8.559240;8.559980;8.555810;8.555880;0
20210305 063900;8.555920;8.556590;8.555250;8.555560;0
20210305 064000;8.555400;8.566050;8.555360;8.565780;0
20210305 064100;8.565980;8.568240;8.565170;8.568230;0
20210305 064200;8.568180;8.569620;8.564440;8.567000;0
20210305 064300;8.566910;8.567210;8.565140;8.566770;0
20210305 064400;8.566680;8.567520;8.566480;8.567100;0
20210305 064500;8.567060;8.568990;8.563720;8.568840;0
20210305 064600;8.568980;8.570250;8.566420;8.569270;0
20210305 064700;8.569270;8.570930;8.567330;8.569290;0
20210305 064800;8.569230;8.569850;8.565580;8.565580;0
20210305 064900;8.565560;8.566290;8.561720;8.564320;0
20210305 065000;8.564180;8.565040;8.559430;8.559470;0
20210305 065100;8.559720;8.560980;8.558110;8.559120;0
20210305 065200;8.559120;8.559950;8.556320;8.558320;0
20210305 065300;8.558420;8.560230;8.558420;8.560000;0
20210305 065400;8.560290;8.561650;8.559930;8.561650;0
20210305 065500;8.561600;8.562120;8.559110;8.560910;0
20210305 065600;8.560980;8.563590;8.559780;8.562230;0
20210305 065700;8.562360;8.564420;8.562310;8.562840;0
20210305 065800;8.562830;8.564270;8.561420;8.563910;0
20210305 065900;8.563880;8.564560;8.563370;8.563680;0
20210305 070000;8.563720;8.564030;8.560120;8.560480;0
20210305 070100;8.560320;8.563020;8.560020;8.562120;0
20210305 070200;8.562120;8.562920;8.561480;8.561990;0
20210305 070300;8.561880;8.562820;8.561020;8.562100;0
20210305 070400;8.562030;8.563720;8.561680;8.562570;0
20210305 070500;8.562290;8.565340;8.561470;8.564260;0
20210305 070600;8.564320;8.565030;8.562230;8.562320;0
20210305 070700;8.562120;8.563130;8.561020;8.561320;0
20210305 070800;8.561320;8.562620;8.561020;8.561460;0
20210305 070900;8.561340;8.561730;8.560650;8.560710;0
20210305 071000;8.560650;8.560980;8.559330;8.559430;0
20210305 071100;8.559440;8.561020;8.559370;8.560600;0
20210305 071200;8.560630;8.562300;8.558640;8.558680;0
20210305 071300;8.558560;8.558780;8.557240;8.557430;0
20210305 071400;8.557380;8.558730;8.556880;8.557940;0
20210305 071500;8.557940;8.563630;8.557520;8.562980;0
20210305 071600;8.563120;8.565430;8.562720;8.565130;0
20210305 071700;8.565130;8.565130;8.561080;8.564430;0
20210305 071800;8.564660;8.565320;8.560920;8.561120;0
20210305 071900;8.560930;8.563480;8.557130;8.559300;0
20210305 072000;8.559300;8.561440;8.558030;8.559070;0
20210305 072100;8.559070;8.563000;8.558680;8.561360;0
20210305 072200;8.561390;8.561610;8.558340;8.560630;0
20210305 072300;8.560330;8.560340;8.555300;8.555900;0
20210305 072400;8.555900;8.558190;8.555900;8.557400;0
20210305 072500;8.557200;8.557610;8.556740;8.557320;0
20210305 072600;8.557320;8.557630;8.555330;8.557490;0
20210305 072700;8.557720;8.561040;8.557720;8.559610;0
20210305 072800;8.559670;8.560500;8.558910;8.559320;0
20210305 072900;8.559130;8.559180;8.552920;8.553060;0
20210305 073000;8.552890;8.555120;8.552890;8.554810;0
20210305 073100;8.554820;8.555420;8.553880;8.554720;0
20210305 073200;8.554810;8.555020;8.554120;8.554680;0
20210305 073300;8.554570;8.556770;8.554480;8.556630;0
20210305 073400;8.556520;8.557320;8.556100;8.556100;0
20210305 073500;8.556220;8.556470;8.554710;8.555290;0
20210305 073600;8.555210;8.559260;8.555210;8.557890;0
20210305 073700;8.557900;8.558420;8.557310;8.558410;0
20210305 073800;8.558340;8.558630;8.556400;8.557420;0
20210305 073900;8.557520;8.558780;8.556490;8.558470;0
20210305 074000;8.558470;8.559930;8.557930;8.558420;0
20210305 074100;8.558420;8.558520;8.556180;8.556260;0
20210305 074200;8.556170;8.560960;8.555170;8.559200;0
20210305 074300;8.559210;8.560130;8.558720;8.558820;0
20210305 074400;8.558720;8.558720;8.556640;8.557500;0
20210305 074500;8.557500;8.560580;8.557500;8.560580;0
20210305 074600;8.560570;8.562510;8.560570;8.561710;0
20210305 074700;8.561710;8.563230;8.561630;8.563230;0
20210305 074800;8.563230;8.564220;8.561110;8.564220;0
20210305 074900;8.564220;8.564920;8.561360;8.561960;0
20210305 075000;8.562220;8.563220;8.560410;8.560440;0
20210305 075100;8.560710;8.561790;8.560710;8.561630;0
20210305 075200;8.561630;8.562900;8.558360;8.558490;0
20210305 075300;8.558490;8.563750;8.558490;8.563090;0
20210305 075400;8.563090;8.564040;8.562760;8.563270;0
20210305 075500;8.563270;8.563440;8.558910;8.558990;0
20210305 075600;8.559050;8.560470;8.558630;8.560040;0
20210305 075700;8.560060;8.560060;8.547620;8.547810;0
20210305 075800;8.548040;8.548390;8.543690;8.546550;0
20210305 075900;8.546550;8.549810;8.545450;8.545500;0
20210305 080000;8.545960;8.546880;8.542150;8.542180;0
20210305 080100;8.542070;8.542610;8.537820;8.541550;0
20210305 080200;8.541560;8.542920;8.537120;8.537250;0
20210305 080300;8.537260;8.538950;8.536660;8.538710;0
20210305 080400;8.538710;8.540550;8.537330;8.540080;0
20210305 080500;8.540010;8.542040;8.539870;8.541660;0
20210305 080600;8.541740;8.546900;8.540760;8.546180;0
20210305 080700;8.546090;8.546850;8.542470;8.543870;0
20210305 080800;8.543870;8.549320;8.542840;8.547470;0
20210305 080900;8.547480;8.549930;8.547340;8.547730;0
20210305 081000;8.547730;8.551820;8.547190;8.551580;0
20210305 081100;8.551570;8.553320;8.550550;8.551060;0
20210305 081200;8.550990;8.550990;8.545890;8.546070;0
20210305 081300;8.546080;8.552260;8.545430;8.550250;0
20210305 081400;8.550250;8.553400;8.549410;8.552740;0
20210305 081500;8.552600;8.552950;8.549780;8.552020;0
20210305 081600;8.552020;8.553170;8.551810;8.553170;0
20210305 081700;8.553370;8.555550;8.553260;8.554770;0
20210305 081800;8.554770;8.555220;8.551440;8.551510;0
20210305 081900;8.551430;8.555620;8.551430;8.555230;0
20210305 082000;8.555260;8.557220;8.549740;8.554630;0
20210305 082100;8.554710;8.558540;8.552670;8.558180;0
20210305 082200;8.558130;8.558830;8.552000;8.552720;0
20210305 082300;8.552690;8.553980;8.550680;8.551200;0
20210305 082400;8.551170;8.551620;8.550370;8.550440;0
20210305 082500;8.550440;8.552510;8.550440;8.550970;0
20210305 082600;8.550970;8.552980;8.550830;8.551610;0
20210305 082700;8.551550;8.552820;8.550790;8.552320;0
20210305 082800;8.552230;8.553130;8.550260;8.551210;0
20210305 082900;8.551120;8.552080;8.548000;8.548710;0
20210305 083000;8.548330;8.574970;8.547660;8.572130;0
20210305 083100;8.572620;8.591120;8.571950;8.586540;0
20210305 083200;8.586540;8.590980;8.577900;8.588590;0
20210305 083300;8.588340;8.604270;8.588340;8.596380;0
20210305 083400;8.596380;8.596380;8.585360;8.585540;0
20210305 083500;8.585670;8.588440;8.571000;8.575630;0
20210305 083600;8.575240;8.579920;8.573130;8.577760;0
20210305 083700;8.577490;8.587580;8.574460;8.586340;0
20210305 083800;8.586250;8.586250;8.576090;8.577750;0
20210305 083900;8.577480;8.578510;8.571710;8.574840;0
20210305 084000;8.574840;8.577380;8.571930;8.573720;0
20210305 084100;8.573720;8.575280;8.570150;8.572320;0
20210305 084200;8.572370;8.573770;8.551010;8.551120;0
20210305 084300;8.551110;8.556390;8.549640;8.554800;0
20210305 084400;8.553730;8.556640;8.549020;8.551070;0
20210305 084500;8.550890;8.553310;8.548230;8.549320;0
20210305 084600;8.549320;8.550900;8.537610;8.537660;0
20210305 084700;8.537720;8.545050;8.537720;8.544040;0
20210305 084800;8.544040;8.553030;8.543790;8.551150;0
20210305 084900;8.551130;8.551800;8.542840;8.545720;0
20210305 085000;8.545730;8.551140;8.545290;8.547480;0
20210305 085100;8.547470;8.552600;8.546460;8.552600;0
20210305 085200;8.552590;8.560550;8.551850;8.559680;0
20210305 085300;8.558820;8.558820;8.551810;8.553110;0
20210305 085400;8.553320;8.555160;8.550770;8.550770;0
20210305 085500;8.550660;8.555030;8.549590;8.549940;0
20210305 085600;8.549910;8.550600;8.545070;8.550160;0
20210305 085700;8.550130;8.552120;8.547910;8.549980;0
20210305 085800;8.550130;8.550420;8.544600;8.546570;0
20210305 085900;8.546570;8.549410;8.546400;8.549200;0
20210305 090000;8.549160;8.555840;8.544000;8.552580;0
20210305 090100;8.552590;8.553220;8.545020;8.547480;0
20210305 090200;8.547650;8.547780;8.540470;8.541290;0
20210305 090300;8.541270;8.543380;8.538250;8.538750;0
20210305 090400;8.538890;8.540350;8.529040;8.530560;0
20210305 090500;8.530560;8.535320;8.523840;8.532670;0
20210305 090600;8.532690;8.534040;8.529390;8.530020;0
20210305 090700;8.530020;8.534380;8.527220;8.532280;0
20210305 090800;8.532340;8.533060;8.526690;8.526690;0
20210305 090900;8.526340;8.526560;8.522300;8.523100;0
20210305 091000;8.523110;8.524250;8.520400;8.521130;0
20210305 091100;8.521130;8.529620;8.521130;8.529170;0
20210305 091200;8.528970;8.534540;8.527880;8.533670;0
20210305 091300;8.533670;8.533680;8.527450;8.532570;0
20210305 091400;8.532560;8.532680;8.524250;8.525100;0
20210305 091500;8.525100;8.525100;8.511120;8.511600;0
20210305 091600;8.511780;8.513490;8.507170;8.512680;0
20210305 091700;8.512890;8.519080;8.512290;8.518930;0
20210305 091800;8.518940;8.529060;8.518670;8.522200;0
20210305 091900;8.522340;8.526880;8.517270;8.524440;0
20210305 092000;8.524730;8.524730;8.517050;8.518610;0
20210305 092100;8.518560;8.525990;8.516620;8.517970;0
20210305 092200;8.518280;8.523610;8.517090;8.521050;0
20210305 092300;8.521060;8.527670;8.521060;8.523740;0
20210305 092400;8.523740;8.526530;8.522460;8.526040;0
20210305 092500;8.525950;8.527290;8.524210;8.526640;0
20210305 092600;8.526640;8.527340;8.523970;8.524280;0
20210305 092700;8.524270;8.524760;8.520270;8.522560;0
20210305 092800;8.522450;8.522450;8.519710;8.521240;0
20210305 092900;8.521210;8.523300;8.520280;8.521540;0
20210305 093000;8.521410;8.532130;8.520630;8.529180;0
20210305 093100;8.528360;8.531620;8.525190;8.530740;0
20210305 093200;8.530690;8.534010;8.529030;8.530830;0
20210305 093300;8.530710;8.531910;8.528430;8.531910;0
20210305 093400;8.531910;8.536810;8.531710;8.536560;0
20210305 093500;8.536560;8.538080;8.533650;8.536920;0
20210305 093600;8.536930;8.538520;8.533990;8.536990;0
20210305 093700;8.536830;8.542450;8.536370;8.540470;0
20210305 093800;8.540340;8.543540;8.539880;8.542530;0
20210305 093900;8.542530;8.550920;8.542200;8.550130;0
20210305 094000;8.550130;8.550290;8.544950;8.545190;0
20210305 094100;8.545190;8.547150;8.542670;8.542750;0
20210305 094200;8.542950;8.544940;8.538930;8.541620;0
20210305 094300;8.541690;8.542360;8.537650;8.537650;0
20210305 094400;8.537650;8.541370;8.536760;8.538310;0
20210305 094500;8.538320;8.540360;8.537850;8.540160;0
20210305 094600;8.540180;8.542180;8.530680;8.533060;0
20210305 094700;8.533060;8.534130;8.529880;8.530090;0
20210305 094800;8.530240;8.539950;8.530240;8.532820;0
20210305 094900;8.532820;8.541610;8.532820;8.541120;0
20210305 095000;8.541120;8.545820;8.541120;8.543480;0
20210305 095100;8.543520;8.544720;8.539180;8.543030;0
20210305 095200;8.543020;8.544940;8.540530;8.544850;0
20210305 095300;8.544790;8.551730;8.544790;8.548720;0
20210305 095400;8.548790;8.556830;8.548550;8.556580;0
20210305 095500;8.556580;8.559200;8.552330;8.559200;0
20210305 095600;8.559090;8.561710;8.556510;8.561190;0
20210305 095700;8.560920;8.566260;8.559640;8.565020;0
20210305 095800;8.565180;8.567510;8.559810;8.559810;0
20210305 095900;8.559800;8.562290;8.558820;8.559390;0
20210305 100000;8.559480;8.560560;8.556030;8.560460;0
20210305 100100;8.560230;8.563090;8.559710;8.561890;0
20210305 100200;8.561900;8.561900;8.556990;8.559590;0
20210305 100300;8.559590;8.560330;8.556210;8.558620;0
20210305 100400;8.558620;8.558750;8.556240;8.556710;0
20210305 100500;8.556920;8.559330;8.551760;8.551950;0
20210305 100600;8.552070;8.553620;8.543380;8.547910;0
20210305 100700;8.548190;8.548940;8.537270;8.545810;0
20210305 100800;8.545550;8.546300;8.543290;8.544940;0
20210305 100900;8.544780;8.549920;8.544780;8.547250;0
20210305 101000;8.547160;8.549130;8.543180;8.543590;0
20210305 101100;8.543660;8.550600;8.543170;8.550600;0
20210305 101200;8.550600;8.560100;8.550460;8.558440;0
20210305 101300;8.558440;8.558600;8.554520;8.556970;0
20210305 101400;8.557120;8.563600;8.556610;8.559260;0
20210305 101500;8.559180;8.559180;8.551470;8.554420;0
20210305 101600;8.554410;8.558110;8.552730;8.557030;0
20210305 101700;8.557070;8.557070;8.546640;8.550840;0
20210305 101800;8.550840;8.551240;8.537600;8.540140;0
20210305 101900;8.540240;8.548660;8.539380;8.547890;0
20210305 102000;8.548100;8.555700;8.541590;8.555700;0
20210305 102100;8.555700;8.555820;8.539220;8.544430;0
20210305 102200;8.544430;8.545730;8.538560;8.540080;0
20210305 102300;8.539830;8.547920;8.539820;8.547710;0
20210305 102400;8.547710;8.550190;8.544830;8.547100;0
20210305 102500;8.547100;8.547100;8.538450;8.539340;0
20210305 102600;8.539420;8.543020;8.535950;8.543020;0
20210305 102700;8.543180;8.545580;8.536460;8.540360;0
20210305 102800;8.540360;8.546610;8.540090;8.545440;0
20210305 102900;8.545600;8.548510;8.542430;8.548370;0
20210305 103000;8.548180;8.552080;8.542380;8.547540;0
20210305 103100;8.547590;8.555200;8.547590;8.554130;0
20210305 103200;8.554460;8.559570;8.553680;8.557030;0
20210305 103300;8.556940;8.558550;8.550910;8.557910;0
20210305 103400;8.558090;8.564020;8.555900;8.557400;0
20210305 103500;8.557480;8.558260;8.547870;8.552670;0
20210305 103600;8.552400;8.552410;8.540050;8.543190;0
20210305 103700;8.543200;8.555200;8.543200;8.554630;0
20210305 103800;8.554370;8.556610;8.547050;8.548660;0
20210305 103900;8.548880;8.556760;8.548880;8.556660;0
20210305 104000;8.556840;8.559430;8.554480;8.558650;0
20210305 104100;8.558740;8.562060;8.557580;8.560330;0
20210305 104200;8.560660;8.560810;8.556670;8.559760;0
20210305 104300;8.559760;8.560300;8.547940;8.553860;0
20210305 104400;8.554020;8.556740;8.551290;8.555990;0
20210305 104500;8.556180;8.568900;8.556180;8.568740;0
20210305 104600;8.568410;8.568410;8.556530;8.565880;0
20210305 104700;8.565880;8.566430;8.553910;8.556240;0
20210305 104800;8.556160;8.558930;8.554330;8.557220;0
20210305 104900;8.556630;8.556640;8.554030;8.554620;0
20210305 105000;8.554720;8.556380;8.550240;8.554680;0
20210305 105100;8.554860;8.557520;8.552230;8.555960;0
20210305 105200;8.555940;8.556300;8.542440;8.546670;0
20210305 105300;8.546890;8.561710;8.546750;8.561710;0
20210305 105400;8.561150;8.562270;8.550940;8.556040;0
20210305 105500;8.556220;8.572340;8.556050;8.571600;0
20210305 105600;8.571850;8.572870;8.568050;8.568850;0
20210305 105700;8.568850;8.573320;8.567890;8.571980;0
20210305 105800;8.572060;8.582880;8.571990;8.582780;0
20210305 105900;8.582860;8.584080;8.575740;8.576010;0
20210305 110000;8.575950;8.579290;8.573640;8.577360;0
20210305 110100;8.577570;8.579540;8.574470;8.578080;0
20210305 110200;8.578080;8.579020;8.568320;8.573030;0
20210305 110300;8.573120;8.573600;8.559540;8.561040;0
20210305 110400;8.561370;8.573360;8.561370;8.572570;0
20210305 110500;8.572570;8.573780;8.568590;8.568670;0
20210305 110600;8.568660;8.580900;8.568660;8.580900;0
20210305 110700;8.580910;8.582220;8.577500;8.578850;0
20210305 110800;8.579010;8.579550;8.569740;8.574220;0
20210305 110900;8.573850;8.577720;8.573850;8.576520;0
20210305 111000;8.576520;8.576620;8.567740;8.568720;0
20210305 111100;8.568920;8.568920;8.566090;8.566990;0
20210305 111200;8.567110;8.573180;8.567110;8.570390;0
20210305 111300;8.570110;8.573540;8.567910;8.573540;0
20210305 111400;8.573520;8.573920;8.571640;8.572330;0
20210305 111500;8.572130;8.575070;8.571140;8.574850;0
20210305 111600;8.574870;8.575240;8.572290;8.572870;0
20210305 111700;8.572690;8.572930;8.570700;8.571950;0
20210305 111800;8.572030;8.573750;8.569910;8.571620;0
20210305 111900;8.571590;8.572270;8.567330;8.568190;0
20210305 112000;8.568560;8.574370;8.568150;8.574230;0
20210305 112100;8.574100;8.574990;8.568460;8.569590;0
20210305 112200;8.569660;8.570380;8.566090;8.566430;0
20210305 112300;8.566470;8.569180;8.564490;8.564660;0
20210305 112400;8.564770;8.572280;8.562410;8.571750;0
20210305 112500;8.571790;8.575800;8.571790;8.574190;0
20210305 112600;8.574160;8.578140;8.574160;8.577830;0
20210305 112700;8.577910;8.580930;8.574710;8.580810;0
20210305 112800;8.580820;8.585200;8.580360;8.584750;0
20210305 112900;8.584650;8.585540;8.582850;8.584030;0
20210305 113000;8.584030;8.584120;8.568770;8.568960;0
20210305 113100;8.569080;8.575280;8.569080;8.575170;0
20210305 113200;8.575120;8.578490;8.575050;8.576900;0
20210305 113300;8.576930;8.577730;8.575870;8.576780;0
20210305 113400;8.576860;8.577110;8.575790;8.576890;0
20210305 113500;8.576870;8.577340;8.573770;8.574050;0
20210305 113600;8.574050;8.575660;8.572320;8.575650;0
20210305 113700;8.575650;8.575650;8.559740;8.564260;0
20210305 113800;8.564620;8.567230;8.555550;8.564130;0
20210305 113900;8.564080;8.564080;8.554390;8.556550;0
20210305 114000;8.556550;8.557600;8.553760;8.555470;0
20210305 114100;8.555250;8.558710;8.555250;8.558410;0
20210305 114200;8.558410;8.565820;8.558250;8.561920;0
20210305 114300;8.562090;8.571640;8.559720;8.559720;0
20210305 114400;8.558870;8.559840;8.556760;8.559120;0
20210305 114500;8.559200;8.562480;8.559200;8.562250;0
20210305 114600;8.562350;8.564880;8.562190;8.564300;0
20210305 114700;8.564190;8.566540;8.563410;8.565700;0
20210305 114800;8.565660;8.565660;8.563570;8.564920;0
20210305 114900;8.565070;8.567600;8.565070;8.567160;0
20210305 115000;8.567160;8.573850;8.567000;8.573540;0
20210305 115100;8.573540;8.575920;8.570120;8.571530;0
20210305 115200;8.571520;8.571980;8.570930;8.571980;0
20210305 115300;8.571780;8.571920;8.569080;8.569570;0
20210305 115400;8.569440;8.570750;8.567650;8.570310;0
20210305 115500;8.570150;8.572470;8.569800;8.570940;0
20210305 115600;8.570940;8.570950;8.561520;8.561720;0
20210305 115700;8.561820;8.565100;8.560490;8.564130;0
20210305 115800;8.564200;8.564360;8.560580;8.561610;0
20210305 115900;8.561090;8.561630;8.558910;8.560790;0
20210305 120000;8.560880;8.562180;8.559300;8.561910;0
20210305 120100;8.561970;8.563450;8.556210;8.558020;0
20210305 120200;8.558000;8.558700;8.555480;8.556880;0
20210305 120300;8.555980;8.558830;8.555710;8.558310;0
20210305 120400;8.558400;8.559520;8.557670;8.558280;0
20210305 120500;8.558280;8.561910;8.558280;8.561910;0
20210305 120600;8.561840;8.563100;8.561840;8.562610;0
20210305 120700;8.562490;8.565720;8.562190;8.565640;0
20210305 120800;8.565480;8.567640;8.563910;8.565780;0
20210305 120900;8.565780;8.566620;8.565410;8.566370;0
20210305 121000;8.566220;8.567180;8.565130;8.565760;0
20210305 121100;8.565600;8.566860;8.565200;8.565910;0
20210305 121200;8.565910;8.566240;8.561660;8.561690;0
20210305 121300;8.561830;8.562290;8.558530;8.558970;0
20210305 121400;8.558970;8.559980;8.558510;8.558640;0
20210305 121500;8.558650;8.559760;8.557740;8.557870;0
20210305 121600;8.557320;8.557710;8.553730;8.554700;0
20210305 121700;8.554700;8.555570;8.554390;8.555570;0
20210305 121800;8.555670;8.559890;8.555670;8.559890;0
20210305 121900;8.559690;8.560340;8.558410;8.559340;0
20210305 122000;8.559350;8.561570;8.559170;8.559790;0
20210305 122100;8.559840;8.562430;8.559840;8.562270;0
20210305 122200;8.562270;8.562740;8.557660;8.557660;0
20210305 122300;8.557660;8.557660;8.550680;8.551900;0
20210305 122400;8.551950;8.551950;8.543090;8.547610;0
20210305 122500;8.547520;8.547520;8.545300;8.546410;0
20210305 122600;8.546340;8.546850;8.540630;8.541710;0
20210305 122700;8.541800;8.549160;8.541800;8.546880;0
20210305 122800;8.546870;8.546870;8.540690;8.541890;0
20210305 122900;8.541810;8.544840;8.541810;8.544260;0
20210305 123000;8.544340;8.545050;8.541520;8.543880;0
20210305 123100;8.543800;8.544200;8.542240;8.542720;0
20210305 123200;8.542840;8.542950;8.540910;8.541410;0
20210305 123300;8.541410;8.543270;8.541300;8.543260;0
20210305 123400;8.543260;8.552820;8.543240;8.544020;0
20210305 123500;8.544630;8.556810;8.544010;8.556590;0
20210305 123600;8.556590;8.557080;8.554270;8.554930;0
20210305 123700;8.554880;8.555790;8.554170;8.555100;0
20210305 123800;8.555040;8.556400;8.544120;8.549720;0
20210305 123900;8.549450;8.552790;8.549390;8.551790;0
20210305 124000;8.551790;8.552470;8.546670;8.546810;0
20210305 124100;8.546740;8.549170;8.544880;8.548880;0
20210305 124200;8.548970;8.549480;8.548430;8.548920;0
20210305 124300;8.549080;8.549080;8.547140;8.547400;0
20210305 124400;8.547310;8.547490;8.540730;8.541460;0
20210305 124500;8.541460;8.544900;8.539430;8.539830;0
20210305 124600;8.539780;8.539790;8.538200;8.538740;0
20210305 124700;8.538710;8.542690;8.538610;8.540740;0
20210305 124800;8.540780;8.545960;8.540290;8.544930;0
20210305 124900;8.544960;8.545050;8.543890;8.544330;0
20210305 125000;8.544340;8.547420;8.544200;8.547250;0
20210305 125100;8.547250;8.547250;8.545200;8.545770;0
20210305 125200;8.545770;8.545910;8.538440;8.539280;0
20210305 125300;8.539240;8.541060;8.535420;8.540800;0
20210305 125400;8.540800;8.547090;8.540740;8.546540;0
20210305 125500;8.546740;8.547050;8.543890;8.544630;0
20210305 125600;8.544500;8.544500;8.542150;8.543090;0
20210305 125700;8.542980;8.543680;8.542170;8.542670;0
20210305 125800;8.542730;8.546260;8.542650;8.546170;0
20210305 125900;8.546250;8.547660;8.544600;8.545760;0
20210305 130000;8.545750;8.546260;8.536350;8.538070;0
20210305 130100;8.538300;8.546480;8.538300;8.546330;0
20210305 130200;8.546260;8.553190;8.545950;8.551770;0
20210305 130300;8.551960;8.553000;8.551250;8.552800;0
20210305 130400;8.552630;8.553540;8.551920;8.552760;0
20210305 130500;8.552680;8.553310;8.551850;8.552210;0
20210305 130600;8.552280;8.552490;8.546800;8.546940;0
20210305 130700;8.547060;8.547140;8.545410;8.545660;0
20210305 130800;8.545580;8.545580;8.541080;8.543040;0
20210305 130900;8.542990;8.543660;8.541880;8.543310;0
20210305 131000;8.543310;8.547030;8.542140;8.546620;0
20210305 131100;8.546760;8.546760;8.544260;8.544410;0
20210305 131200;8.544570;8.544660;8.543720;8.543780;0
20210305 131300;8.543700;8.545760;8.543700;8.545740;0
20210305 131400;8.545830;8.546320;8.544970;8.545110;0
20210305 131500;8.545090;8.545090;8.543250;8.543930;0
20210305 131600;8.544210;8.544460;8.539820;8.540120;0
20210305 131700;8.540110;8.540410;8.535540;8.535630;0
20210305 131800;8.535700;8.536640;8.534720;8.536020;0
20210305 131900;8.536170;8.536170;8.533120;8.533480;0
20210305 132000;8.533520;8.536180;8.533520;8.534750;0
20210305 132100;8.534880;8.538480;8.534880;8.535970;0
20210305 132200;8.535980;8.536230;8.535100;8.535900;0
20210305 132300;8.536050;8.537430;8.535810;8.537090;0
20210305 132400;8.537230;8.538760;8.537010;8.538050;0
20210305 132500;8.538010;8.538970;8.537820;8.538540;0
20210305 132600;8.538560;8.538910;8.538280;8.538280;0
20210305 132700;8.538410;8.538860;8.537920;8.538550;0
20210305 132800;8.538720;8.539600;8.538120;8.539330;0
20210305 132900;8.539520;8.540520;8.538930;8.539520;0
20210305 133000;8.539280;8.539280;8.536610;8.537010;0
20210305 133100;8.537020;8.537370;8.536340;8.536840;0
20210305 133200;8.536790;8.538660;8.536630;8.538660;0
20210305 133300;8.538930;8.539830;8.535530;8.536840;0
20210305 133400;8.536690;8.537170;8.535710;8.536120;0
20210305 133500;8.535630;8.537160;8.534830;8.537010;0
20210305 133600;8.537030;8.537950;8.536630;8.536870;0
20210305 133700;8.536810;8.536980;8.536080;8.536080;0
20210305 133800;8.536010;8.540740;8.536010;8.537990;0
20210305 133900;8.538040;8.538040;8.536010;8.536590;0
20210305 134000;8.536450;8.536450;8.533450;8.533450;0
20210305 134100;8.533540;8.536370;8.533540;8.535230;0
20210305 134200;8.535360;8.535770;8.534370;8.535500;0
20210305 134300;8.535390;8.536370;8.534560;8.536230;0
20210305 134400;8.536220;8.537670;8.535690;8.537440;0
20210305 134500;8.536990;8.538590;8.536990;8.537550;0
20210305 134600;8.537550;8.537940;8.536080;8.537450;0
20210305 134700;8.537460;8.538000;8.537240;8.537830;0
20210305 134800;8.537830;8.538750;8.537530;8.538230;0
20210305 134900;8.538450;8.538650;8.537720;8.538130;0
20210305 135000;8.538120;8.538260;8.536820;8.537070;0
20210305 135100;8.536820;8.537060;8.535690;8.535790;0
20210305 135200;8.535900;8.537030;8.535680;8.536900;0
20210305 135300;8.536620;8.540300;8.536390;8.540280;0
20210305 135400;8.540130;8.543170;8.540130;8.542450;0
20210305 135500;8.542650;8.543390;8.541360;8.542280;0
20210305 135600;8.542280;8.542290;8.540240;8.540430;0
20210305 135700;8.540290;8.540820;8.539590;8.540260;0
20210305 135800;8.540410;8.541400;8.540250;8.540630;0
20210305 135900;8.540770;8.542010;8.540710;8.541490;0
20210305 140000;8.541350;8.541510;8.537150;8.537780;0
20210305 140100;8.537880;8.540790;8.537880;8.539100;0
20210305 140200;8.539130;8.539320;8.537110;8.539320;0
20210305 140300;8.539370;8.539940;8.538430;8.539470;0
20210305 140400;8.539650;8.540500;8.539460;8.539990;0
20210305 140500;8.539840;8.539840;8.538500;8.539000;0
20210305 140600;8.539010;8.544840;8.539010;8.544190;0
20210305 140700;8.544410;8.548240;8.544410;8.545560;0
20210305 140800;8.545760;8.546190;8.544220;8.544440;0
20210305 140900;8.544440;8.545720;8.544050;8.545270;0
20210305 141000;8.545270;8.545760;8.544960;8.545490;0
20210305 141100;8.545490;8.545490;8.544120;8.544960;0
20210305 141200;8.544740;8.545090;8.543430;8.543800;0
20210305 141300;8.543800;8.545110;8.542950;8.544840;0
20210305 141400;8.544830;8.545120;8.542400;8.543000;0
20210305 141500;8.542850;8.542850;8.540700;8.542490;0
20210305 141600;8.542420;8.548270;8.542420;8.547980;0
20210305 141700;8.548060;8.548240;8.545570;8.546760;0
20210305 141800;8.546750;8.548720;8.546220;8.547870;0
20210305 141900;8.547870;8.551530;8.547500;8.550720;0
20210305 142000;8.550730;8.553100;8.549790;8.550000;0
20210305 142100;8.550010;8.550670;8.549350;8.549350;0
20210305 142200;8.549350;8.549350;8.547550;8.548160;0
20210305 142300;8.548360;8.548420;8.547300;8.547670;0
20210305 142400;8.547750;8.548100;8.546740;8.546740;0
20210305 142500;8.546920;8.547150;8.544910;8.545850;0
20210305 142600;8.545850;8.546310;8.545710;8.545990;0
20210305 142700;8.546090;8.546450;8.546020;8.546020;0
20210305 142800;8.546110;8.546450;8.545460;8.545460;0
20210305 142900;8.545620;8.545720;8.541580;8.542020;0
20210305 143000;8.542120;8.542130;8.540500;8.540500;0
20210305 143100;8.540620;8.541000;8.540270;8.540430;0
20210305 143200;8.540390;8.541140;8.540390;8.540480;0
20210305 143300;8.540340;8.540460;8.539150;8.539400;0
20210305 143400;8.539460;8.539460;8.538660;8.538770;0
20210305 143500;8.538750;8.539710;8.538650;8.539380;0
20210305 143600;8.539480;8.539740;8.538910;8.538910;0
20210305 143700;8.538760;8.539920;8.538590;8.539920;0
20210305 143800;8.540050;8.540050;8.539480;8.539740;0
20210305 143900;8.539820;8.540120;8.539750;8.539800;0
20210305 144000;8.539590;8.539770;8.539380;8.539640;0
20210305 144100;8.539760;8.539760;8.538660;8.538660;0
20210305 144200;8.538520;8.539560;8.538380;8.539560;0
20210305 144300;8.539770;8.542610;8.539720;8.542600;0
20210305 144400;8.542830;8.542830;8.540940;8.541090;0
20210305 144500;8.541090;8.541490;8.540530;8.540920;0
20210305 144600;8.540780;8.540790;8.539780;8.540420;0
20210305 144700;8.540240;8.540240;8.538730;8.538730;0
20210305 144800;8.538890;8.538970;8.535490;8.535490;0
20210305 144900;8.535630;8.535640;8.533710;8.534230;0
20210305 145000;8.534190;8.536880;8.534140;8.536310;0
20210305 145100;8.535470;8.536560;8.534860;8.536560;0
20210305 145200;8.536560;8.536580;8.532340;8.534020;0
20210305 145300;8.534270;8.535600;8.533290;8.535210;0
20210305 145400;8.535410;8.535630;8.533520;8.533840;0
20210305 145500;8.533730;8.533970;8.531060;8.531380;0
20210305 145600;8.531370;8.532560;8.531370;8.532410;0
20210305 145700;8.532450;8.533130;8.532430;8.533130;0
20210305 145800;8.533170;8.535100;8.533060;8.533550;0
20210305 145900;8.533640;8.535980;8.533540;8.535980;0
20210305 150000;8.535990;8.537100;8.535260;8.536070;0
20210305 150100;8.536210;8.536520;8.535590;8.536520;0
20210305 150200;8.536730;8.537090;8.535840;8.536530;0
20210305 150300;8.536530;8.536980;8.536180;8.536850;0
20210305 150400;8.536980;8.537110;8.535850;8.535850;0
20210305 150500;8.535810;8.536440;8.535440;8.536320;0
20210305 150600;8.536440;8.537090;8.536280;8.536720;0
20210305 150700;8.536600;8.536730;8.535330;8.536490;0
20210305 150800;8.536660;8.537060;8.536310;8.536530;0
20210305 150900;8.536540;8.537330;8.536180;8.537320;0
20210305 151000;8.537330;8.537330;8.536130;8.536320;0
20210305 151100;8.536180;8.536350;8.535240;8.535500;0
20210305 151200;8.535500;8.537450;8.535500;8.537250;0
20210305 151300;8.537390;8.538310;8.536790;8.537740;0
20210305 151400;8.537880;8.537890;8.536140;8.537140;0
20210305 151500;8.537140;8.537150;8.535430;8.535430;0
20210305 151600;8.535270;8.536790;8.534310;8.534460;0
20210305 151700;8.534630;8.535460;8.533980;8.535030;0
20210305 151800;8.535170;8.535290;8.534450;8.534480;0
20210305 151900;8.534390;8.534450;8.533730;8.533820;0
20210305 152000;8.533940;8.534720;8.533420;8.533420;0
20210305 152100;8.533650;8.533730;8.533090;8.533730;0
20210305 152200;8.533480;8.534170;8.532840;8.532840;0
20210305 152300;8.532620;8.533430;8.532550;8.533350;0
20210305 152400;8.533350;8.533840;8.533160;8.533840;0
20210305 152500;8.533730;8.534490;8.533610;8.533610;0
20210305 152600;8.533910;8.533910;8.532700;8.532800;0
20210305 152700;8.533130;8.534060;8.533130;8.533700;0
20210305 152800;8.533970;8.535060;8.533970;8.534540;0
20210305 152900;8.534540;8.534910;8.533870;8.534010;0
20210305 153000;8.534010;8.534340;8.533240;8.533340;0
20210305 153100;8.533350;8.534200;8.533270;8.533270;0
20210305 153200;8.533270;8.533270;8.532430;8.532860;0
20210305 153300;8.532860;8.533810;8.532860;8.533810;0
20210305 153400;8.533550;8.533550;8.533230;8.533410;0
20210305 153500;8.533400;8.533980;8.533200;8.533500;0
20210305 153600;8.533500;8.533500;8.532940;8.532940;0
20210305 153700;8.532940;8.533260;8.530730;8.530980;0
20210305 153800;8.530970;8.531300;8.530560;8.531000;0
20210305 153900;8.531010;8.531030;8.530310;8.530310;0
20210305 154000;8.530410;8.530430;8.529960;8.529960;0
20210305 154100;8.530160;8.545050;8.530160;8.538690;0
20210305 154200;8.538410;8.538570;8.537310;8.538570;0
20210305 154300;8.538600;8.539270;8.538300;8.539010;0
20210305 154400;8.539000;8.539000;8.537720;8.538900;0
20210305 154500;8.538520;8.539220;8.535160;8.535830;0
20210305 154600;8.535610;8.535760;8.532360;8.532570;0
20210305 154700;8.532790;8.532910;8.532160;8.532160;0
20210305 154800;8.532330;8.532990;8.531050;8.532540;0
20210305 154900;8.532610;8.535750;8.532610;8.533620;0
20210305 155000;8.533720;8.534130;8.533220;8.534130;0
20210305 155100;8.534180;8.534380;8.531710;8.532120;0
20210305 155200;8.532210;8.533340;8.530100;8.530120;0
20210305 155300;8.530380;8.531060;8.529900;8.530800;0
20210305 155400;8.530840;8.533570;8.530430;8.532760;0
20210305 155500;8.532850;8.535180;8.532420;8.535180;0
20210305 155600;8.534940;8.535470;8.534380;8.534810;0
20210305 155700;8.535100;8.535570;8.534560;8.534760;0
20210305 155800;8.534610;8.537290;8.534280;8.537290;0
20210305 155900;8.537550;8.538200;8.537340;8.537590;0
20210305 160000;8.537340;8.538800;8.536530;8.538500;0
20210305 160100;8.538290;8.539700;8.537920;8.539600;0
20210305 160200;8.539550;8.540800;8.539430;8.539870;0
20210305 160300;8.539920;8.540760;8.539120;8.540460;0
20210305 160400;8.540440;8.542750;8.540430;8.540570;0
20210305 160500;8.540710;8.541390;8.540200;8.540420;0
20210305 160600;8.540420;8.540770;8.539920;8.540290;0
20210305 160700;8.540300;8.540300;8.538300;8.538310;0
20210305 160800;8.538310;8.539030;8.536810;8.538790;0
20210305 160900;8.538950;8.540200;8.538620;8.540190;0
20210305 161000;8.540190;8.540390;8.539240;8.539470;0
20210305 161100;8.539520;8.540680;8.539430;8.540680;0
20210305 161200;8.540680;8.541520;8.540670;8.541320;0
20210305 161300;8.541330;8.542320;8.541320;8.541620;0
20210305 161400;8.541620;8.542400;8.541150;8.542400;0
20210305 161500;8.542400;8.542860;8.540230;8.540230;0
20210305 161600;8.540230;8.540670;8.539610;8.540660;0
20210305 161700;8.540660;8.541720;8.540660;8.541690;0
20210305 161800;8.541680;8.544830;8.541680;8.544830;0
20210305 161900;8.544830;8.546120;8.541740;8.543030;0
20210305 162000;8.543030;8.545450;8.541470;8.541790;0
20210305 162100;8.541800;8.542860;8.540540;8.541930;0
20210305 162200;8.541930;8.542550;8.540560;8.541860;0
20210305 162300;8.542260;8.542260;8.540700;8.541030;0
20210305 162400;8.541440;8.541840;8.539860;8.541710;0
20210305 162500;8.541710;8.542070;8.540540;8.541060;0
20210305 162600;8.541060;8.541480;8.539140;8.540850;0
20210305 162700;8.541310;8.541570;8.539240;8.541050;0
20210305 162800;8.541360;8.541630;8.539740;8.540360;0
20210305 162900;8.540950;8.542010;8.538550;8.540520;0
20210305 163000;8.539540;8.541560;8.535200;8.540170;0
20210305 163100;8.539820;8.541280;8.533210;8.538960;0
20210305 163200;8.538960;8.541470;8.535370;8.538150;0
20210305 163300;8.538820;8.539230;8.533640;8.539230;0
20210305 163400;8.537820;8.540630;8.534170;8.539150;0
20210305 163500;8.539150;8.542240;8.535750;8.538990;0
20210305 163600;8.539460;8.546900;8.532890;8.534880;0
20210305 163700;8.534880;8.542420;8.532220;8.542420;0
20210305 163800;8.542360;8.542360;8.532220;8.538890;0
20210305 163900;8.539650;8.541870;8.534630;8.539320;0
20210305 164000;8.539330;8.541980;8.534720;8.541980;0
20210305 164100;8.541620;8.550580;8.533160;8.541720;0
20210305 164200;8.541920;8.546420;8.537630;8.538200;0
20210305 164300;8.538200;8.539340;8.536770;8.537410;0
20210305 164400;8.538160;8.541100;8.536510;8.540460;0
20210305 164500;8.540350;8.542230;8.539950;8.540730;0
20210305 164600;8.540740;8.542210;8.540250;8.542210;0
20210305 164700;8.542200;8.542200;8.540480;8.541400;0
20210305 164800;8.541500;8.541610;8.540460;8.541500;0
20210305 164900;8.541490;8.542430;8.540460;8.541620;0
20210305 165000;8.541620;8.543350;8.541030;8.543060;0
20210305 165100;8.542700;8.544020;8.541960;8.542700;0
20210305 165200;8.542700;8.544230;8.542700;8.544230;0
20210305 165300;8.544110;8.544430;8.543460;8.544420;0
20210305 165400;8.544240;8.544430;8.543460;8.543540;0
20210305 165500;8.543960;8.548700;8.543960;8.545280;0
20210305 165600;8.545180;8.546740;8.545180;8.546140;0
20210305 165700;8.545330;8.546150;8.545180;8.546060;0
20210305 165800;8.546070;8.546070;8.544920;8.545180;0
20210305 165900;8.544930;8.544930;8.541840;8.541840;0
20210307 171000;8.526900;8.526900;8.526900;8.526900;0
20210307 171100;8.526680;8.526680;8.526680;8.526680;0
20210307 171300;8.526320;8.526690;8.526320;8.526690;0
20210307 171600;8.526690;8.526690;8.526680;8.526680;0
20210307 172500;8.526680;8.526680;8.525640;8.525660;0
20210307 172900;8.525380;8.525630;8.525380;8.525630;0
20210307 173000;8.524610;8.531310;8.524600;8.531300;0
20210307 173100;8.527690;8.535780;8.527680;8.535770;0
20210307 173200;8.532480;8.535780;8.532480;8.532480;0
20210307 173300;8.535780;8.535780;8.532480;8.535770;0
20210307 173400;8.535770;8.535780;8.532480;8.535770;0
20210307 173500;8.532490;8.535770;8.532490;8.535770;0
20210307 173600;8.534260;8.534260;8.534260;8.534260;0
20210307 173900;8.535770;8.535770;8.535210;8.535220;0
20210307 174300;8.534870;8.535120;8.529300;8.531190;0
20210307 174400;8.531200;8.532660;8.521080;8.521080;0
20210307 174500;8.531420;8.531420;8.531420;8.531420;0
20210307 174600;8.533930;8.534070;8.533930;8.533940;0
20210307 174700;8.533940;8.536090;8.532260;8.536060;0
20210307 174800;8.533980;8.534180;8.533140;8.533920;0
20210307 174900;8.533690;8.533730;8.533670;8.533670;0
20210307 175200;8.533360;8.533630;8.533360;8.533630;0
20210307 175300;8.533370;8.533370;8.533160;8.533160;0
20210307 175500;8.533500;8.533500;8.533190;8.533440;0
20210307 175600;8.533340;8.534050;8.533340;8.533990;0
20210307 175700;8.534190;8.534190;8.534190;8.534190;0
20210307 175800;8.534200;8.534200;8.534020;8.534020;0
20210307 175900;8.533480;8.534660;8.533480;8.534480;0
20210307 180000;8.533090;8.533100;8.526460;8.526570;0
20210307 180100;8.531080;8.531080;8.519820;8.526050;0
20210307 180200;8.526020;8.535930;8.526020;8.535480;0
20210307 180300;8.532490;8.544580;8.532490;8.537880;0
20210307 180400;8.535920;8.544650;8.534610;8.537420;0
20210307 180500;8.539460;8.544440;8.523650;8.523650;0
20210307 180600;8.523650;8.527140;8.519720;8.521100;0
20210307 180700;8.521090;8.525990;8.520170;8.525510;0
20210307 180800;8.521290;8.535650;8.520910;8.534170;0
20210307 180900;8.534400;8.539920;8.532070;8.537670;0
20210307 181000;8.537680;8.551870;8.535980;8.546750;0
20210307 181100;8.546850;8.550740;8.544910;8.544910;0
20210307 181200;8.544940;8.545040;8.528980;8.534340;0
20210307 181300;8.534440;8.537520;8.534060;8.537210;0
20210307 181400;8.537140;8.539340;8.536990;8.538940;0
20210307 181500;8.539070;8.540030;8.537530;8.538420;0
20210307 181600;8.538720;8.538720;8.537520;8.538030;0
20210307 181700;8.537920;8.538130;8.537120;8.537620;0
20210307 181800;8.537620;8.538220;8.537020;8.537920;0
20210307 181900;8.537820;8.542030;8.525470;8.527160;0
20210307 182000;8.528940;8.531680;8.524100;8.530650;0
20210307 182100;8.530700;8.531050;8.528680;8.530130;0
20210307 182200;8.529230;8.533130;8.518170;8.518720;0
20210307 182300;8.518560;8.523430;8.518520;8.523220;0
20210307 182400;8.523420;8.526220;8.523230;8.526120;0
20210307 182500;8.526050;8.527820;8.525070;8.526120;0
20210307 182600;8.526220;8.528120;8.525090;8.527920;0
20210307 182700;8.528030;8.528320;8.525820;8.526650;0
20210307 182800;8.526800;8.526920;8.525840;8.526700;0
20210307 182900;8.526720;8.526950;8.526700;8.526950;0
20210307 183000;8.527000;8.528020;8.526050;8.526060;0
20210307 183100;8.526060;8.526630;8.517710;8.518600;0
20210307 183200;8.518720;8.519430;8.518400;8.519070;0
20210307 183300;8.519610;8.519620;8.517370;8.518600;0
20210307 183400;8.518590;8.523770;8.518590;8.523440;0
20210307 183500;8.523430;8.524730;8.523200;8.524120;0
20210307 183600;8.524330;8.527020;8.524220;8.526020;0
20210307 183700;8.526070;8.526920;8.525650;8.526290;0
20210307 183800;8.526250;8.527520;8.525980;8.525980;0
20210307 183900;8.525920;8.526140;8.524580;8.525390;0
20210307 184000;8.525450;8.526420;8.524420;8.526020;0
20210307 184100;8.525930;8.526130;8.523330;8.524830;0
20210307 184200;8.524820;8.524820;8.519520;8.519820;0
20210307 184300;8.519620;8.519770;8.517930;8.518820;0
20210307 184400;8.518720;8.521920;8.518720;8.519320;0
20210307 184500;8.519120;8.525130;8.518020;8.525130;0
20210307 184600;8.525520;8.526420;8.524830;8.525420;0
20210307 184700;8.525330;8.526520;8.524780;8.526420;0
20210307 184800;8.526020;8.526420;8.521720;8.522820;0
20210307 184900;8.522420;8.523620;8.521930;8.522920;0
20210307 185000;8.522820;8.523520;8.520720;8.523020;0
20210307 185100;8.522730;8.526120;8.521920;8.526020;0
20210307 185200;8.525920;8.525920;8.524220;8.524820;0
20210307 185300;8.525120;8.525120;8.521920;8.521920;0
20210307 185400;8.522220;8.524030;8.522120;8.523220;0
20210307 185500;8.523420;8.523420;8.518120;8.518220;0
20210307 185600;8.519530;8.522320;8.517110;8.519720;0
20210307 185700;8.519820;8.521120;8.519620;8.520420;0
20210307 185800;8.520520;8.520920;8.520020;8.520420;0
20210307 185900;8.520720;8.523430;8.519920;8.522530;0
20210307 190000;8.522120;8.525530;8.522120;8.524530;0
20210307 190100;8.524620;8.525220;8.521720;8.523230;0
20210307 190200;8.523320;8.525020;8.520820;8.521430;0
20210307 190300;8.521320;8.523530;8.521020;8.521920;0
20210307 190400;8.521530;8.523420;8.520720;8.522420;0
20210307 190500;8.521920;8.523820;8.520720;8.521330;0
20210307 190600;8.521420;8.523720;8.520820;8.521020;0
20210307 190700;8.521420;8.524830;8.521220;8.521420;0
20210307 190800;8.521320;8.523120;8.520720;8.521320;0
20210307 190900;8.521420;8.525920;8.521320;8.523320;0
20210307 191000;8.523420;8.525520;8.523120;8.523330;0
20210307 191100;8.523420;8.525530;8.521820;8.521820;0
20210307 191200;8.521930;8.525320;8.521930;8.523820;0
20210307 191300;8.523930;8.528720;8.523720;8.527820;0
20210307 191400;8.527920;8.529620;8.526630;8.529420;0
20210307 191500;8.529320;8.537880;8.524620;8.526720;0
20210307 191600;8.526820;8.529120;8.526630;8.529120;0
20210307 191700;8.529220;8.531420;8.528020;8.529120;0
20210307 191800;8.529120;8.531320;8.528420;8.529320;0
20210307 191900;8.529330;8.531520;8.528420;8.529120;0
20210307 192000;8.529120;8.531220;8.527020;8.527420;0
20210307 192100;8.527420;8.529630;8.524020;8.524230;0
20210307 192200;8.524230;8.525930;8.520220;8.520720;0
20210307 192300;8.520720;8.523330;8.518620;8.519420;0
20210307 192400;8.519420;8.522230;8.519420;8.520520;0
20210307 192500;8.520520;8.523130;8.518890;8.521530;0
20210307 192600;8.521520;8.523630;8.519620;8.520630;0
20210307 192700;8.520620;8.522920;8.519420;8.521360;0
20210307 192800;8.521340;8.521930;8.519420;8.520920;0
20210307 192900;8.521130;8.522820;8.520320;8.521430;0
20210307 193000;8.521420;8.523630;8.521320;8.522560;0
20210307 193100;8.522660;8.524030;8.522030;8.522190;0
20210307 193200;8.522150;8.522150;8.520630;8.521720;0
20210307 193300;8.521620;8.521620;8.517230;8.517620;0
20210307 193400;8.517520;8.520280;8.517150;8.519450;0
20210307 193500;8.519510;8.521220;8.519460;8.520470;0
20210307 193600;8.520520;8.520620;8.517500;8.517530;0
20210307 193700;8.517730;8.518830;8.517100;8.517320;0
20210307 193800;8.517420;8.518230;8.516120;8.517920;0
20210307 193900;8.517820;8.518820;8.516530;8.518520;0
20210307 194000;8.518630;8.519020;8.518040;8.518520;0
20210307 194100;8.518330;8.518970;8.518060;8.518060;0
20210307 194200;8.517970;8.518460;8.517620;8.518460;0
20210307 194300;8.518580;8.518580;8.514710;8.514720;0
20210307 194400;8.514620;8.516970;8.514530;8.516960;0
20210307 194500;8.516960;8.518500;8.516950;8.518110;0
20210307 194600;8.518110;8.518110;8.514270;8.514360;0
20210307 194700;8.514580;8.516730;8.513220;8.515850;0
20210307 194800;8.516000;8.520120;8.516000;8.516420;0
20210307 194900;8.516110;8.517830;8.515860;8.517120;0
20210307 195000;8.517120;8.519960;8.514960;8.515720;0
20210307 195100;8.517500;8.517500;8.517500;8.517500;0
20210307 195200;8.517510;8.520220;8.517430;8.519420;0
20210307 195300;8.519620;8.520520;8.518960;8.518960;0
20210307 195400;8.518970;8.521430;8.518220;8.518620;0
20210307 195500;8.518420;8.522120;8.518110;8.521220;0
20210307 195600;8.521320;8.521420;8.517890;8.518970;0
20210307 195700;8.518970;8.521230;8.518970;8.520110;0
20210307 195800;8.520220;8.521120;8.520160;8.520760;0
20210307 195900;8.520760;8.521630;8.519710;8.520920;0
20210307 200000;8.521230;8.521720;8.518920;8.518920;0
20210307 200100;8.518960;8.521720;8.518960;8.520640;0
20210307 200200;8.520690;8.520820;8.519800;8.520620;0
20210307 200300;8.520460;8.522120;8.520120;8.521620;0
20210307 200400;8.521830;8.522820;8.520560;8.522720;0
20210307 200500;8.522830;8.522830;8.520780;8.522640;0
20210307 200600;8.523530;8.523920;8.521350;8.521350;0
20210307 200700;8.521350;8.522220;8.520620;8.521720;0
20210307 200800;8.521620;8.521720;8.520590;8.521220;0
20210307 200900;8.521130;8.521130;8.519740;8.520730;0
20210307 201000;8.520820;8.521720;8.520490;8.521120;0
20210307 201100;8.521330;8.521420;8.518510;8.519720;0
20210307 201200;8.519620;8.521530;8.519620;8.521470;0
20210307 201300;8.521040;8.521960;8.520960;8.521660;0
20210307 201400;8.521470;8.523170;8.521030;8.522400;0
20210307 201500;8.522280;8.523190;8.521320;8.521630;0
20210307 201600;8.521430;8.524620;8.521330;8.524320;0
20210307 201700;8.524620;8.525530;8.523720;8.523820;0
20210307 201800;8.523730;8.526520;8.523020;8.526020;0
20210307 201900;8.525730;8.525930;8.524220;8.525420;0
20210307 202000;8.525320;8.525830;8.523830;8.524820;0
20210307 202100;8.524520;8.526330;8.524520;8.525620;0
20210307 202200;8.525830;8.526620;8.524920;8.526130;0
20210307 202300;8.526220;8.527230;8.525420;8.525930;0
20210307 202400;8.526220;8.526930;8.525520;8.526030;0
20210307 202500;8.525820;8.527330;8.525020;8.526830;0
20210307 202600;8.526520;8.528640;8.525240;8.527120;0
20210307 202700;8.526820;8.527030;8.525420;8.525920;0
20210307 202800;8.525820;8.527320;8.525030;8.526420;0
20210307 202900;8.526220;8.527320;8.525820;8.526130;0
20210307 203000;8.526220;8.526530;8.525390;8.525920;0
20210307 203100;8.525720;8.526120;8.524320;8.524520;0
20210307 203200;8.524620;8.524650;8.523530;8.523530;0
20210307 203300;8.523820;8.523900;8.523120;8.523190;0
20210307 203400;8.523190;8.524310;8.523150;8.524250;0
20210307 203500;8.524320;8.525630;8.524320;8.524570;0
20210307 203600;8.524630;8.525320;8.523760;8.523800;0
20210307 203700;8.523570;8.523810;8.523210;8.523450;0
20210307 203800;8.523520;8.523710;8.523350;8.523440;0
20210307 203900;8.523440;8.524030;8.523290;8.523690;0
20210307 204000;8.523650;8.525020;8.523530;8.523550;0
20210307 204100;8.523600;8.523740;8.522850;8.523080;0
20210307 204200;8.523230;8.523790;8.522350;8.522730;0
20210307 204300;8.522770;8.522790;8.522130;8.522680;0
20210307 204400;8.522680;8.523210;8.522500;8.523000;0
20210307 204500;8.522860;8.523040;8.522130;8.522340;0
20210307 204600;8.522330;8.522760;8.521570;8.522400;0
20210307 204700;8.522350;8.522840;8.522280;8.522450;0
20210307 204800;8.522450;8.522560;8.521840;8.521890;0
20210307 204900;8.521920;8.522180;8.521770;8.521910;0
20210307 205000;8.521910;8.522250;8.521560;8.521600;0
20210307 205100;8.521590;8.521770;8.520940;8.521440;0
20210307 205200;8.521310;8.521540;8.520710;8.521540;0
20210307 205300;8.521680;8.522530;8.521660;8.522520;0
20210307 205400;8.522460;8.522460;8.522160;8.522450;0
20210307 205500;8.522230;8.522460;8.521020;8.521130;0
20210307 205600;8.521120;8.521140;8.519710;8.520460;0
20210307 205700;8.520400;8.520800;8.520090;8.520800;0
20210307 205800;8.520590;8.520590;8.519950;8.520410;0
20210307 205900;8.520120;8.520360;8.519900;8.520360;0
20210307 210000;8.520430;8.520830;8.520000;8.520240;0
20210307 210100;8.520030;8.520310;8.519650;8.520000;0
20210307 210200;8.519930;8.520570;8.519720;8.520570;0
20210307 210300;8.520430;8.520940;8.520290;8.520720;0
20210307 210400;8.520740;8.520740;8.520050;8.520050;0
20210307 210500;8.519910;8.520910;8.519910;8.520700;0
20210307 210600;8.520550;8.520970;8.520310;8.520450;0
20210307 210700;8.520310;8.520390;8.520090;8.520240;0
20210307 210800;8.520380;8.520660;8.520090;8.520660;0
20210307 210900;8.520520;8.520590;8.520090;8.520310;0
20210307 211000;8.520100;8.520270;8.519910;8.520270;0
20210307 211100;8.520210;8.520500;8.520210;8.520500;0
20210307 211200;8.520570;8.521400;8.520570;8.521110;0
20210307 211300;8.521110;8.521110;8.520680;8.520790;0
20210307 211400;8.520940;8.521090;8.520290;8.520290;0
20210307 211500;8.520220;8.521090;8.520080;8.521090;0
20210307 211600;8.521160;8.521740;8.521160;8.521670;0
20210307 211700;8.521600;8.522530;8.521600;8.522530;0
20210307 211800;8.522450;8.522930;8.521660;8.522330;0
20210307 211900;8.522220;8.523520;8.521880;8.523440;0
20210307 212000;8.523590;8.524710;8.523320;8.523320;0
20210307 212100;8.523530;8.524320;8.523320;8.523630;0
20210307 212200;8.523720;8.525720;8.523490;8.524720;0
20210307 212300;8.524920;8.525530;8.523820;8.523920;0
20210307 212400;8.524020;8.528320;8.523620;8.527330;0
20210307 212500;8.527420;8.527420;8.524940;8.526620;0
20210307 212600;8.526720;8.528620;8.525870;8.527920;0
20210307 212700;8.528120;8.529620;8.528120;8.529120;0
20210307 212800;8.529120;8.530920;8.528730;8.530100;0
20210307 212900;8.530010;8.531920;8.529750;8.531340;0
20210307 213000;8.531330;8.531460;8.529370;8.529400;0
20210307 213100;8.529310;8.530970;8.529000;8.530470;0
20210307 213200;8.530430;8.531120;8.529630;8.530260;0
20210307 213300;8.530340;8.531730;8.530070;8.531020;0
20210307 213400;8.531020;8.531620;8.528960;8.529220;0
20210307 213500;8.529530;8.531240;8.528840;8.531020;0
20210307 213600;8.531130;8.531850;8.530800;8.531270;0
20210307 213700;8.531740;8.533120;8.530750;8.530930;0
20210307 213800;8.531010;8.532820;8.530890;8.531790;0
20210307 213900;8.531740;8.532220;8.531000;8.531860;0
20210307 214000;8.531810;8.532820;8.531390;8.532500;0
20210307 214100;8.532430;8.535520;8.532430;8.533780;0
20210307 214200;8.533340;8.536520;8.533120;8.535520;0
20210307 214300;8.535430;8.537830;8.535430;8.536520;0
20210307 214400;8.536420;8.537620;8.535500;8.537020;0
20210307 214500;8.537120;8.539120;8.536020;8.538520;0
20210307 214600;8.538330;8.541920;8.537750;8.540620;0
20210307 214700;8.540720;8.544020;8.540250;8.542330;0
20210307 214800;8.542430;8.543530;8.540750;8.542430;0
20210307 214900;8.542420;8.543920;8.541030;8.541820;0
20210307 215000;8.541830;8.542230;8.540200;8.542130;0
20210307 215100;8.541920;8.542220;8.539450;8.539670;0
20210307 215200;8.539620;8.541220;8.539440;8.539440;0
20210307 215300;8.539450;8.542120;8.539450;8.540220;0
20210307 215400;8.540220;8.541830;8.539720;8.540720;0
20210307 215500;8.540620;8.540620;8.537940;8.538420;0
20210307 215600;8.538420;8.538930;8.537320;8.537520;0
20210307 215700;8.537520;8.539420;8.537480;8.538620;0
20210307 215800;8.538620;8.539130;8.537420;8.537490;0
20210307 215900;8.537270;8.538160;8.537170;8.538140;0
20210307 220000;8.538110;8.538920;8.537730;8.538200;0
20210307 220100;8.538220;8.540130;8.538200;8.539020;0
20210307 220200;8.539020;8.541430;8.539020;8.541220;0
20210307 220300;8.541420;8.541820;8.539380;8.540020;0
20210307 220400;8.539920;8.540990;8.538920;8.539820;0
20210307 220500;8.539700;8.541880;8.538650;8.539040;0
20210307 220600;8.539030;8.540720;8.539030;8.540050;0
20210307 220700;8.540060;8.540670;8.539060;8.539750;0
20210307 220800;8.539750;8.542450;8.539420;8.539470;0
20210307 220900;8.539420;8.540620;8.539200;8.539960;0
20210307 221000;8.539960;8.541130;8.539690;8.540010;0
20210307 221100;8.540680;8.541520;8.539570;8.539620;0
20210307 221200;8.539700;8.540660;8.539610;8.539780;0
20210307 221300;8.539720;8.541320;8.539560;8.539830;0
20210307 221400;8.539820;8.540990;8.539720;8.540510;0
20210307 221500;8.540550;8.540730;8.538120;8.538320;0
20210307 221600;8.538420;8.539820;8.537660;8.538850;0
20210307 221700;8.538840;8.540820;8.538840;8.539530;0
20210307 221800;8.539620;8.540520;8.539620;8.540260;0
20210307 221900;8.540260;8.541220;8.539980;8.540180;0
20210307 222000;8.539980;8.540980;8.539930;8.540920;0
20210307 222100;8.540960;8.542820;8.540960;8.541900;0
20210307 222200;8.541980;8.542820;8.541660;8.542170;0
20210307 222300;8.542160;8.542820;8.541670;8.542440;0
20210307 222400;8.542580;8.542580;8.541060;8.542520;0
20210307 222500;8.542570;8.542800;8.541870;8.542260;0
20210307 222600;8.542300;8.542690;8.541620;8.542650;0
20210307 222700;8.542560;8.543640;8.541930;8.543020;0
20210307 222800;8.543110;8.543300;8.541820;8.542330;0
20210307 222900;8.542380;8.543700;8.542270;8.542550;0
20210307 223000;8.542700;8.544650;8.542660;8.544650;0
20210307 223100;8.544640;8.545520;8.543710;8.544380;0
20210307 223200;8.544620;8.545480;8.543860;8.543860;0
20210307 223300;8.543820;8.544720;8.543490;8.543670;0
20210307 223400;8.543670;8.544850;8.543670;8.543950;0
20210307 223500;8.543880;8.544920;8.543500;8.544310;0
20210307 223600;8.544260;8.545800;8.543970;8.544770;0
20210307 223700;8.544590;8.546360;8.543880;8.543970;0
20210307 223800;8.543880;8.544630;8.543330;8.543390;0
20210307 223900;8.543940;8.544280;8.542590;8.542980;0
20210307 224000;8.542970;8.543540;8.542190;8.543500;0
20210307 224100;8.543590;8.544530;8.543550;8.544060;0
20210307 224200;8.543620;8.544630;8.543520;8.544270;0
20210307 224300;8.544220;8.545130;8.543830;8.545020;0
20210307 224400;8.544930;8.546140;8.544370;8.546010;0
20210307 224500;8.545970;8.546280;8.544720;8.544790;0
20210307 224600;8.544800;8.545250;8.544500;8.544790;0
20210307 224700;8.544790;8.545160;8.544180;8.544230;0
20210307 224800;8.544200;8.545030;8.544200;8.544960;0
20210307 224900;8.544960;8.545670;8.544360;8.544400;0
20210307 225000;8.544400;8.544980;8.544370;8.544460;0
20210307 225100;8.544460;8.545150;8.544380;8.544900;0
20210307 225200;8.544880;8.545760;8.544770;8.545220;0
20210307 225300;8.545220;8.545560;8.544340;8.544560;0
20210307 225400;8.544560;8.545180;8.542670;8.543380;0
20210307 225500;8.543310;8.544310;8.543090;8.543780;0
20210307 225600;8.543780;8.544770;8.543780;8.544360;0
20210307 225700;8.544360;8.544470;8.543740;8.544200;0
20210307 225800;8.544250;8.544570;8.542360;8.544120;0
20210307 225900;8.543720;8.544820;8.543700;8.544620;0
20210307 230000;8.544720;8.545320;8.544500;8.544680;0
20210307 230100;8.544680;8.545550;8.544630;8.545290;0
20210307 230200;8.545290;8.545810;8.544920;8.545690;0
20210307 230300;8.545690;8.547150;8.545520;8.546440;0
20210307 230400;8.546710;8.547280;8.545930;8.546810;0
20210307 230500;8.546520;8.546550;8.545480;8.545770;0
20210307 230600;8.545760;8.546350;8.545440;8.546070;0
20210307 230700;8.546070;8.546200;8.545650;8.545650;0
20210307 230800;8.545850;8.546370;8.545480;8.545850;0
20210307 230900;8.545850;8.546130;8.545220;8.546130;0
20210307 231000;8.546130;8.546840;8.545340;8.546750;0
20210307 231100;8.546630;8.547240;8.546110;8.546290;0
20210307 231200;8.546200;8.546320;8.545710;8.545840;0
20210307 231300;8.545800;8.546210;8.545560;8.546170;0
20210307 231400;8.546190;8.546830;8.545860;8.546630;0
20210307 231500;8.546420;8.547280;8.546200;8.546800;0
20210307 231600;8.546660;8.547000;8.546270;8.546530;0
20210307 231700;8.546520;8.546870;8.546000;8.546700;0
20210307 231800;8.546570;8.547320;8.546570;8.546860;0
20210307 231900;8.546890;8.547020;8.546610;8.546780;0
20210307 232000;8.546790;8.546980;8.546050;8.546080;0
20210307 232100;8.546110;8.546610;8.546110;8.546350;0
20210307 232200;8.546250;8.546280;8.545910;8.545980;0
20210307 232300;8.545990;8.547220;8.545920;8.546590;0
20210307 232400;8.546760;8.547230;8.545860;8.545970;0
20210307 232500;8.545970;8.545970;8.545160;8.545240;0
20210307 232600;8.545860;8.545860;8.544340;8.544420;0
20210307 232700;8.544430;8.545150;8.544410;8.544660;0
20210307 232800;8.544700;8.545050;8.544060;8.544100;0
20210307 232900;8.544170;8.544170;8.541510;8.541510;0
20210307 233000;8.541600;8.543610;8.541570;8.543360;0
20210307 233100;8.543430;8.543630;8.543000;8.543500;0
20210307 233200;8.543640;8.544220;8.543640;8.543800;0
20210307 233300;8.543820;8.544640;8.543820;8.544640;0
20210307 233400;8.544730;8.545020;8.544210;8.544430;0
20210307 233500;8.544640;8.545020;8.544280;8.544280;0
20210307 233600;8.544100;8.544630;8.544100;8.544560;0
20210307 233700;8.544630;8.545580;8.544580;8.545070;0
20210307 233800;8.545210;8.545570;8.544780;8.545010;0
20210307 233900;8.544920;8.544920;8.543350;8.543560;0
20210307 234000;8.543490;8.544230;8.543490;8.544230;0
20210307 234100;8.544110;8.545020;8.544020;8.544810;0
20210307 234200;8.544960;8.545520;8.544680;8.544810;0
20210307 234300;8.544880;8.546620;8.544590;8.545240;0
20210307 234400;8.545220;8.545430;8.544420;8.544720;0
20210307 234500;8.544820;8.546220;8.544690;8.545920;0
20210307 234600;8.546120;8.547220;8.545710;8.546070;0
20210307 234700;8.545950;8.546620;8.545930;8.546390;0
20210307 234800;8.546320;8.546320;8.545730;8.545730;0
20210307 234900;8.545580;8.545910;8.545220;8.545440;0
20210307 235000;8.545310;8.545380;8.545150;8.545380;0
20210307 235100;8.545510;8.545870;8.545510;8.545660;0
20210307 235200;8.545550;8.545710;8.545070;8.545070;0
20210307 235300;8.544930;8.544930;8.544800;8.544800;0
20210307 235400;8.544710;8.544930;8.544430;8.544710;0
20210307 235500;8.544790;8.544790;8.544420;8.544420;0
20210307 235600;8.544350;8.544400;8.543190;8.544330;0
20210307 235700;8.544250;8.544380;8.543380;8.544030;0
20210307 235800;8.543900;8.544070;8.541630;8.541630;0
20210307 235900;8.541700;8.541780;8.541160;8.541360;0
20210308 000000;8.541150;8.541520;8.540000;8.540000;0
20210308 000100;8.540140;8.540500;8.538320;8.538530;0
20210308 000200;8.538460;8.538550;8.534810;8.534810;0
20210308 000300;8.534740;8.536620;8.534020;8.536090;0
20210308 000400;8.536090;8.539950;8.535820;8.537030;0
20210308 000500;8.537030;8.538390;8.536690;8.538240;0
20210308 000600;8.538040;8.538420;8.535960;8.536230;0
20210308 000700;8.536020;8.536030;8.534950;8.535420;0
20210308 000800;8.535400;8.536650;8.535400;8.536210;0
20210308 000900;8.536200;8.536710;8.535910;8.535910;0
20210308 001000;8.535930;8.537660;8.535850;8.536670;0
20210308 001100;8.536590;8.536720;8.536390;8.536720;0
20210308 001200;8.536610;8.538020;8.536120;8.538020;0
20210308 001300;8.538520;8.539990;8.538520;8.539560;0
20210308 001400;8.539550;8.539620;8.539220;8.539280;0
20210308 001500;8.539280;8.539580;8.539280;8.539580;0
20210308 001600;8.539580;8.539580;8.538750;8.538750;0
20210308 001700;8.538740;8.539220;8.538610;8.538750;0
20210308 001800;8.538800;8.539130;8.535970;8.536920;0
20210308 001900;8.537120;8.538230;8.535620;8.537230;0
20210308 002000;8.536920;8.538120;8.536380;8.538020;0
20210308 002100;8.537920;8.537920;8.536580;8.536580;0
20210308 002200;8.536520;8.537530;8.536440;8.537220;0
20210308 002300;8.537130;8.537320;8.536920;8.537320;0
20210308 002400;8.537120;8.537620;8.536920;8.537120;0
20210308 002500;8.537230;8.537820;8.537230;8.537620;0
20210308 002600;8.538520;8.538520;8.537190;8.537340;0
20210308 002700;8.537190;8.537210;8.536510;8.536650;0
20210308 002800;8.536430;8.536550;8.535900;8.535900;0
20210308 002900;8.535340;8.535340;8.534780;8.535140;0
20210308 003000;8.535140;8.536730;8.535140;8.535510;0
20210308 003100;8.535550;8.536030;8.535060;8.535640;0
20210308 003200;8.535680;8.535750;8.535120;8.535210;0
20210308 003300;8.535260;8.535520;8.534360;8.534560;0
20210308 003400;8.534510;8.534860;8.534310;8.534710;0
20210308 003500;8.534860;8.535150;8.534340;8.534550;0
20210308 003600;8.534410;8.534410;8.533400;8.533670;0
20210308 003700;8.533520;8.534210;8.531460;8.531460;0
20210308 003800;8.531970;8.533730;8.531590;8.532520;0
20210308 003900;8.532720;8.534420;8.532720;8.533330;0
20210308 004000;8.533380;8.534420;8.532920;8.533020;0
20210308 004100;8.533120;8.533920;8.532820;8.533520;0
20210308 004200;8.533620;8.534930;8.532630;8.532820;0
20210308 004300;8.532780;8.534220;8.532780;8.533720;0
20210308 004400;8.533820;8.534520;8.533570;8.533930;0
20210308 004500;8.533820;8.534030;8.532830;8.533120;0
20210308 004600;8.533020;8.533530;8.532510;8.532510;0
20210308 004700;8.532470;8.534520;8.532330;8.533820;0
20210308 004800;8.533820;8.533820;8.532620;8.532820;0
20210308 004900;8.532720;8.533430;8.532490;8.532620;0
20210308 005000;8.532520;8.532520;8.531120;8.531820;0
20210308 005100;8.531720;8.532120;8.530900;8.531520;0
20210308 005200;8.531630;8.532120;8.530820;8.531720;0
20210308 005300;8.531820;8.532530;8.530970;8.531470;0
20210308 005400;8.531720;8.532720;8.531510;8.531960;0
20210308 005500;8.532320;8.533230;8.531570;8.531570;0
20210308 005600;8.531830;8.531830;8.531290;8.531570;0
20210308 005700;8.531610;8.532120;8.530420;8.530590;0
20210308 005800;8.530690;8.531320;8.530440;8.530890;0
20210308 005900;8.530930;8.531920;8.530790;8.531050;0
20210308 010000;8.531080;8.531730;8.530190;8.530880;0
20210308 010100;8.530880;8.532220;8.530880;8.532000;0
20210308 010200;8.531870;8.531920;8.530160;8.530460;0
20210308 010300;8.530450;8.530700;8.530350;8.530430;0
20210308 010400;8.530470;8.530720;8.530100;8.530100;0
20210308 010500;8.529940;8.530240;8.527000;8.527140;0
20210308 010600;8.527140;8.527210;8.526830;8.526850;0
20210308 010700;8.526850;8.526870;8.526450;8.526620;0
20210308 010800;8.526630;8.527020;8.526100;8.526100;0
20210308 010900;8.526120;8.527620;8.526120;8.527320;0
20210308 011000;8.527320;8.528730;8.527320;8.528520;0
20210308 011100;8.528720;8.528920;8.528030;8.528220;0
20210308 011200;8.528120;8.530620;8.527900;8.529820;0
20210308 011300;8.529920;8.530520;8.528470;8.530320;0
20210308 011400;8.531220;8.531230;8.530130;8.530130;0
20210308 011500;8.530630;8.530720;8.528620;8.529310;0
20210308 011600;8.529820;8.530520;8.528460;8.530050;0
20210308 011700;8.529920;8.530520;8.528740;8.528820;0
20210308 011800;8.529150;8.529960;8.528720;8.529670;0
20210308 011900;8.530020;8.532520;8.530020;8.532250;0
20210308 012000;8.532670;8.533430;8.531720;8.532420;0
20210308 012100;8.532220;8.533920;8.531920;8.533120;0
20210308 012200;8.533120;8.533920;8.532320;8.532830;0
20210308 012300;8.532820;8.533820;8.532060;8.533020;0
20210308 012400;8.533030;8.533520;8.532340;8.532400;0
20210308 012500;8.532410;8.532980;8.532120;8.532980;0
20210308 012600;8.532980;8.533250;8.532720;8.533040;0
20210308 012700;8.532900;8.533830;8.532180;8.532230;0
20210308 012800;8.532230;8.533920;8.532130;8.533820;0
20210308 012900;8.533760;8.534450;8.532110;8.532240;0
20210308 013000;8.532300;8.533830;8.531920;8.532020;0
20210308 013100;8.531970;8.533820;8.531620;8.533730;0
20210308 013200;8.533920;8.534550;8.533520;8.533850;0
20210308 013300;8.533720;8.534420;8.533420;8.533970;0
20210308 013400;8.534070;8.534330;8.532630;8.533820;0
20210308 013500;8.533850;8.535720;8.533850;8.535330;0
20210308 013600;8.535330;8.535850;8.533620;8.533820;0
20210308 013700;8.533820;8.534120;8.533420;8.533520;0
20210308 013800;8.533750;8.535230;8.533620;8.534520;0
20210308 013900;8.534620;8.535320;8.534220;8.534720;0
20210308 014000;8.535220;8.536420;8.534420;8.536320;0
20210308 014100;8.536420;8.537620;8.536270;8.536950;0
20210308 014200;8.536920;8.537220;8.534730;8.535020;0
20210308 014300;8.534920;8.536560;8.534650;8.536350;0
20210308 014400;8.536150;8.537260;8.536050;8.537120;0
20210308 014500;8.537120;8.538660;8.536520;8.538160;0
20210308 014600;8.538160;8.538350;8.536360;8.536750;0
20210308 014700;8.536860;8.536950;8.535070;8.536350;0
20210308 014800;8.536550;8.536850;8.535350;8.535850;0
20210308 014900;8.535650;8.536930;8.535300;8.535550;0
20210308 015000;8.535350;8.535850;8.534460;8.534850;0
20210308 015100;8.534830;8.536220;8.534670;8.534880;0
20210308 015200;8.534820;8.534820;8.534160;8.534310;0
20210308 015300;8.534530;8.537350;8.534530;8.537250;0
20210308 015400;8.537250;8.538560;8.536570;8.538320;0
20210308 015500;8.538270;8.539420;8.536960;8.537550;0
20210308 015600;8.537450;8.546420;8.537450;8.543130;0
20210308 015700;8.543220;8.546260;8.542220;8.543250;0
20210308 015800;8.543250;8.544520;8.542520;8.543630;0
20210308 015900;8.543620;8.546260;8.543430;8.544620;0
20210308 020000;8.544320;8.545920;8.542820;8.543620;0
20210308 020100;8.543710;8.545800;8.543710;8.545430;0
20210308 020200;8.545430;8.545700;8.541670;8.541670;0
20210308 020300;8.541810;8.542810;8.541470;8.541590;0
20210308 020400;8.541600;8.542800;8.540600;8.541780;0
20210308 020500;8.541630;8.546850;8.541630;8.546840;0
20210308 020600;8.546840;8.546900;8.543440;8.544850;0
20210308 020700;8.544770;8.545320;8.543980;8.544160;0
20210308 020800;8.544160;8.544220;8.541660;8.544020;0
20210308 020900;8.543920;8.547920;8.542020;8.547830;0
20210308 021000;8.547820;8.549190;8.546390;8.546720;0
20210308 021100;8.546830;8.552050;8.546520;8.551220;0
20210308 021200;8.551180;8.553950;8.550740;8.552460;0
20210308 021300;8.552330;8.553810;8.548560;8.549760;0
20210308 021400;8.549560;8.552720;8.549330;8.550420;0
20210308 021500;8.550460;8.552310;8.549250;8.551150;0
20210308 021600;8.551150;8.552720;8.549640;8.551310;0
20210308 021700;8.551380;8.552000;8.549160;8.550250;0
20210308 021800;8.550340;8.555130;8.550330;8.554670;0
20210308 021900;8.554760;8.555360;8.551490;8.554910;0
20210308 022000;8.554990;8.555180;8.553450;8.554630;0
20210308 022100;8.554590;8.554820;8.552460;8.554810;0
20210308 022200;8.554930;8.561400;8.554800;8.561400;0
20210308 022300;8.561400;8.564340;8.560550;8.564060;0
20210308 022400;8.564140;8.565630;8.558170;8.561140;0
20210308 022500;8.561320;8.561320;8.558750;8.559030;0
20210308 022600;8.558940;8.559230;8.554240;8.554430;0
20210308 022700;8.554250;8.556680;8.553810;8.556130;0
20210308 022800;8.556140;8.560730;8.555850;8.560290;0
20210308 022900;8.560290;8.560290;8.558070;8.558210;0
20210308 023000;8.558210;8.558350;8.554250;8.554250;0
20210308 023100;8.554510;8.556940;8.554090;8.556210;0
20210308 023200;8.556240;8.563010;8.555290;8.561860;0
20210308 023300;8.562180;8.562300;8.559360;8.559510;0
20210308 023400;8.559470;8.559520;8.558340;8.559310;0
20210308 023500;8.559230;8.561260;8.558820;8.560820;0
20210308 023600;8.560860;8.560890;8.558020;8.559920;0
20210308 023700;8.559820;8.561080;8.559610;8.559760;0
20210308 023800;8.559720;8.559870;8.557240;8.558970;0
20210308 023900;8.558940;8.562630;8.558900;8.562210;0
20210308 024000;8.561620;8.562690;8.559440;8.562620;0
20210308 024100;8.562700;8.562790;8.560010;8.560330;0
20210308 024200;8.560330;8.562140;8.560090;8.560470;0
20210308 024300;8.560540;8.561360;8.560220;8.561330;0
20210308 024400;8.561330;8.563840;8.561330;8.563770;0
20210308 024500;8.563750;8.564150;8.563160;8.563170;0
20210308 024600;8.563140;8.563140;8.559920;8.560850;0
20210308 024700;8.560780;8.560780;8.559500;8.559920;0
20210308 024800;8.560060;8.562330;8.559280;8.559580;0
20210308 024900;8.559710;8.561920;8.559470;8.560920;0
20210308 025000;8.560950;8.561800;8.559960;8.560460;0
20210308 025100;8.560390;8.562820;8.560390;8.562240;0
20210308 025200;8.562390;8.566930;8.562390;8.565580;0
20210308 025300;8.565490;8.566030;8.561230;8.561230;0
20210308 025400;8.561130;8.562330;8.559210;8.560100;0
20210308 025500;8.559970;8.563130;8.559970;8.561660;0
20210308 025600;8.561520;8.568340;8.561400;8.566660;0
20210308 025700;8.566570;8.571480;8.565930;8.566980;0
20210308 025800;8.567140;8.567740;8.563130;8.564870;0
20210308 025900;8.564880;8.564880;8.561640;8.563430;0
20210308 030000;8.563560;8.563560;8.558850;8.558980;0
20210308 030100;8.558930;8.565470;8.556300;8.563140;0
20210308 030200;8.563150;8.563960;8.558750;8.559140;0
20210308 030300;8.559060;8.560280;8.556320;8.557700;0
20210308 030400;8.557430;8.561340;8.557070;8.560080;0
20210308 030500;8.560120;8.561290;8.558870;8.558890;0
20210308 030600;8.559020;8.560610;8.558760;8.560020;0
20210308 030700;8.560030;8.564450;8.559580;8.564180;0
20210308 030800;8.564170;8.569940;8.564170;8.569460;0
20210308 030900;8.569460;8.573000;8.569180;8.572480;0
20210308 031000;8.572590;8.575890;8.572180;8.573100;0
20210308 031100;8.573390;8.573970;8.572750;8.572760;0
20210308 031200;8.572610;8.575420;8.572030;8.575180;0
20210308 031300;8.575070;8.575220;8.567400;8.569480;0
20210308 031400;8.569270;8.569590;8.564130;8.564510;0
20210308 031500;8.564520;8.566800;8.562860;8.563690;0
20210308 031600;8.563640;8.564000;8.559430;8.559430;0
20210308 031700;8.559470;8.562860;8.557960;8.562620;0
20210308 031800;8.562720;8.566340;8.562720;8.565750;0
20210308 031900;8.565820;8.569330;8.565770;8.568180;0
20210308 032000;8.568190;8.569610;8.562120;8.566070;0
20210308 032100;8.566080;8.566750;8.561810;8.562680;0
20210308 032200;8.562680;8.562950;8.559990;8.561530;0
20210308 032300;8.561520;8.563620;8.560210;8.560550;0
20210308 032400;8.560460;8.563830;8.559860;8.563620;0
20210308 032500;8.563720;8.565720;8.563370;8.565320;0
20210308 032600;8.565320;8.566470;8.561930;8.565650;0
20210308 032700;8.565680;8.566720;8.563040;8.563810;0
20210308 032800;8.563670;8.563670;8.559760;8.562620;0
20210308 032900;8.562730;8.563970;8.560580;8.561320;0
20210308 033000;8.561630;8.571060;8.561020;8.570050;0
20210308 033100;8.570130;8.574810;8.569060;8.570960;0
20210308 033200;8.571030;8.572010;8.567310;8.569930;0
20210308 033300;8.569930;8.570390;8.567470;8.568800;0
20210308 033400;8.568880;8.569170;8.564940;8.565280;0
20210308 033500;8.565220;8.567500;8.561400;8.566660;0
20210308 033600;8.566570;8.572190;8.566040;8.571950;0
20210308 033700;8.572000;8.575450;8.568610;8.568940;0
20210308 033800;8.568950;8.570290;8.568240;8.569010;0
20210308 033900;8.569170;8.571210;8.569170;8.570880;0
20210308 034000;8.570790;8.574220;8.570770;8.573790;0
20210308 034100;8.573800;8.576230;8.573110;8.576120;0
20210308 034200;8.575930;8.577770;8.575600;8.576720;0
20210308 034300;8.576820;8.583660;8.576820;8.582140;0
20210308 034400;8.582430;8.582920;8.574450;8.575490;0
20210308 034500;8.575420;8.577030;8.572850;8.573130;0
20210308 034600;8.573220;8.576220;8.572790;8.575420;0
20210308 034700;8.575320;8.578020;8.572660;8.577220;0
20210308 034800;8.577150;8.577150;8.570370;8.571020;0
20210308 034900;8.570950;8.571600;8.567710;8.568930;0
20210308 035000;8.568860;8.568930;8.567900;8.568320;0
20210308 035100;8.568310;8.568310;8.563220;8.563420;0
20210308 035200;8.563360;8.570800;8.563360;8.568320;0
20210308 035300;8.568320;8.569240;8.567040;8.567260;0
20210308 035400;8.567260;8.568100;8.564940;8.564940;0
20210308 035500;8.564940;8.569180;8.563400;8.569180;0
20210308 035600;8.569170;8.572170;8.568120;8.568560;0
20210308 035700;8.568650;8.572530;8.568100;8.572200;0
20210308 035800;8.572200;8.576310;8.572200;8.575140;0
20210308 035900;8.575320;8.576950;8.571440;8.571440;0
20210308 040000;8.571440;8.578640;8.570670;8.576500;0
20210308 040100;8.576360;8.578540;8.573950;8.578540;0
20210308 040200;8.578630;8.578700;8.576580;8.577890;0
20210308 040300;8.578010;8.583060;8.577920;8.580770;0
20210308 040400;8.580950;8.582380;8.579190;8.581590;0
20210308 040500;8.581590;8.592620;8.580980;8.592270;0
20210308 040600;8.592200;8.593260;8.590820;8.592040;0
20210308 040700;8.592120;8.596690;8.590900;8.595430;0
20210308 040800;8.595230;8.595480;8.587410;8.587930;0
20210308 040900;8.588110;8.590250;8.587730;8.589510;0
20210308 041000;8.589590;8.589870;8.583220;8.584860;0
20210308 041100;8.584930;8.590750;8.584020;8.585860;0
20210308 041200;8.585860;8.592490;8.585140;8.589030;0
20210308 041300;8.589040;8.591450;8.588520;8.589440;0
20210308 041400;8.589510;8.594360;8.588940;8.594350;0
20210308 041500;8.594350;8.594490;8.591280;8.591440;0
20210308 041600;8.591580;8.591590;8.587720;8.587720;0
20210308 041700;8.587750;8.589280;8.584860;8.585620;0
20210308 041800;8.585530;8.587580;8.581920;8.587340;0
20210308 041900;8.587350;8.592150;8.587290;8.591880;0
20210308 042000;8.591880;8.595930;8.591180;8.595550;0
20210308 042100;8.595540;8.598600;8.594320;8.598500;0
20210308 042200;8.598350;8.599650;8.597240;8.598370;0
20210308 042300;8.598180;8.604800;8.598180;8.604470;0
20210308 042400;8.604520;8.604810;8.602440;8.603270;0
20210308 042500;8.603100;8.605090;8.599010;8.605090;0
20210308 042600;8.605090;8.607890;8.602990;8.607890;0
20210308 042700;8.607890;8.609030;8.604870;8.605550;0
20210308 042800;8.605470;8.606070;8.601820;8.601960;0
20210308 042900;8.602040;8.602040;8.592830;8.593610;0
20210308 043000;8.593610;8.597580;8.590380;8.592510;0
20210308 043100;8.592740;8.593960;8.590360;8.591310;0
20210308 043200;8.591310;8.599290;8.591310;8.599290;0
20210308 043300;8.599290;8.601260;8.598640;8.599920;0
20210308 043400;8.600000;8.600910;8.593020;8.594430;0
20210308 043500;8.594440;8.597570;8.593420;8.594050;0
20210308 043600;8.594140;8.599150;8.594140;8.598040;0
20210308 043700;8.598050;8.598960;8.593100;8.593800;0
20210308 043800;8.593870;8.595070;8.591330;8.591780;0
20210308 043900;8.591720;8.591930;8.586320;8.587800;0
20210308 044000;8.587800;8.589700;8.587190;8.587920;0
20210308 044100;8.587920;8.588180;8.584440;8.584650;0
20210308 044200;8.584530;8.584630;8.581830;8.581830;0
20210308 044300;8.581810;8.582270;8.574080;8.574860;0
20210308 044400;8.574770;8.577930;8.574770;8.576580;0
20210308 044500;8.576590;8.576920;8.575560;8.576080;0
20210308 044600;8.576150;8.579020;8.576150;8.577970;0
20210308 044700;8.577930;8.582960;8.577780;8.581160;0
20210308 044800;8.581190;8.582420;8.580940;8.580940;0
20210308 044900;8.580890;8.585150;8.580870;8.582540;0
20210308 045000;8.582540;8.584390;8.582540;8.583960;0
20210308 045100;8.584040;8.589590;8.584040;8.588530;0
20210308 045200;8.588790;8.588790;8.586100;8.586590;0
20210308 045300;8.586580;8.588320;8.586140;8.588020;0
20210308 045400;8.588020;8.588380;8.580540;8.582220;0
20210308 045500;8.582220;8.584380;8.581870;8.582390;0
20210308 045600;8.582550;8.583480;8.579900;8.580070;0
20210308 045700;8.580150;8.583970;8.576470;8.582830;0
20210308 045800;8.582800;8.586020;8.582410;8.586020;0
20210308 045900;8.585890;8.586520;8.582390;8.582520;0
20210308 050000;8.582440;8.586330;8.581850;8.584450;0
20210308 050100;8.584530;8.584530;8.581440;8.584040;0
20210308 050200;8.584010;8.586820;8.584010;8.585290;0
20210308 050300;8.585540;8.585610;8.584200;8.584790;0
20210308 050400;8.584800;8.586640;8.582520;8.583820;0
20210308 050500;8.583860;8.587990;8.583390;8.587700;0
20210308 050600;8.587710;8.588610;8.587220;8.588440;0
20210308 050700;8.588440;8.588440;8.584180;8.584680;0
20210308 050800;8.584680;8.589330;8.584400;8.589330;0
20210308 050900;8.589490;8.589860;8.586590;8.587110;0
20210308 051000;8.587120;8.589520;8.586200;8.589430;0
20210308 051100;8.589430;8.589430;8.588550;8.588620;0
20210308 051200;8.588620;8.593090;8.588260;8.590260;0
20210308 051300;8.590050;8.590370;8.589400;8.589680;0
20210308 051400;8.589640;8.589800;8.588560;8.589120;0
20210308 051500;8.589190;8.594150;8.589190;8.594140;0
20210308 051600;8.594310;8.594690;8.592310;8.592310;0
20210308 051700;8.592310;8.594240;8.590810;8.594030;0
20210308 051800;8.594170;8.594420;8.592980;8.593840;0
20210308 051900;8.593960;8.594800;8.593020;8.593390;0
20210308 052000;8.593470;8.593550;8.591420;8.592180;0
20210308 052100;8.592170;8.592170;8.587880;8.589350;0
20210308 052200;8.589410;8.593250;8.589290;8.590560;0
20210308 052300;8.590690;8.593680;8.590640;8.593300;0
20210308 052400;8.593240;8.596780;8.593090;8.594340;0
20210308 052500;8.593950;8.593950;8.590120;8.590160;0
20210308 052600;8.590160;8.592350;8.590160;8.591380;0
20210308 052700;8.591340;8.591600;8.590440;8.591040;0
20210308 052800;8.590970;8.592220;8.590820;8.592030;0
20210308 052900;8.592050;8.592230;8.584210;8.584210;0
20210308 053000;8.584200;8.584860;8.580500;8.581940;0
20210308 053100;8.581930;8.581930;8.578830;8.580090;0
20210308 053200;8.580140;8.580840;8.576340;8.576350;0
20210308 053300;8.576300;8.576330;8.570410;8.570590;0
20210308 053400;8.570530;8.570620;8.566910;8.567340;0
20210308 053500;8.567270;8.571960;8.566220;8.570570;0
20210308 053600;8.570580;8.571800;8.569060;8.569620;0
20210308 053700;8.569790;8.570120;8.568470;8.568860;0
20210308 053800;8.568760;8.569750;8.568060;8.569750;0
20210308 053900;8.569730;8.575560;8.569530;8.574600;0
20210308 054000;8.574640;8.576460;8.574640;8.575720;0
20210308 054100;8.575720;8.576080;8.573120;8.574040;0
20210308 054200;8.573980;8.574390;8.573060;8.573060;0
20210308 054300;8.572700;8.572930;8.571950;8.572160;0
20210308 054400;8.572120;8.572640;8.571120;8.571120;0
20210308 054500;8.571120;8.572400;8.567280;8.569710;0
20210308 054600;8.569640;8.569950;8.569020;8.569020;0
20210308 054700;8.569020;8.569020;8.567200;8.567200;0
20210308 054800;8.567210;8.571670;8.567210;8.567690;0
20210308 054900;8.567740;8.572660;8.566720;8.572620;0
20210308 055000;8.572720;8.573320;8.569950;8.570550;0
20210308 055100;8.570730;8.571380;8.564920;8.565560;0
20210308 055200;8.565760;8.566440;8.564810;8.566100;0
20210308 055300;8.566100;8.567290;8.565800;8.567250;0
20210308 055400;8.567260;8.570910;8.567190;8.570720;0
20210308 055500;8.570790;8.571330;8.570060;8.570680;0
20210308 055600;8.570540;8.570750;8.567230;8.568120;0
20210308 055700;8.568130;8.568720;8.566460;8.566820;0
20210308 055800;8.566800;8.570200;8.565950;8.569600;0
20210308 055900;8.569600;8.570420;8.568910;8.569060;0
20210308 060000;8.568920;8.568920;8.563770;8.564710;0
20210308 060100;8.564680;8.565570;8.563820;8.564090;0
20210308 060200;8.564160;8.565540;8.564060;8.564710;0
20210308 060300;8.564710;8.564710;8.563450;8.564190;0
20210308 060400;8.564270;8.568060;8.564270;8.565370;0
20210308 060500;8.565180;8.565860;8.564960;8.565810;0
20210308 060600;8.565860;8.566230;8.565720;8.565850;0
20210308 060700;8.565660;8.566730;8.565660;8.565670;0
20210308 060800;8.565740;8.565740;8.564960;8.564960;0
20210308 060900;8.564840;8.564970;8.562410;8.562690;0
20210308 061000;8.562690;8.564840;8.562140;8.562600;0
20210308 061100;8.562600;8.563020;8.561900;8.562200;0
20210308 061200;8.562280;8.565130;8.562280;8.562500;0
20210308 061300;8.562500;8.562660;8.560050;8.562150;0
20210308 061400;8.562370;8.567070;8.562370;8.567020;0
20210308 061500;8.566910;8.569250;8.566670;8.569250;0
20210308 061600;8.569230;8.569230;8.568020;8.568030;0
20210308 061700;8.568100;8.570540;8.568100;8.570540;0
20210308 061800;8.570350;8.570550;8.568180;8.570060;0
20210308 061900;8.570120;8.570120;8.566090;8.566720;0
20210308 062000;8.566720;8.566920;8.565340;8.565630;0
20210308 062100;8.565710;8.570470;8.565650;8.570470;0
20210308 062200;8.570490;8.570730;8.569420;8.570380;0
20210308 062300;8.570310;8.570310;8.568750;8.569080;0
20210308 062400;8.569060;8.569060;8.566200;8.567390;0
20210308 062500;8.567320;8.567320;8.564070;8.564500;0
20210308 062600;8.564670;8.565540;8.563210;8.563210;0
20210308 062700;8.563250;8.567840;8.563160;8.567840;0
20210308 062800;8.567540;8.571390;8.567540;8.570000;0
20210308 062900;8.570060;8.573660;8.570060;8.572380;0
20210308 063000;8.572380;8.572380;8.571040;8.571520;0
20210308 063100;8.571650;8.574510;8.571250;8.572810;0
20210308 063200;8.572810;8.573630;8.571490;8.571650;0
20210308 063300;8.571740;8.574350;8.570730;8.574220;0
20210308 063400;8.574220;8.574220;8.572370;8.573520;0
20210308 063500;8.573630;8.574020;8.568720;8.569320;0
20210308 063600;8.569220;8.573020;8.568430;8.572120;0
20210308 063700;8.572320;8.574530;8.572020;8.572430;0
20210308 063800;8.572520;8.573720;8.571970;8.572720;0
20210308 063900;8.572520;8.573020;8.570670;8.572420;0
20210308 064000;8.572520;8.572760;8.571220;8.572030;0
20210308 064100;8.572040;8.573050;8.571930;8.573050;0
20210308 064200;8.573050;8.573230;8.572630;8.572940;0
20210308 064300;8.573000;8.575250;8.572940;8.574280;0
20210308 064400;8.574280;8.574930;8.574180;8.574470;0
20210308 064500;8.574470;8.575090;8.574310;8.574840;0
20210308 064600;8.574840;8.575380;8.570350;8.572240;0
20210308 064700;8.572210;8.574030;8.571250;8.572120;0
20210308 064800;8.572020;8.576500;8.571800;8.573120;0
20210308 064900;8.573120;8.574920;8.571840;8.574740;0
20210308 065000;8.574880;8.579630;8.574860;8.578220;0
20210308 065100;8.578080;8.578230;8.576580;8.577950;0
20210308 065200;8.577940;8.579620;8.577540;8.579600;0
20210308 065300;8.579600;8.580910;8.579380;8.580000;0
20210308 065400;8.580010;8.581470;8.579440;8.580010;0
20210308 065500;8.580020;8.580270;8.579300;8.579310;0
20210308 065600;8.579440;8.579970;8.579440;8.579810;0
20210308 065700;8.579810;8.580150;8.579310;8.579580;0
20210308 065800;8.579580;8.582220;8.579580;8.581870;0
20210308 065900;8.581870;8.582960;8.581350;8.582480;0
20210308 070000;8.582290;8.582520;8.578640;8.581100;0
20210308 070100;8.580890;8.583260;8.580890;8.583060;0
20210308 070200;8.583070;8.584970;8.582510;8.583800;0
20210308 070300;8.583850;8.585230;8.582770;8.584650;0
20210308 070400;8.584620;8.585980;8.583920;8.585420;0
20210308 070500;8.585520;8.586620;8.583020;8.585530;0
20210308 070600;8.585260;8.587000;8.584930;8.586200;0
20210308 070700;8.586520;8.589400;8.585710;8.588670;0
20210308 070800;8.588670;8.588670;8.586080;8.587510;0
20210308 070900;8.587450;8.587450;8.584910;8.586510;0
20210308 071000;8.586510;8.586600;8.581220;8.581420;0
20210308 071100;8.581360;8.584210;8.580890;8.582160;0
20210308 071200;8.582010;8.584820;8.581930;8.584120;0
20210308 071300;8.584120;8.584130;8.581600;8.581740;0
20210308 071400;8.581850;8.585220;8.579870;8.584620;0
20210308 071500;8.584610;8.586420;8.584550;8.584620;0
20210308 071600;8.584520;8.588010;8.584320;8.586730;0
20210308 071700;8.586590;8.592650;8.586590;8.591760;0
20210308 071800;8.591860;8.592550;8.585640;8.585680;0
20210308 071900;8.585780;8.586950;8.585640;8.585880;0
20210308 072000;8.585900;8.586830;8.585030;8.585760;0
20210308 072100;8.585830;8.589450;8.585830;8.587270;0
20210308 072200;8.586310;8.586770;8.585400;8.585780;0
20210308 072300;8.585600;8.586260;8.584740;8.584750;0
20210308 072400;8.584850;8.585950;8.583100;8.583620;0
20210308 072500;8.583620;8.583790;8.579610;8.579610;0
20210308 072600;8.579610;8.582310;8.579260;8.581950;0
20210308 072700;8.581950;8.582580;8.580640;8.581150;0
20210308 072800;8.581120;8.584430;8.581120;8.583990;0
20210308 072900;8.583990;8.584180;8.582450;8.582560;0
20210308 073000;8.582470;8.584950;8.582160;8.584100;0
20210308 073100;8.584130;8.584980;8.581550;8.581670;0
20210308 073200;8.581700;8.584950;8.581660;8.583890;0
20210308 073300;8.583950;8.587450;8.583950;8.585840;0
20210308 073400;8.585970;8.586960;8.584260;8.585010;0
20210308 073500;8.585010;8.587530;8.583900;8.587530;0
20210308 073600;8.587680;8.589340;8.586320;8.587930;0
20210308 073700;8.587890;8.588420;8.584360;8.585420;0
20210308 073800;8.585420;8.588710;8.585350;8.587090;0
20210308 073900;8.587170;8.589100;8.586640;8.586820;0
20210308 074000;8.586810;8.589010;8.586810;8.589010;0
20210308 074100;8.589100;8.589310;8.586260;8.588010;0
20210308 074200;8.588020;8.592900;8.588020;8.592020;0
20210308 074300;8.591780;8.593570;8.591760;8.593340;0
20210308 074400;8.593430;8.598160;8.593430;8.596420;0
20210308 074500;8.596560;8.599130;8.596560;8.598290;0
20210308 074600;8.598290;8.599180;8.592850;8.593930;0
20210308 074700;8.593850;8.596120;8.592320;8.593620;0
20210308 074800;8.593630;8.596020;8.593140;8.595820;0
20210308 074900;8.596020;8.596020;8.590990;8.591250;0
20210308 075000;8.592730;8.594470;8.591950;8.593710;0
20210308 075100;8.593800;8.596240;8.593630;8.595890;0
20210308 075200;8.595880;8.596590;8.594200;8.595770;0
20210308 075300;8.595530;8.595530;8.594470;8.595310;0
20210308 075400;8.595220;8.595710;8.591520;8.592620;0
20210308 075500;8.592520;8.594100;8.587720;8.587720;0
20210308 075600;8.587710;8.590220;8.587710;8.589730;0
20210308 075700;8.589540;8.589670;8.586310;8.587380;0
20210308 075800;8.587250;8.588120;8.585810;8.586760;0
20210308 075900;8.586570;8.586700;8.584350;8.585720;0
20210308 080000;8.585660;8.587350;8.583170;8.584680;0
20210308 080100;8.584670;8.585170;8.581900;8.583420;0
20210308 080200;8.583540;8.588640;8.583360;8.587630;0
20210308 080300;8.587770;8.590550;8.587760;8.590130;0
20210308 080400;8.590080;8.591870;8.588370;8.588450;0
20210308 080500;8.588380;8.590490;8.588000;8.589770;0
20210308 080600;8.589920;8.590190;8.587750;8.589280;0
20210308 080700;8.589350;8.590480;8.588590;8.589710;0
20210308 080800;8.589660;8.591220;8.589070;8.590110;0
20210308 080900;8.590120;8.590920;8.588810;8.590820;0
20210308 081000;8.590820;8.595000;8.590820;8.593200;0
20210308 081100;8.593200;8.594090;8.592410;8.592860;0
20210308 081200;8.592860;8.592970;8.585940;8.586120;0
20210308 081300;8.585980;8.587130;8.581170;8.581860;0
20210308 081400;8.581730;8.581890;8.575490;8.575770;0
20210308 081500;8.575630;8.577960;8.573790;8.574430;0
20210308 081600;8.574440;8.577990;8.573860;8.577980;0
20210308 081700;8.577910;8.581670;8.577910;8.580940;0
20210308 081800;8.580940;8.581630;8.579550;8.579960;0
20210308 081900;8.580030;8.580250;8.571570;8.571650;0
20210308 082000;8.571730;8.575250;8.571730;8.573040;0
20210308 082100;8.572940;8.574510;8.572280;8.572430;0
20210308 082200;8.572310;8.572310;8.569370;8.570310;0
20210308 082300;8.570240;8.571370;8.566720;8.568830;0
20210308 082400;8.568680;8.569240;8.563290;8.563720;0
20210308 082500;8.563720;8.565420;8.563490;8.564110;0
20210308 082600;8.564190;8.564410;8.561050;8.562430;0
20210308 082700;8.562680;8.567320;8.562130;8.566420;0
20210308 082800;8.566530;8.566830;8.562030;8.563400;0
20210308 082900;8.563310;8.564590;8.559450;8.559720;0
20210308 083000;8.559750;8.564880;8.559750;8.561840;0
20210308 083100;8.561710;8.562240;8.559120;8.559120;0
20210308 083200;8.559030;8.560750;8.558730;8.559090;0
20210308 083300;8.559030;8.565650;8.558850;8.560970;0
20210308 083400;8.561080;8.562250;8.560660;8.561980;0
20210308 083500;8.562240;8.567900;8.562240;8.566520;0
20210308 083600;8.566620;8.567650;8.564510;8.565020;0
20210308 083700;8.565170;8.568290;8.565170;8.567120;0
20210308 083800;8.567240;8.570970;8.567240;8.568790;0
20210308 083900;8.568680;8.571370;8.567840;8.570700;0
20210308 084000;8.570540;8.572600;8.567750;8.568750;0
20210308 084100;8.568630;8.570050;8.566430;8.566750;0
20210308 084200;8.566600;8.567190;8.561810;8.564340;0
20210308 084300;8.564240;8.565390;8.559170;8.560780;0
20210308 084400;8.560860;8.561100;8.556760;8.559060;0
20210308 084500;8.559180;8.561490;8.559030;8.559030;0
20210308 084600;8.559070;8.559380;8.556470;8.556470;0
20210308 084700;8.556390;8.556400;8.552300;8.554810;0
20210308 084800;8.554830;8.560170;8.554830;8.559190;0
20210308 084900;8.559220;8.560520;8.557940;8.559370;0
20210308 085000;8.559330;8.560930;8.557850;8.557900;0
20210308 085100;8.557960;8.564630;8.557830;8.563740;0
20210308 085200;8.563740;8.565550;8.562920;8.565260;0
20210308 085300;8.564760;8.564770;8.559060;8.560720;0
20210308 085400;8.560750;8.560760;8.556420;8.557590;0
20210308 085500;8.557520;8.563650;8.557190;8.562530;0
20210308 085600;8.562390;8.562390;8.558910;8.559240;0
20210308 085700;8.559190;8.562290;8.559070;8.560150;0
20210308 085800;8.559940;8.559940;8.551920;8.552470;0
20210308 085900;8.552450;8.557850;8.552210;8.556630;0
20210308 090000;8.556770;8.557320;8.553310;8.553320;0
20210308 090100;8.553280;8.553280;8.547860;8.550480;0
20210308 090200;8.550480;8.554000;8.548990;8.550060;0
20210308 090300;8.550330;8.554390;8.550330;8.552350;0
20210308 090400;8.552350;8.552350;8.548990;8.551700;0
20210308 090500;8.551670;8.552660;8.550990;8.551000;0
20210308 090600;8.551140;8.552030;8.550590;8.551140;0
20210308 090700;8.551130;8.551180;8.548560;8.548980;0
20210308 090800;8.549060;8.552790;8.548580;8.552590;0
20210308 090900;8.552490;8.552680;8.547550;8.548640;0
20210308 091000;8.548990;8.555430;8.547960;8.548460;0
20210308 091100;8.548460;8.550130;8.547520;8.548380;0
20210308 091200;8.548450;8.550020;8.547350;8.549350;0
20210308 091300;8.549350;8.551590;8.548820;8.549020;0
20210308 091400;8.549000;8.552830;8.547500;8.551440;0
20210308 091500;8.551590;8.552120;8.545280;8.551790;0
20210308 091600;8.551740;8.553950;8.551320;8.553950;0
20210308 091700;8.553780;8.553970;8.552480;8.553030;0
20210308 091800;8.552890;8.552890;8.550480;8.551580;0
20210308 091900;8.551620;8.551870;8.550980;8.551640;0
20210308 092000;8.551770;8.555950;8.551050;8.554590;0
20210308 092100;8.554690;8.555530;8.553470;8.555300;0
20210308 092200;8.555320;8.559380;8.555300;8.557850;0
20210308 092300;8.557840;8.557840;8.556090;8.556760;0
20210308 092400;8.556520;8.556760;8.551560;8.553950;0
20210308 092500;8.553940;8.554240;8.552160;8.552450;0
20210308 092600;8.552610;8.553850;8.551640;8.551780;0
20210308 092700;8.551780;8.553030;8.548140;8.551900;0
20210308 092800;8.551900;8.553640;8.551750;8.552320;0
20210308 092900;8.552420;8.552430;8.550850;8.551070;0
20210308 093000;8.551160;8.555770;8.547910;8.552930;0
20210308 093100;8.552800;8.557840;8.552440;8.553740;0
20210308 093200;8.553820;8.556190;8.553820;8.555690;0
20210308 093300;8.555680;8.557550;8.554500;8.555200;0
20210308 093400;8.555210;8.559220;8.553040;8.556030;0
20210308 093500;8.556230;8.557650;8.554900;8.556970;0
20210308 093600;8.556980;8.560830;8.552990;8.555620;0
20210308 093700;8.555520;8.558450;8.547620;8.551920;0
20210308 093800;8.552120;8.553120;8.543730;8.545020;0
20210308 093900;8.545030;8.547450;8.542120;8.542120;0
20210308 094000;8.541910;8.542540;8.537020;8.537830;0
20210308 094100;8.537520;8.537830;8.534410;8.535610;0
20210308 094200;8.535610;8.536290;8.530320;8.530630;0
20210308 094300;8.530470;8.530470;8.520430;8.520880;0
20210308 094400;8.521020;8.523100;8.518690;8.522320;0
20210308 094500;8.522220;8.522970;8.516940;8.519580;0
20210308 094600;8.519420;8.520470;8.512000;8.518770;0
20210308 094700;8.518770;8.521990;8.517560;8.519720;0
20210308 094800;8.519630;8.522240;8.517630;8.522020;0
20210308 094900;8.522150;8.524020;8.520220;8.523750;0
20210308 095000;8.523790;8.524860;8.518080;8.522950;0
20210308 095100;8.522950;8.524800;8.520520;8.524240;0
20210308 095200;8.524090;8.526540;8.521740;8.522120;0
20210308 095300;8.522120;8.529460;8.522010;8.523010;0
20210308 095400;8.523010;8.526610;8.520520;8.525580;0
20210308 095500;8.525400;8.525400;8.515570;8.520210;0
20210308 095600;8.520200;8.527600;8.518550;8.527410;0
20210308 095700;8.527410;8.537920;8.527410;8.537410;0
20210308 095800;8.537290;8.537330;8.531070;8.536220;0
20210308 095900;8.536150;8.537330;8.531130;8.531130;0
20210308 100000;8.530340;8.531370;8.527810;8.528540;0
20210308 100100;8.528540;8.532640;8.524520;8.524610;0
20210308 100200;8.523330;8.527670;8.522120;8.525590;0
20210308 100300;8.525810;8.532620;8.525810;8.531620;0
20210308 100400;8.531730;8.533320;8.523310;8.525940;0
20210308 100500;8.526010;8.530750;8.521110;8.529450;0
20210308 100600;8.529450;8.531260;8.526920;8.529350;0
20210308 100700;8.529430;8.532160;8.524920;8.528130;0
20210308 100800;8.528130;8.531680;8.527230;8.530870;0
20210308 100900;8.530870;8.532970;8.527540;8.530250;0
20210308 101000;8.530090;8.532040;8.527660;8.531390;0
20210308 101100;8.531370;8.534160;8.530200;8.533740;0
20210308 101200;8.533810;8.534220;8.529390;8.532220;0
20210308 101300;8.532120;8.533720;8.529400;8.530530;0
20210308 101400;8.530680;8.532190;8.524790;8.526720;0
20210308 101500;8.526760;8.530990;8.523060;8.529260;0
20210308 101600;8.529520;8.530120;8.522120;8.527040;0
20210308 101700;8.526970;8.528790;8.518880;8.519500;0
20210308 101800;8.519520;8.521730;8.518650;8.518730;0
20210308 101900;8.518770;8.520490;8.515260;8.517520;0
20210308 102000;8.517570;8.518310;8.510720;8.512880;0
20210308 102100;8.512820;8.517780;8.510830;8.511850;0
20210308 102200;8.511880;8.515100;8.509620;8.513240;0
20210308 102300;8.513120;8.518360;8.512510;8.516590;0
20210308 102400;8.516590;8.522130;8.515670;8.518000;0
20210308 102500;8.518000;8.518080;8.512850;8.517010;0
20210308 102600;8.517130;8.518920;8.514060;8.518390;0
20210308 102700;8.518240;8.518530;8.515700;8.516960;0
20210308 102800;8.517090;8.520330;8.515640;8.516720;0
20210308 102900;8.516920;8.517670;8.512930;8.515560;0
20210308 103000;8.515620;8.516240;8.512800;8.513670;0
20210308 103100;8.513670;8.516310;8.513320;8.514030;0
20210308 103200;8.513930;8.516060;8.513500;8.514430;0
20210308 103300;8.514520;8.518790;8.514010;8.515220;0
20210308 103400;8.515090;8.516030;8.512780;8.514310;0
20210308 103500;8.514530;8.516820;8.512910;8.516820;0
20210308 103600;8.516720;8.517630;8.511030;8.513120;0
20210308 103700;8.513260;8.514600;8.512990;8.513120;0
20210308 103800;8.513200;8.518120;8.513190;8.514620;0
20210308 103900;8.514730;8.516820;8.513590;8.515830;0
20210308 104000;8.515830;8.517870;8.514840;8.516850;0
20210308 104100;8.516690;8.516690;8.510800;8.512120;0
20210308 104200;8.512030;8.520580;8.511820;8.520580;0
20210308 104300;8.520550;8.524410;8.519890;8.521940;0
20210308 104400;8.521720;8.524500;8.519320;8.522070;0
20210308 104500;8.521830;8.525940;8.520590;8.524130;0
20210308 104600;8.524350;8.528600;8.523560;8.526900;0
20210308 104700;8.526840;8.528850;8.525940;8.528490;0
20210308 104800;8.528570;8.532160;8.528570;8.529250;0
20210308 104900;8.529320;8.537860;8.528220;8.537860;0
20210308 105000;8.537820;8.537820;8.526830;8.527100;0
20210308 105100;8.527100;8.528870;8.525260;8.528860;0
20210308 105200;8.528840;8.531170;8.528470;8.530990;0
20210308 105300;8.531230;8.533390;8.530440;8.530440;0
20210308 105400;8.530380;8.532430;8.528580;8.531820;0
20210308 105500;8.531620;8.531830;8.528800;8.529920;0
20210308 105600;8.530020;8.530530;8.528300;8.530220;0
20210308 105700;8.530320;8.534030;8.529070;8.530220;0
20210308 105800;8.530330;8.530720;8.523420;8.523620;0
20210308 105900;8.523720;8.527950;8.523020;8.527930;0
20210308 110000;8.527940;8.528090;8.523430;8.523650;0
20210308 110100;8.523650;8.526300;8.523230;8.523820;0
20210308 110200;8.523910;8.525130;8.522370;8.522590;0
20210308 110300;8.522590;8.523240;8.521120;8.522270;0
20210308 110400;8.522640;8.524190;8.521310;8.523880;0
20210308 110500;8.523900;8.526910;8.522990;8.522990;0
20210308 110600;8.522820;8.523320;8.521130;8.521620;0
20210308 110700;8.521720;8.524560;8.517560;8.519020;0
20210308 110800;8.519120;8.519120;8.516110;8.517100;0
20210308 110900;8.517120;8.520510;8.516740;8.519120;0
20210308 111000;8.519110;8.522290;8.518980;8.522250;0
20210308 111100;8.522260;8.522260;8.519200;8.519200;0
20210308 111200;8.519330;8.521330;8.519050;8.521320;0
20210308 111300;8.521330;8.522530;8.520600;8.521330;0
20210308 111400;8.521240;8.521520;8.520540;8.521100;0
20210308 111500;8.521110;8.521110;8.520250;8.521060;0
20210308 111600;8.521190;8.522080;8.517830;8.519070;0
20210308 111700;8.519080;8.520170;8.517930;8.518690;0
20210308 111800;8.518850;8.518990;8.515490;8.518030;0
20210308 111900;8.518020;8.523330;8.517320;8.518520;0
20210308 112000;8.518480;8.518650;8.515030;8.515380;0
20210308 112100;8.515330;8.517330;8.515330;8.516790;0
20210308 112200;8.516940;8.519230;8.516940;8.518440;0
20210308 112300;8.518350;8.521430;8.515970;8.516030;0
20210308 112400;8.516020;8.516890;8.514910;8.515550;0
20210308 112500;8.515790;8.518030;8.515440;8.517420;0
20210308 112600;8.517120;8.518400;8.516960;8.517820;0
20210308 112700;8.517820;8.518430;8.517300;8.518230;0
20210308 112800;8.518420;8.518420;8.515110;8.515460;0
20210308 112900;8.515460;8.516130;8.511390;8.511390;0
20210308 113000;8.511820;8.514520;8.511220;8.513600;0
20210308 113100;8.513680;8.514530;8.513240;8.514020;0
20210308 113200;8.514040;8.515820;8.514040;8.514910;0
20210308 113300;8.514910;8.518430;8.514870;8.517830;0
20210308 113400;8.517920;8.520450;8.516670;8.516730;0
20210308 113500;8.517130;8.519120;8.516600;8.516710;0
20210308 113600;8.516520;8.522890;8.516470;8.519450;0
20210308 113700;8.519650;8.523210;8.519450;8.523090;0
20210308 113800;8.523080;8.523430;8.520710;8.523130;0
20210308 113900;8.523100;8.524040;8.521880;8.523700;0
20210308 114000;8.523570;8.523950;8.521750;8.521930;0
20210308 114100;8.522110;8.522980;8.522110;8.522840;0
20210308 114200;8.522910;8.524310;8.522770;8.524300;0
20210308 114300;8.524300;8.524380;8.521930;8.522130;0
20210308 114400;8.522020;8.523690;8.521840;8.523690;0
20210308 114500;8.524030;8.526190;8.522920;8.523260;0
20210308 114600;8.523320;8.524340;8.522720;8.524210;0
20210308 114700;8.524110;8.527020;8.523460;8.525920;0
20210308 114800;8.525720;8.527120;8.525420;8.525930;0
20210308 114900;8.526000;8.527650;8.525800;8.526940;0
20210308 115000;8.527120;8.527360;8.525520;8.527360;0
20210308 115100;8.527320;8.529350;8.526200;8.528930;0
20210308 115200;8.528850;8.530620;8.528780;8.529770;0
20210308 115300;8.529770;8.532350;8.528790;8.528940;0
20210308 115400;8.528970;8.530520;8.528760;8.530260;0
20210308 115500;8.530050;8.532170;8.530050;8.531360;0
20210308 115600;8.531270;8.531360;8.528870;8.530250;0
20210308 115700;8.530170;8.530570;8.529870;8.530190;0
20210308 115800;8.530160;8.533380;8.530080;8.532970;0
20210308 115900;8.532810;8.534530;8.532520;8.534250;0
20210308 120000;8.534110;8.534860;8.529240;8.529490;0
20210308 120100;8.529660;8.531110;8.527110;8.527260;0
20210308 120200;8.527300;8.531530;8.527300;8.528900;0
20210308 120300;8.528830;8.528900;8.527110;8.527460;0
20210308 120400;8.527610;8.528190;8.527540;8.527830;0
20210308 120500;8.527740;8.528120;8.527420;8.527420;0
20210308 120600;8.527360;8.528020;8.526410;8.526730;0
20210308 120700;8.526490;8.528220;8.526490;8.527920;0
20210308 120800;8.527820;8.529920;8.527630;8.529120;0
20210308 120900;8.529080;8.529080;8.526870;8.527410;0
20210308 121000;8.527420;8.528080;8.526540;8.526720;0
20210308 121100;8.526820;8.527390;8.524890;8.527220;0
20210308 121200;8.526930;8.527810;8.526750;8.527810;0
20210308 121300;8.527750;8.527910;8.527360;8.527670;0
20210308 121400;8.527540;8.527540;8.526320;8.526390;0
20210308 121500;8.526440;8.527820;8.526290;8.526930;0
20210308 121600;8.526830;8.527330;8.525320;8.525620;0
20210308 121700;8.525760;8.525900;8.520200;8.520200;0
20210308 121800;8.520180;8.521400;8.519360;8.521370;0
20210308 121900;8.521410;8.524050;8.520620;8.522460;0
20210308 122000;8.522580;8.522970;8.520470;8.520520;0
20210308 122100;8.520560;8.520870;8.518220;8.518950;0
20210308 122200;8.518990;8.519470;8.514870;8.514870;0
20210308 122300;8.514730;8.516810;8.514250;8.516530;0
20210308 122400;8.516520;8.516520;8.512230;8.514340;0
20210308 122500;8.514250;8.514600;8.513930;8.514600;0
20210308 122600;8.514750;8.515220;8.514500;8.515010;0
20210308 122700;8.515240;8.515790;8.513350;8.515790;0
20210308 122800;8.515790;8.518070;8.515790;8.518070;0
20210308 122900;8.517850;8.518590;8.517440;8.517640;0
20210308 123000;8.517650;8.517970;8.516540;8.517810;0
20210308 123100;8.517790;8.517820;8.516440;8.516790;0
20210308 123200;8.516670;8.516690;8.515290;8.515290;0
20210308 123300;8.515350;8.516010;8.514880;8.514880;0
20210308 123400;8.514960;8.515280;8.511900;8.512820;0
20210308 123500;8.512620;8.513580;8.511880;8.513580;0
20210308 123600;8.513650;8.514460;8.512950;8.514050;0
20210308 123700;8.513960;8.514350;8.513220;8.513230;0
20210308 123800;8.513320;8.513880;8.512510;8.512890;0
20210308 123900;8.512660;8.512740;8.512140;8.512490;0
20210308 124000;8.512660;8.512800;8.511790;8.512680;0
20210308 124100;8.512600;8.512880;8.511870;8.512470;0
20210308 124200;8.512440;8.513420;8.512390;8.513130;0
20210308 124300;8.512980;8.512980;8.511930;8.512810;0
20210308 124400;8.512720;8.512780;8.512000;8.512000;0
20210308 124500;8.512070;8.513390;8.511870;8.513220;0
20210308 124600;8.513200;8.513570;8.512750;8.513120;0
20210308 124700;8.513190;8.513320;8.512550;8.512550;0
20210308 124800;8.512630;8.512810;8.511790;8.512090;0
20210308 124900;8.511880;8.512340;8.510670;8.512340;0
20210308 125000;8.512350;8.512690;8.511480;8.512380;0
20210308 125100;8.512360;8.513500;8.512280;8.512840;0
20210308 125200;8.512750;8.513420;8.512010;8.512010;0
20210308 125300;8.512070;8.512520;8.511710;8.512220;0
20210308 125400;8.512300;8.514460;8.512160;8.513630;0
20210308 125500;8.513770;8.514160;8.513470;8.513760;0
20210308 125600;8.513560;8.514350;8.513250;8.514340;0
20210308 125700;8.514550;8.515650;8.514280;8.515580;0
20210308 125800;8.515360;8.517220;8.515120;8.517130;0
20210308 125900;8.517040;8.519520;8.516300;8.519030;0
20210308 130000;8.519030;8.519890;8.517950;8.519500;0
20210308 130100;8.519500;8.519500;8.518390;8.519060;0
20210308 130200;8.519190;8.519890;8.517950;8.517950;0
20210308 130300;8.517890;8.517970;8.512840;8.512990;0
20210308 130400;8.512920;8.512920;8.511260;8.511260;0
20210308 130500;8.511280;8.511520;8.509880;8.510620;0
20210308 130600;8.510460;8.510660;8.507150;8.507150;0
20210308 130700;8.507110;8.507770;8.505980;8.506850;0
20210308 130800;8.506940;8.508130;8.506210;8.506400;0
20210308 130900;8.506440;8.507370;8.505760;8.507330;0
20210308 131000;8.507260;8.507310;8.505360;8.507050;0
20210308 131100;8.507220;8.508000;8.507160;8.507830;0
20210308 131200;8.507980;8.508530;8.506720;8.507090;0
20210308 131300;8.507200;8.507280;8.506410;8.506730;0
20210308 131400;8.506820;8.506920;8.505970;8.506050;0
20210308 131500;8.506220;8.506730;8.506040;8.506650;0
20210308 131600;8.506720;8.506720;8.505980;8.506380;0
20210308 131700;8.506530;8.507050;8.506420;8.506810;0
20210308 131800;8.506720;8.506730;8.506260;8.506270;0
20210308 131900;8.506110;8.506110;8.504950;8.505170;0
20210308 132000;8.505160;8.506820;8.505020;8.506620;0
20210308 132100;8.506830;8.508980;8.506720;8.508640;0
20210308 132200;8.508710;8.509440;8.508710;8.509440;0
20210308 132300;8.509580;8.509720;8.508720;8.509190;0
20210308 132400;8.509050;8.510550;8.508600;8.509170;0
20210308 132500;8.509090;8.510690;8.508460;8.510690;0
20210308 132600;8.510610;8.511110;8.510140;8.510290;0
20210308 132700;8.510190;8.510750;8.509470;8.510620;0
20210308 132800;8.510500;8.510500;8.509260;8.509260;0
20210308 132900;8.509360;8.510910;8.509200;8.510520;0
20210308 133000;8.510440;8.512280;8.509610;8.511020;0
20210308 133100;8.510820;8.512680;8.510210;8.511520;0
20210308 133200;8.511360;8.512420;8.511360;8.511900;0
20210308 133300;8.511690;8.511830;8.511200;8.511560;0
20210308 133400;8.511580;8.511780;8.511050;8.511490;0
20210308 133500;8.511620;8.511800;8.511110;8.511280;0
20210308 133600;8.511150;8.511240;8.510720;8.511220;0
20210308 133700;8.511490;8.512290;8.511490;8.512020;0
20210308 133800;8.512090;8.514110;8.512090;8.512720;0
20210308 133900;8.512520;8.513320;8.512070;8.512580;0
20210308 134000;8.512670;8.513220;8.511440;8.511990;0
20210308 134100;8.511990;8.512300;8.511990;8.512000;0
20210308 134200;8.511770;8.512020;8.511770;8.512020;0
20210308 134300;8.512170;8.512720;8.512170;8.512440;0
20210308 134400;8.512610;8.512610;8.512350;8.512350;0
20210308 134500;8.512440;8.513720;8.512440;8.513420;0
20210308 134600;8.513420;8.516280;8.513120;8.513120;0
20210308 134700;8.513060;8.514650;8.512760;8.512950;0
20210308 134800;8.513220;8.516920;8.513110;8.516140;0
20210308 134900;8.516010;8.519720;8.515480;8.519490;0
20210308 135000;8.519690;8.523210;8.519690;8.523030;0
20210308 135100;8.523040;8.523320;8.522190;8.523320;0
20210308 135200;8.523260;8.524120;8.523170;8.523660;0
20210308 135300;8.523440;8.528560;8.523240;8.526530;0
20210308 135400;8.526550;8.526980;8.526410;8.526970;0
20210308 135500;8.527050;8.527120;8.525720;8.526360;0
20210308 135600;8.526300;8.527250;8.526080;8.527250;0
20210308 135700;8.527130;8.527130;8.525120;8.526580;0
20210308 135800;8.526870;8.528620;8.526870;8.527820;0
20210308 135900;8.527530;8.528450;8.527530;8.528370;0
20210308 140000;8.528350;8.529090;8.523020;8.523980;0
20210308 140100;8.524120;8.525020;8.523210;8.523430;0
20210308 140200;8.523470;8.525920;8.523420;8.523830;0
20210308 140300;8.523860;8.525420;8.523830;8.524550;0
20210308 140400;8.524720;8.525620;8.524580;8.525020;0
20210308 140500;8.525090;8.526260;8.523680;8.523680;0
20210308 140600;8.523550;8.523550;8.520020;8.520440;0
20210308 140700;8.520220;8.520320;8.517870;8.518530;0
20210308 140800;8.518680;8.518920;8.517450;8.517450;0
20210308 140900;8.517400;8.518830;8.516960;8.518520;0
20210308 141000;8.518920;8.519430;8.517930;8.518230;0
20210308 141100;8.518520;8.519120;8.517190;8.518320;0
20210308 141200;8.518320;8.518350;8.517400;8.517950;0
20210308 141300;8.517840;8.518330;8.517740;8.518030;0
20210308 141400;8.517930;8.518420;8.517600;8.517850;0
20210308 141500;8.517640;8.517640;8.515010;8.515420;0
20210308 141600;8.515520;8.515930;8.514600;8.515720;0
20210308 141700;8.515620;8.516220;8.514660;8.515350;0
20210308 141800;8.515510;8.517680;8.515420;8.517210;0
20210308 141900;8.517150;8.517840;8.516510;8.517140;0
20210308 142000;8.517270;8.517270;8.516210;8.517070;0
20210308 142100;8.517010;8.519070;8.516900;8.519070;0
20210308 142200;8.519120;8.520960;8.518850;8.520680;0
20210308 142300;8.520610;8.520610;8.518410;8.518700;0
20210308 142400;8.518690;8.518830;8.516480;8.516500;0
20210308 142500;8.516640;8.517320;8.514250;8.514600;0
20210308 142600;8.514670;8.515420;8.514140;8.514440;0
20210308 142700;8.514420;8.515120;8.513920;8.513960;0
20210308 142800;8.514520;8.515920;8.513990;8.515040;0
20210308 142900;8.514830;8.514830;8.514110;8.514110;0
20210308 143000;8.514000;8.514000;8.512300;8.512880;0
20210308 143100;8.512650;8.513620;8.512320;8.513100;0
20210308 143200;8.513310;8.514820;8.513310;8.513690;0
20210308 143300;8.513550;8.514830;8.513400;8.514420;0
20210308 143400;8.514360;8.516720;8.514360;8.516620;0
20210308 143500;8.516420;8.516630;8.514810;8.515080;0
20210308 143600;8.515110;8.516720;8.514750;8.515820;0
20210308 143700;8.515560;8.516030;8.514890;8.515020;0
20210308 143800;8.514900;8.516020;8.514900;8.515420;0
20210308 143900;8.515320;8.515680;8.514630;8.515680;0
20210308 144000;8.515610;8.515710;8.514980;8.515150;0
20210308 144100;8.515280;8.515290;8.514740;8.514740;0
20210308 144200;8.514720;8.514840;8.514290;8.514630;0
20210308 144300;8.514720;8.517280;8.514720;8.516600;0
20210308 144400;8.516480;8.522900;8.516480;8.522510;0
20210308 144500;8.522500;8.522500;8.520220;8.520370;0
20210308 144600;8.520160;8.521490;8.520160;8.521490;0
20210308 144700;8.521440;8.521480;8.519380;8.520050;0
20210308 144800;8.520130;8.520920;8.520130;8.520640;0
20210308 144900;8.520920;8.521120;8.520910;8.521120;0
20210308 145000;8.521420;8.522780;8.521420;8.522780;0
20210308 145100;8.522680;8.522680;8.520610;8.521730;0
20210308 145200;8.521830;8.522020;8.521320;8.521390;0
20210308 145300;8.521130;8.521970;8.521130;8.521970;0
20210308 145400;8.521970;8.521980;8.519830;8.520260;0
20210308 145500;8.520310;8.520390;8.519760;8.520010;0
20210308 145600;8.520060;8.521250;8.519260;8.520630;0
20210308 145700;8.520450;8.522360;8.520450;8.522350;0
20210308 145800;8.522560;8.523420;8.522260;8.522530;0
20210308 145900;8.522610;8.523130;8.519400;8.519500;0
20210308 150000;8.519510;8.524890;8.519230;8.524670;0
20210308 150100;8.524670;8.529060;8.524670;8.529060;0
20210308 150200;8.529280;8.531230;8.529280;8.530520;0
20210308 150300;8.530420;8.530520;8.530000;8.530160;0
20210308 150400;8.530290;8.530710;8.529760;8.530470;0
20210308 150500;8.530390;8.530470;8.530260;8.530400;0
20210308 150600;8.530540;8.531130;8.530540;8.530720;0
20210308 150700;8.530870;8.531370;8.530580;8.531260;0
20210308 150800;8.531480;8.531480;8.530800;8.531170;0
20210308 150900;8.531040;8.531940;8.531040;8.531520;0
20210308 151000;8.531690;8.532350;8.531500;8.532350;0
20210308 151100;8.532400;8.533960;8.532400;8.533560;0
20210308 151200;8.533410;8.533410;8.532990;8.532990;0
20210308 151300;8.532850;8.533000;8.532470;8.532520;0
20210308 151400;8.532410;8.532410;8.530680;8.531170;0
20210308 151500;8.530960;8.531940;8.530880;8.531940;0
20210308 151600;8.531860;8.532520;8.531750;8.532320;0
20210308 151700;8.532180;8.533960;8.532100;8.533400;0
20210308 151800;8.533620;8.541670;8.533420;8.540740;0
20210308 151900;8.540640;8.542060;8.540020;8.541900;0
20210308 152000;8.541810;8.541810;8.539710;8.540120;0
20210308 152100;8.540180;8.540360;8.539560;8.540140;0
20210308 152200;8.540070;8.540070;8.533800;8.536210;0
20210308 152300;8.536290;8.537670;8.535290;8.537310;0
20210308 152400;8.536950;8.537090;8.535770;8.537090;0
20210308 152500;8.537000;8.537870;8.536210;8.536780;0
20210308 152600;8.536990;8.539160;8.536990;8.537760;0
20210308 152700;8.537670;8.538630;8.537520;8.537970;0
20210308 152800;8.538080;8.538360;8.537970;8.538360;0
20210308 152900;8.538170;8.539310;8.538170;8.539160;0
20210308 153000;8.539300;8.539500;8.538310;8.538350;0
20210308 153100;8.538060;8.539230;8.537820;8.538850;0
20210308 153200;8.538930;8.539210;8.531580;8.535560;0
20210308 153300;8.536270;8.538220;8.533400;8.534440;0
20210308 153400;8.534430;8.534700;8.533690;8.534620;0
20210308 153500;8.534670;8.536190;8.534580;8.535630;0
20210308 153600;8.535720;8.536370;8.535520;8.536220;0
20210308 153700;8.536220;8.536620;8.535820;8.536120;0
20210308 153800;8.536020;8.536420;8.535210;8.535580;0
20210308 153900;8.535630;8.536520;8.535230;8.536520;0
20210308 154000;8.536520;8.537550;8.536190;8.537550;0
20210308 154100;8.537920;8.538120;8.535280;8.535300;0
20210308 154200;8.535220;8.535300;8.534910;8.535300;0
20210308 154300;8.535160;8.535170;8.530480;8.530920;0
20210308 154400;8.531180;8.534940;8.531180;8.533890;0
20210308 154500;8.533770;8.535730;8.533350;8.535600;0
20210308 154600;8.535610;8.535610;8.534760;8.534760;0
20210308 154700;8.534910;8.535210;8.534910;8.535000;0
20210308 154800;8.534950;8.534950;8.534640;8.534640;0
20210308 154900;8.534840;8.534890;8.534820;8.534820;0
20210308 155000;8.534660;8.535210;8.534440;8.535210;0
20210308 155100;8.535240;8.535950;8.535240;8.535950;0
20210308 155200;8.536200;8.536370;8.536090;8.536360;0
20210308 155300;8.536200;8.537360;8.536200;8.537330;0
20210308 155400;8.537120;8.537120;8.536180;8.536270;0
20210308 155500;8.536480;8.546640;8.536480;8.546640;0
20210308 155600;8.546270;8.546270;8.538220;8.540820;0
20210308 155700;8.540820;8.544520;8.538660;8.541830;0
20210308 155800;8.542010;8.546010;8.538670;8.541820;0
20210308 155900;8.541740;8.543000;8.541070;8.542620;0
20210308 160000;8.542570;8.547310;8.540220;8.544000;0
20210308 160100;8.543910;8.545280;8.542830;8.545280;0
20210308 160200;8.545290;8.547120;8.545200;8.546340;0
20210308 160300;8.546460;8.546680;8.540400;8.540710;0
20210308 160400;8.540590;8.540830;8.539940;8.540830;0
20210308 160500;8.540730;8.540920;8.539690;8.540110;0
20210308 160600;8.540150;8.541130;8.540150;8.540820;0
20210308 160700;8.540550;8.540920;8.539990;8.540210;0
20210308 160800;8.540230;8.542860;8.538330;8.542170;0
20210308 160900;8.542430;8.543460;8.540210;8.540220;0
20210308 161000;8.540250;8.540530;8.539840;8.540430;0
20210308 161100;8.540520;8.540730;8.540410;8.540520;0
20210308 161200;8.540420;8.541020;8.539920;8.539920;0
20210308 161300;8.540060;8.540110;8.539620;8.539930;0
20210308 161400;8.539770;8.539770;8.539240;8.539450;0
20210308 161500;8.539590;8.540520;8.539360;8.540520;0
20210308 161600;8.540320;8.540320;8.539320;8.539570;0
20210308 161700;8.539430;8.543530;8.539430;8.543150;0
20210308 161800;8.543150;8.543150;8.543080;8.543150;0
20210308 161900;8.543150;8.543150;8.542450;8.542450;0
20210308 162000;8.542460;8.543560;8.542450;8.543560;0
20210308 162100;8.543560;8.543570;8.537860;8.542510;0
20210308 162200;8.542510;8.543680;8.541040;8.542130;0
20210308 162300;8.542130;8.544230;8.541080;8.542700;0
20210308 162400;8.542910;8.544060;8.541930;8.542790;0
20210308 162500;8.542860;8.543450;8.542160;8.543430;0
20210308 162600;8.543510;8.543790;8.543270;8.543670;0
20210308 162700;8.543590;8.543590;8.542810;8.543150;0
20210308 162800;8.543130;8.543300;8.542790;8.543060;0
20210308 162900;8.542920;8.543920;8.542880;8.543790;0
20210308 163000;8.544190;8.544200;8.544190;8.544190;0
20210308 163100;8.544190;8.544270;8.542480;8.543450;0
20210308 163200;8.543450;8.543600;8.542840;8.543200;0
20210308 163300;8.543200;8.543520;8.542530;8.543520;0
20210308 163400;8.543520;8.543520;8.543140;8.543140;0
20210308 163500;8.543230;8.543370;8.536220;8.539840;0
20210308 163600;8.539730;8.541510;8.538690;8.539910;0
20210308 163700;8.539910;8.540150;8.538710;8.539820;0
20210308 163800;8.539860;8.539960;8.538710;8.538860;0
20210308 163900;8.538920;8.539630;8.538750;8.539630;0
20210308 164000;8.539520;8.539620;8.534960;8.536510;0
20210308 164100;8.536520;8.539120;8.535910;8.535940;0
20210308 164200;8.535950;8.538220;8.535120;8.536370;0
20210308 164300;8.536200;8.538890;8.535380;8.536620;0
20210308 164400;8.536520;8.538360;8.533470;8.536580;0
20210308 164500;8.536580;8.539730;8.533090;8.537080;0
20210308 164600;8.536820;8.538590;8.532230;8.536980;0
20210308 164700;8.536980;8.538580;8.530920;8.536760;0
20210308 164800;8.536760;8.538680;8.531330;8.536380;0
20210308 164900;8.536380;8.540390;8.534030;8.540390;0
20210308 165000;8.540280;8.541790;8.540020;8.540920;0
20210308 165100;8.540420;8.540880;8.535380;8.538360;0
20210308 165200;8.538330;8.540930;8.535240;8.539190;0
20210308 165300;8.537980;8.539720;8.530730;8.537480;0
20210308 165400;8.537730;8.539390;8.531520;8.537880;0
20210308 165500;8.537880;8.537980;8.530060;8.532610;0
20210308 165600;8.533100;8.537890;8.530230;8.530840;0
20210308 165700;8.531060;8.533300;8.529920;8.533300;0
20210308 165800;8.533080;8.533080;8.533080;8.533080;0
20210308 165900;8.533360;8.533360;8.532620;8.532890;0
20210308 171000;8.511060;8.511980;8.511060;8.511980;0
20210308 171200;8.512730;8.512730;8.512560;8.512690;0
20210308 171300;8.511920;8.512600;8.511920;8.512600;0
20210308 171500;8.511840;8.511840;8.511840;8.511840;0
20210308 171600;8.512650;8.513190;8.512650;8.513190;0
20210308 171700;8.512580;8.513370;8.512580;8.513370;0
20210308 171900;8.512240;8.512900;8.512240;8.512900;0
20210308 172100;8.512890;8.513760;8.512890;8.513400;0
20210308 172200;8.513320;8.514790;8.513320;8.514790;0
20210308 172300;8.514790;8.514790;8.514790;8.514790;0
20210308 172700;8.515040;8.515040;8.515040;8.515040;0
20210308 172800;8.515230;8.515400;8.515230;8.515400;0
20210308 172900;8.515400;8.515400;8.515400;8.515400;0
20210308 173000;8.515670;8.515670;8.514740;8.514740;0
20210308 173200;8.514740;8.514740;8.514730;8.514730;0
20210308 173300;8.514730;8.514830;8.514730;8.514830;0
20210308 173500;8.514890;8.514930;8.514780;8.514780;0
20210308 173600;8.515650;8.517820;8.515650;8.517430;0
20210308 173700;8.517330;8.517330;8.517230;8.517230;0
20210308 173800;8.517420;8.517420;8.517420;8.517420;0
20210308 173900;8.517420;8.517430;8.517220;8.517220;0
20210308 174000;8.517420;8.517820;8.517420;8.517820;0
20210308 174100;8.517720;8.517820;8.517720;8.517820;0
20210308 174400;8.517620;8.517730;8.517620;8.517730;0
20210308 174500;8.517720;8.517730;8.517720;8.517730;0
20210308 174600;8.517520;8.517530;8.517220;8.517230;0
20210308 174700;8.517320;8.517320;8.517320;8.517320;0
20210308 174900;8.517430;8.517430;8.517430;8.517430;0
20210308 175000;8.517520;8.517520;8.517520;8.517520;0
20210308 175100;8.517620;8.517620;8.517320;8.517330;0
20210308 175200;8.517520;8.517520;8.517220;8.517220;0
20210308 175500;8.517120;8.517120;8.517120;8.517120;0
20210308 175600;8.517030;8.517130;8.517030;8.517130;0
20210308 175900;8.517020;8.517020;8.516720;8.516720;0
20210308 180000;8.516830;8.520940;8.514420;8.520920;0
20210308 180100;8.521230;8.533660;8.521220;8.531520;0
20210308 180200;8.530920;8.531120;8.529830;8.531030;0
20210308 180300;8.531030;8.531420;8.530320;8.531130;0
20210308 180400;8.531130;8.532720;8.530750;8.532120;0
20210308 180500;8.532230;8.532230;8.531820;8.531920;0
20210308 180600;8.531820;8.532630;8.531820;8.532620;0
20210308 180700;8.532330;8.533420;8.532320;8.533420;0
20210308 180800;8.533020;8.533130;8.533020;8.533130;0
20210308 180900;8.533520;8.533830;8.533020;8.533120;0
20210308 181000;8.533020;8.534350;8.532030;8.532120;0
20210308 181100;8.532030;8.533070;8.531130;8.531920;0
20210308 181200;8.531820;8.533310;8.530720;8.530970;0
20210308 181300;8.531220;8.533140;8.531220;8.533130;0
20210308 181400;8.532730;8.533740;8.531870;8.532000;0
20210308 181500;8.532060;8.532850;8.530020;8.532070;0
20210308 181600;8.532790;8.532840;8.530450;8.531260;0
20210308 181700;8.531260;8.533010;8.531260;8.532350;0
20210308 181800;8.532340;8.533790;8.530980;8.531800;0
20210308 181900;8.531800;8.533270;8.531440;8.532320;0
20210308 182000;8.531990;8.533580;8.531270;8.532720;0
20210308 182100;8.532780;8.534280;8.531330;8.533120;0
20210308 182200;8.533230;8.533920;8.533220;8.533220;0
20210308 182300;8.533220;8.534440;8.532690;8.533850;0
20210308 182400;8.533510;8.534630;8.532820;8.533520;0
20210308 182500;8.533720;8.534620;8.533520;8.533930;0
20210308 182600;8.533820;8.533870;8.532680;8.533560;0
20210308 182700;8.533530;8.534950;8.532960;8.533180;0
20210308 182800;8.532890;8.536330;8.531820;8.535650;0
20210308 182900;8.535650;8.536850;8.531870;8.533160;0
20210308 183000;8.533030;8.534690;8.532020;8.532220;0
20210308 183100;8.532120;8.533600;8.532020;8.533460;0
20210308 183200;8.533490;8.534410;8.532820;8.533710;0
20210308 183300;8.533770;8.533930;8.532000;8.532520;0
20210308 183400;8.532400;8.533110;8.531840;8.532960;0
20210308 183500;8.532060;8.533830;8.532060;8.533470;0
20210308 183600;8.532940;8.533160;8.532120;8.532700;0
20210308 183700;8.532630;8.533080;8.532630;8.532930;0
20210308 183800;8.533430;8.533890;8.532660;8.533890;0
20210308 183900;8.534450;8.534450;8.532850;8.533050;0
20210308 184000;8.532990;8.533830;8.532890;8.533010;0
20210308 184100;8.532960;8.534060;8.531310;8.533410;0
20210308 184200;8.533340;8.534140;8.532850;8.533480;0
20210308 184300;8.533430;8.534470;8.531820;8.532550;0
20210308 184400;8.533040;8.534460;8.532690;8.533700;0
20210308 184500;8.533770;8.534730;8.532220;8.533320;0
20210308 184600;8.533360;8.533600;8.530920;8.533550;0
20210308 184700;8.532910;8.533970;8.531620;8.531620;0
20210308 184800;8.531710;8.533240;8.531700;8.532540;0
20210308 184900;8.532010;8.533290;8.531740;8.532170;0
20210308 185000;8.532020;8.533070;8.531550;8.531550;0
20210308 185100;8.531590;8.533440;8.531320;8.532340;0
20210308 185200;8.532390;8.533510;8.531460;8.532700;0
20210308 185300;8.532760;8.533000;8.531880;8.531880;0
20210308 185400;8.531820;8.533850;8.531780;8.533640;0
20210308 185500;8.533130;8.533860;8.531450;8.531600;0
20210308 185600;8.532470;8.532740;8.531020;8.531420;0
20210308 185700;8.531750;8.537190;8.530890;8.531820;0
20210308 185800;8.531920;8.533520;8.531920;8.533520;0
20210308 185900;8.533420;8.535920;8.532420;8.532420;0
20210308 190000;8.532320;8.532790;8.529720;8.531460;0
20210308 190100;8.531460;8.533220;8.531320;8.532450;0
20210308 190200;8.532450;8.535550;8.532210;8.534050;0
20210308 190300;8.534050;8.534830;8.533520;8.534830;0
20210308 190400;8.534870;8.535310;8.534450;8.535240;0
20210308 190500;8.535300;8.536780;8.534920;8.535970;0
20210308 190600;8.535920;8.537620;8.535620;8.536320;0
20210308 190700;8.536250;8.536720;8.534230;8.535750;0
20210308 190800;8.535790;8.536620;8.534390;8.535630;0
20210308 190900;8.535630;8.537550;8.534950;8.537550;0
20210308 191000;8.537640;8.537650;8.536130;8.536130;0
20210308 191100;8.536080;8.539820;8.535420;8.536130;0
20210308 191200;8.536090;8.538530;8.536090;8.538330;0
20210308 191300;8.538330;8.555930;8.523920;8.531330;0
20210308 191400;8.531040;8.531040;8.513480;8.515720;0
20210308 191500;8.514920;8.527150;8.513840;8.526330;0
20210308 191600;8.525720;8.529020;8.525650;8.527720;0
20210308 191700;8.527620;8.530020;8.527030;8.529230;0
20210308 191800;8.529320;8.530960;8.527960;8.529620;0
20210308 191900;8.529820;8.536620;8.529520;8.530220;0
20210308 192000;8.530420;8.531930;8.529820;8.530910;0
20210308 192100;8.530860;8.531290;8.530330;8.530580;0
20210308 192200;8.530380;8.531390;8.530300;8.531130;0
20210308 192300;8.531140;8.533020;8.530670;8.532660;0
20210308 192400;8.532700;8.538120;8.532700;8.534430;0
20210308 192500;8.534420;8.534520;8.531950;8.532220;0
20210308 192600;8.532220;8.536460;8.531920;8.534510;0
20210308 192700;8.534560;8.536250;8.534560;8.535070;0
20210308 192800;8.535180;8.535960;8.534790;8.535810;0
20210308 192900;8.535860;8.539390;8.534320;8.535370;0
20210308 193000;8.535320;8.535720;8.534690;8.535260;0
20210308 193100;8.535310;8.538160;8.534440;8.535940;0
20210308 193200;8.535900;8.543650;8.535560;8.541850;0
20210308 193300;8.541860;8.544720;8.541850;8.541850;0
20210308 193400;8.541840;8.541840;8.538620;8.538860;0
20210308 193500;8.538860;8.539760;8.537950;8.539490;0
20210308 193600;8.539500;8.539810;8.538270;8.538550;0
20210308 193700;8.538520;8.539120;8.537450;8.537930;0
20210308 193800;8.537860;8.539420;8.537500;8.538760;0
20210308 193900;8.539060;8.539850;8.537320;8.537490;0
20210308 194000;8.537440;8.541920;8.536870;8.541230;0
20210308 194100;8.541220;8.541320;8.538710;8.540090;0
20210308 194200;8.539990;8.540410;8.539080;8.540330;0
20210308 194300;8.540320;8.540880;8.539320;8.539870;0
20210308 194400;8.539870;8.539930;8.537510;8.538270;0
20210308 194500;8.538420;8.538510;8.537610;8.537760;0
20210308 194600;8.537850;8.538000;8.536750;8.537070;0
20210308 194700;8.537070;8.537570;8.536710;8.537070;0
20210308 194800;8.537070;8.537990;8.536910;8.537360;0
20210308 194900;8.537350;8.538420;8.537160;8.537740;0
20210308 195000;8.537790;8.538520;8.536860;8.537920;0
20210308 195100;8.537660;8.538050;8.536070;8.537430;0
20210308 195200;8.537620;8.537620;8.535710;8.536320;0
20210308 195300;8.536280;8.538620;8.536270;8.538620;0
20210308 195400;8.538720;8.538730;8.535190;8.535940;0
20210308 195500;8.535750;8.538190;8.535750;8.537970;0
20210308 195600;8.537910;8.538340;8.537350;8.537810;0
20210308 195700;8.537800;8.538060;8.536960;8.537110;0
20210308 195800;8.537140;8.537950;8.537140;8.537140;0
20210308 195900;8.537080;8.537410;8.536610;8.537130;0
20210308 200000;8.537440;8.539920;8.537010;8.537390;0
20210308 200100;8.537350;8.537400;8.535970;8.536970;0
20210308 200200;8.536930;8.536930;8.535090;8.535240;0
20210308 200300;8.535280;8.535930;8.535050;8.535340;0
20210308 200400;8.535150;8.535900;8.534500;8.534630;0
20210308 200500;8.534630;8.535100;8.531730;8.531820;0
20210308 200600;8.531820;8.532790;8.529600;8.530070;0
20210308 200700;8.530070;8.530410;8.520130;8.521900;0
20210308 200800;8.521890;8.527020;8.519160;8.526520;0
20210308 200900;8.524980;8.526100;8.519120;8.520020;0
20210308 201000;8.520320;8.526770;8.517750;8.519610;0
20210308 201100;8.519610;8.521220;8.517370;8.519320;0
20210308 201200;8.519220;8.521230;8.517320;8.520320;0
20210308 201300;8.520420;8.522550;8.519220;8.521420;0
20210308 201400;8.521520;8.522830;8.519350;8.522830;0
20210308 201500;8.522920;8.522920;8.520020;8.520910;0
20210308 201600;8.520420;8.524350;8.519910;8.520820;0
20210308 201700;8.520820;8.523520;8.520820;8.521920;0
20210308 201800;8.521850;8.525520;8.521420;8.523620;0
20210308 201900;8.523620;8.526450;8.522520;8.523090;0
20210308 202000;8.523040;8.527550;8.522700;8.523550;0
20210308 202100;8.524160;8.526220;8.523420;8.525230;0
20210308 202200;8.525530;8.528450;8.524470;8.524760;0
20210308 202300;8.524920;8.527620;8.524060;8.526720;0
20210308 202400;8.526920;8.528320;8.524140;8.525020;0
20210308 202500;8.525120;8.529030;8.524020;8.528820;0
20210308 202600;8.528920;8.529950;8.526420;8.527820;0
20210308 202700;8.527820;8.534330;8.527520;8.530620;0
20210308 202800;8.531060;8.534130;8.530020;8.532920;0
20210308 202900;8.533120;8.535620;8.532920;8.535420;0
20210308 203000;8.535120;8.535820;8.534090;8.535620;0
20210308 203100;8.535720;8.538820;8.532370;8.534530;0
20210308 203200;8.534420;8.538340;8.531920;8.533920;0
20210308 203300;8.533970;8.536620;8.533910;8.534160;0
20210308 203400;8.534270;8.539630;8.534270;8.538930;0
20210308 203500;8.538920;8.541820;8.538120;8.540110;0
20210308 203600;8.540150;8.540530;8.536830;8.537700;0
20210308 203700;8.537770;8.539300;8.534400;8.534400;0
20210308 203800;8.534400;8.539080;8.534400;8.537260;0
20210308 203900;8.538030;8.540570;8.537320;8.540290;0
20210308 204000;8.540450;8.541180;8.536960;8.537090;0
20210308 204100;8.537020;8.541640;8.535560;8.536990;0
20210308 204200;8.537510;8.538920;8.536550;8.538120;0
20210308 204300;8.538120;8.540260;8.537330;8.538110;0
20210308 204400;8.538110;8.541430;8.538110;8.541110;0
20210308 204500;8.541160;8.541730;8.538860;8.540230;0
20210308 204600;8.540270;8.546150;8.537080;8.541420;0
20210308 204700;8.541320;8.547940;8.540720;8.545040;0
20210308 204800;8.545040;8.545440;8.542520;8.544070;0
20210308 204900;8.544060;8.545530;8.542710;8.544470;0
20210308 205000;8.544470;8.545430;8.543220;8.544730;0
20210308 205100;8.544730;8.546320;8.543920;8.545220;0
20210308 205200;8.545030;8.545430;8.543920;8.544220;0
20210308 205300;8.544230;8.544820;8.543920;8.544810;0
20210308 205400;8.544810;8.544890;8.543300;8.543300;0
20210308 205500;8.543310;8.545420;8.542850;8.545120;0
20210308 205600;8.545120;8.545500;8.543380;8.544690;0
20210308 205700;8.544690;8.545160;8.543360;8.544840;0
20210308 205800;8.544650;8.546670;8.543070;8.543360;0
20210308 205900;8.543470;8.545320;8.543420;8.544370;0
20210308 210000;8.543900;8.545520;8.543560;8.545000;0
20210308 210100;8.545000;8.545370;8.543350;8.544660;0
20210308 210200;8.544940;8.545030;8.542310;8.543840;0
20210308 210300;8.543710;8.544040;8.541940;8.542690;0
20210308 210400;8.542740;8.542740;8.537820;8.538930;0
20210308 210500;8.538980;8.542720;8.537820;8.540680;0
20210308 210600;8.540690;8.540730;8.533920;8.533970;0
20210308 210700;8.534020;8.539350;8.533520;8.536020;0
20210308 210800;8.536200;8.536650;8.533850;8.534730;0
20210308 210900;8.534730;8.535720;8.533940;8.534360;0
20210308 211000;8.534440;8.534440;8.531140;8.532920;0
20210308 211100;8.532960;8.533490;8.530510;8.530850;0
20210308 211200;8.530850;8.533030;8.529870;8.530680;0
20210308 211300;8.530680;8.533140;8.529870;8.532740;0
20210308 211400;8.532750;8.533870;8.531490;8.532680;0
20210308 211500;8.532670;8.533320;8.531010;8.531450;0
20210308 211600;8.531520;8.532330;8.529990;8.530830;0
20210308 211700;8.531520;8.531730;8.530130;8.530870;0
20210308 211800;8.530850;8.531430;8.529520;8.530310;0
20210308 211900;8.530520;8.530760;8.527730;8.528100;0
20210308 212000;8.528220;8.530620;8.528210;8.528600;0
20210308 212100;8.528640;8.529640;8.527590;8.528420;0
20210308 212200;8.528460;8.530650;8.528320;8.530220;0
20210308 212300;8.530120;8.532220;8.530020;8.530470;0
20210308 212400;8.530510;8.531920;8.529630;8.529630;0
20210308 212500;8.529770;8.530830;8.529190;8.529680;0
20210308 212600;8.529690;8.532360;8.526980;8.532360;0
20210308 212700;8.532360;8.532870;8.531480;8.531720;0
20210308 212800;8.531720;8.532750;8.531380;8.532560;0
20210308 212900;8.532530;8.533110;8.528500;8.528810;0
20210308 213000;8.528660;8.530840;8.528220;8.530190;0
20210308 213100;8.530110;8.531730;8.529030;8.530900;0
20210308 213200;8.530640;8.532680;8.530620;8.532490;0
20210308 213300;8.532820;8.534470;8.531870;8.533890;0
20210308 213400;8.533750;8.534610;8.531550;8.532950;0
20210308 213500;8.532920;8.532920;8.530730;8.530920;0
20210308 213600;8.530870;8.532830;8.530240;8.532640;0
20210308 213700;8.532590;8.533530;8.530530;8.533420;0
20210308 213800;8.533320;8.535760;8.533110;8.534670;0
20210308 213900;8.534970;8.535350;8.531620;8.533720;0
20210308 214000;8.533820;8.535830;8.532930;8.534980;0
20210308 214100;8.535230;8.536790;8.534420;8.536490;0
20210308 214200;8.536510;8.536950;8.533430;8.534920;0
20210308 214300;8.534960;8.535740;8.533070;8.533960;0
20210308 214400;8.533900;8.535540;8.530330;8.532630;0
20210308 214500;8.532810;8.533600;8.529720;8.533000;0
20210308 214600;8.532990;8.533860;8.530890;8.532250;0
20210308 214700;8.532280;8.533560;8.531800;8.532980;0
20210308 214800;8.533130;8.534150;8.531440;8.533790;0
20210308 214900;8.533570;8.533570;8.530130;8.531670;0
20210308 215000;8.531290;8.532220;8.528120;8.528940;0
20210308 215100;8.529600;8.532200;8.529010;8.531830;0
20210308 215200;8.531450;8.531460;8.527320;8.529350;0
20210308 215300;8.529390;8.531240;8.527490;8.527490;0
20210308 215400;8.527510;8.529720;8.526320;8.526900;0
20210308 215500;8.526890;8.527740;8.526430;8.526890;0
20210308 215600;8.526940;8.529560;8.525930;8.529070;0
20210308 215700;8.529070;8.530060;8.527690;8.529020;0
20210308 215800;8.529430;8.531120;8.529030;8.530540;0
20210308 215900;8.530630;8.530630;8.525730;8.528640;0
20210308 220000;8.528340;8.529110;8.527710;8.529010;0
20210308 220100;8.529050;8.529200;8.527320;8.529130;0
20210308 220200;8.529170;8.529540;8.520830;8.522330;0
20210308 220300;8.522420;8.522820;8.521380;8.522220;0
20210308 220400;8.521700;8.523920;8.521700;8.522630;0
20210308 220500;8.522720;8.523430;8.522280;8.522900;0
20210308 220600;8.522900;8.522900;8.521550;8.522500;0
20210308 220700;8.522360;8.522590;8.521550;8.522400;0
20210308 220800;8.522200;8.522210;8.521630;8.521800;0
20210308 220900;8.521820;8.521830;8.520480;8.520770;0
20210308 221000;8.520890;8.521290;8.520150;8.520940;0
20210308 221100;8.520880;8.521240;8.520150;8.521030;0
20210308 221200;8.521020;8.521210;8.519290;8.519620;0
20210308 221300;8.519570;8.519920;8.516100;8.516790;0
20210308 221400;8.516950;8.518000;8.515850;8.516450;0
20210308 221500;8.516440;8.517890;8.516440;8.516890;0
20210308 221600;8.516890;8.518210;8.516890;8.517550;0
20210308 221700;8.517540;8.517820;8.516540;8.517030;0
20210308 221800;8.517330;8.518580;8.516900;8.518000;0
20210308 221900;8.518180;8.518570;8.516980;8.516980;0
20210308 222000;8.517040;8.518610;8.516940;8.518610;0
20210308 222100;8.518490;8.519570;8.518100;8.518390;0
20210308 222200;8.518390;8.520080;8.518390;8.519490;0
20210308 222300;8.519490;8.520620;8.519010;8.520470;0
20210308 222400;8.520470;8.520750;8.518730;8.519250;0
20210308 222500;8.519250;8.520160;8.518860;8.519880;0
20210308 222600;8.519880;8.520270;8.519230;8.519420;0
20210308 222700;8.519470;8.522580;8.519420;8.522110;0
20210308 222800;8.522110;8.523080;8.520650;8.523080;0
20210308 222900;8.523060;8.523870;8.520570;8.520590;0
20210308 223000;8.520590;8.520990;8.518990;8.520210;0
20210308 223100;8.520160;8.523110;8.519830;8.523110;0
20210308 223200;8.523110;8.523370;8.522800;8.523220;0
20210308 223300;8.523220;8.523300;8.522690;8.522690;0
20210308 223400;8.522520;8.522880;8.518910;8.520720;0
20210308 223500;8.520720;8.520960;8.518410;8.518930;0
20210308 223600;8.518980;8.519500;8.518970;8.518980;0
20210308 223700;8.519110;8.519830;8.518550;8.519500;0
20210308 223800;8.519460;8.519460;8.516730;8.516740;0
20210308 223900;8.516780;8.517590;8.515080;8.515350;0
20210308 224000;8.515310;8.516330;8.514850;8.516080;0
20210308 224100;8.516190;8.516270;8.514350;8.514720;0
20210308 224200;8.514830;8.515300;8.513910;8.514460;0
20210308 224300;8.514510;8.514820;8.513190;8.514170;0
20210308 224400;8.514170;8.515120;8.513630;8.514850;0
20210308 224500;8.514810;8.515600;8.514720;8.515150;0
20210308 224600;8.515160;8.516560;8.514960;8.515920;0
20210308 224700;8.516320;8.516730;8.515080;8.516720;0
20210308 224800;8.516820;8.516820;8.514470;8.515220;0
20210308 224900;8.515290;8.516440;8.515030;8.516260;0
20210308 225000;8.516690;8.516770;8.515410;8.515410;0
20210308 225100;8.515360;8.517280;8.515310;8.516880;0
20210308 225200;8.517040;8.517590;8.515820;8.515820;0
20210308 225300;8.515810;8.515850;8.511860;8.512430;0
20210308 225400;8.512590;8.512990;8.511550;8.512160;0
20210308 225500;8.512120;8.512440;8.510050;8.510510;0
20210308 225600;8.510560;8.511740;8.509190;8.509840;0
20210308 225700;8.509840;8.510950;8.509760;8.510530;0
20210308 225800;8.510490;8.511050;8.510280;8.510690;0
20210308 225900;8.510680;8.512200;8.510680;8.511030;0
20210308 230000;8.510980;8.511320;8.510210;8.510510;0
20210308 230100;8.510520;8.511130;8.508350;8.509220;0
20210308 230200;8.509220;8.512160;8.508600;8.509390;0
20210308 230300;8.509740;8.510050;8.508820;8.508820;0
20210308 230400;8.508780;8.509520;8.507360;8.509320;0
20210308 230500;8.508920;8.509530;8.508560;8.508870;0
20210308 230600;8.508800;8.510530;8.508760;8.510250;0
20210308 230700;8.510210;8.510900;8.509880;8.510580;0
20210308 230800;8.510530;8.511420;8.509900;8.511420;0
20210308 230900;8.511420;8.512270;8.510730;8.511960;0
20210308 231000;8.512020;8.512020;8.510910;8.511430;0
20210308 231100;8.511430;8.512340;8.511140;8.511970;0
20210308 231200;8.511970;8.513220;8.511950;8.513120;0
20210308 231300;8.513080;8.514020;8.512620;8.513880;0
20210308 231400;8.514200;8.514730;8.513190;8.514120;0
20210308 231500;8.514070;8.514080;8.513000;8.513420;0
20210308 231600;8.513530;8.514920;8.513050;8.514820;0
20210308 231700;8.514920;8.514920;8.513370;8.514530;0
20210308 231800;8.514430;8.514910;8.513760;8.514820;0
20210308 231900;8.514720;8.515370;8.514580;8.514720;0
20210308 232000;8.514720;8.515490;8.513260;8.513760;0
20210308 232100;8.513930;8.515050;8.513440;8.514760;0
20210308 232200;8.515090;8.515090;8.513870;8.513930;0
20210308 232300;8.513930;8.516020;8.513920;8.515920;0
20210308 232400;8.516020;8.517210;8.515820;8.516690;0
20210308 232500;8.516690;8.517630;8.516690;8.517630;0
20210308 232600;8.517720;8.518750;8.517520;8.518350;0
20210308 232700;8.518360;8.518360;8.517140;8.517420;0
20210308 232800;8.517420;8.517770;8.516850;8.517510;0
20210308 232900;8.517500;8.517970;8.516510;8.517500;0
20210308 233000;8.517510;8.517720;8.513990;8.515060;0
20210308 233100;8.515100;8.515520;8.514350;8.515370;0
20210308 233200;8.515370;8.515980;8.513530;8.513530;0
20210308 233300;8.513620;8.515670;8.513180;8.514370;0
20210308 233400;8.514430;8.515210;8.513560;8.513940;0
20210308 233500;8.514340;8.515230;8.513780;8.514690;0
20210308 233600;8.514590;8.515100;8.513800;8.514740;0
20210308 233700;8.514470;8.514960;8.513020;8.514270;0
20210308 233800;8.514200;8.515360;8.513550;8.514160;0
20210308 233900;8.514160;8.516560;8.514160;8.516200;0
20210308 234000;8.516240;8.516970;8.515050;8.515840;0
20210308 234100;8.515750;8.515750;8.514590;8.514600;0
20210308 234200;8.514980;8.516720;8.514540;8.516720;0
20210308 234300;8.516670;8.516800;8.515950;8.516730;0
20210308 234400;8.516880;8.517360;8.516120;8.516880;0
20210308 234500;8.516830;8.517430;8.515920;8.517400;0
20210308 234600;8.517610;8.517840;8.516250;8.516710;0
20210308 234700;8.516180;8.516840;8.515720;8.516590;0
20210308 234800;8.516630;8.517840;8.515940;8.516150;0
20210308 234900;8.516210;8.516310;8.513760;8.515520;0
20210308 235000;8.515570;8.515810;8.514290;8.515370;0
20210308 235100;8.515330;8.515470;8.514580;8.515060;0
20210308 235200;8.515010;8.515080;8.514180;8.514710;0
20210308 235300;8.514660;8.515150;8.514350;8.514990;0
20210308 235400;8.514990;8.515620;8.514270;8.514440;0
20210308 235500;8.514270;8.515010;8.513990;8.514760;0
20210308 235600;8.514340;8.515220;8.513570;8.513600;0
20210308 235700;8.513560;8.515210;8.513460;8.514650;0
20210308 235800;8.514660;8.515350;8.514030;8.514820;0
20210308 235900;8.514820;8.515350;8.514690;8.515260;0
20210309 000000;8.515320;8.515320;8.513000;8.514140;0
20210309 000100;8.514090;8.514420;8.513680;8.514180;0
20210309 000200;8.513820;8.514660;8.513370;8.514050;0
20210309 000300;8.514090;8.514530;8.513480;8.513590;0
20210309 000400;8.513950;8.514310;8.513580;8.513810;0
20210309 000500;8.513860;8.514270;8.513630;8.513890;0
20210309 000600;8.513970;8.514500;8.513160;8.513460;0
20210309 000700;8.513470;8.514520;8.513400;8.514240;0
20210309 000800;8.514240;8.515230;8.513830;8.515230;0
20210309 000900;8.515190;8.515740;8.514970;8.515360;0
20210309 001000;8.515220;8.515920;8.515190;8.515550;0
20210309 001100;8.515510;8.515610;8.514870;8.514870;0
20210309 001200;8.514930;8.515730;8.514790;8.515470;0
20210309 001300;8.515470;8.515520;8.514100;8.514260;0
20210309 001400;8.514260;8.514560;8.513510;8.513620;0
20210309 001500;8.513620;8.514000;8.512940;8.513650;0
20210309 001600;8.513650;8.513900;8.512630;8.512820;0
20210309 001700;8.512820;8.513390;8.512500;8.512610;0
20210309 001800;8.512700;8.513520;8.512490;8.513310;0
20210309 001900;8.513300;8.514470;8.513250;8.513700;0
20210309 002000;8.513720;8.514520;8.513720;8.514420;0
20210309 002100;8.514380;8.514470;8.513840;8.514080;0
20210309 002200;8.514020;8.514490;8.514020;8.514460;0
20210309 002300;8.514460;8.514510;8.513000;8.513030;0
20210309 002400;8.513020;8.513870;8.512740;8.513610;0
20210309 002500;8.513500;8.513500;8.512430;8.513210;0
20210309 002600;8.513160;8.513160;8.511860;8.513060;0
20210309 002700;8.513110;8.513350;8.512370;8.512530;0
20210309 002800;8.512580;8.513120;8.511810;8.513090;0
20210309 002900;8.513120;8.513660;8.513120;8.513340;0
20210309 003000;8.513420;8.513850;8.511870;8.511870;0
20210309 003100;8.511810;8.513050;8.511630;8.512890;0
20210309 003200;8.512980;8.513380;8.512760;8.512770;0
20210309 003300;8.512710;8.513210;8.512640;8.513200;0
20210309 003400;8.513250;8.513540;8.512590;8.513530;0
20210309 003500;8.513580;8.515050;8.513540;8.515050;0
20210309 003600;8.515050;8.516350;8.514650;8.515950;0
20210309 003700;8.516150;8.516460;8.514720;8.515560;0
20210309 003800;8.515560;8.515760;8.514880;8.515250;0
20210309 003900;8.515260;8.515860;8.515090;8.515560;0
20210309 004000;8.515560;8.516650;8.515560;8.516650;0
20210309 004100;8.516360;8.516360;8.514850;8.514860;0
20210309 004200;8.514850;8.514870;8.513980;8.514150;0
20210309 004300;8.514600;8.515850;8.514220;8.515850;0
20210309 004400;8.515850;8.515860;8.514850;8.515350;0
20210309 004500;8.515300;8.515300;8.514390;8.514930;0
20210309 004600;8.515370;8.516850;8.515170;8.515170;0
20210309 004700;8.515170;8.515650;8.515100;8.515420;0
20210309 004800;8.515420;8.515910;8.514890;8.515650;0
20210309 004900;8.515860;8.516520;8.515650;8.515650;0
20210309 005000;8.515850;8.516820;8.514760;8.515550;0
20210309 005100;8.515450;8.515460;8.514550;8.515150;0
20210309 005200;8.515360;8.515550;8.514250;8.514370;0
20210309 005300;8.514370;8.514720;8.513740;8.514360;0
20210309 005400;8.514360;8.515350;8.514320;8.515050;0
20210309 005500;8.514960;8.515220;8.513520;8.513630;0
20210309 005600;8.513630;8.514430;8.513080;8.513700;0
20210309 005700;8.513660;8.514250;8.513550;8.514020;0
20210309 005800;8.514070;8.517850;8.514070;8.517360;0
20210309 005900;8.517350;8.517950;8.517050;8.517950;0
20210309 010000;8.517750;8.520950;8.517120;8.519750;0
20210309 010100;8.520060;8.520420;8.519220;8.519250;0
20210309 010200;8.519250;8.520320;8.519220;8.519380;0
20210309 010300;8.519430;8.520400;8.517750;8.517750;0
20210309 010400;8.517750;8.518030;8.516770;8.516880;0
20210309 010500;8.516810;8.518730;8.516810;8.517720;0
20210309 010600;8.517920;8.519020;8.517620;8.517720;0
20210309 010700;8.517820;8.518320;8.516410;8.516410;0
20210309 010800;8.516110;8.516530;8.515520;8.515840;0
20210309 010900;8.515890;8.516950;8.515130;8.515210;0
20210309 011000;8.515120;8.515170;8.513630;8.513630;0
20210309 011100;8.513700;8.514120;8.512250;8.513830;0
20210309 011200;8.513820;8.514920;8.513450;8.514720;0
20210309 011300;8.514720;8.514730;8.513420;8.513530;0
20210309 011400;8.513420;8.513420;8.512380;8.513130;0
20210309 011500;8.513220;8.513420;8.512390;8.513220;0
20210309 011600;8.513130;8.513130;8.512010;8.512090;0
20210309 011700;8.512020;8.512850;8.511740;8.512660;0
20210309 011800;8.512670;8.513820;8.512370;8.512950;0
20210309 011900;8.512580;8.513320;8.512460;8.512750;0
20210309 012000;8.512860;8.513420;8.511850;8.511850;0
20210309 012100;8.511930;8.512120;8.510930;8.510980;0
20210309 012200;8.510940;8.511340;8.510280;8.511060;0
20210309 012300;8.511020;8.511680;8.510230;8.511250;0
20210309 012400;8.511350;8.513350;8.511350;8.513150;0
20210309 012500;8.513150;8.513650;8.512450;8.512620;0
20210309 012600;8.513720;8.514830;8.513450;8.514830;0
20210309 012700;8.514920;8.515570;8.513750;8.513750;0
20210309 012800;8.513650;8.515740;8.513650;8.515680;0
20210309 012900;8.515660;8.516420;8.515540;8.516250;0
20210309 013000;8.516380;8.517620;8.515090;8.515460;0
20210309 013100;8.515460;8.516360;8.514400;8.514400;0
20210309 013200;8.513980;8.513980;8.513000;8.513100;0
20210309 013300;8.512900;8.513620;8.511820;8.512650;0
20210309 013400;8.512550;8.514420;8.512350;8.513350;0
20210309 013500;8.513550;8.513550;8.511550;8.511650;0
20210309 013600;8.511560;8.512120;8.511150;8.511620;0
20210309 013700;8.511850;8.513820;8.511740;8.512040;0
20210309 013800;8.512150;8.513330;8.511900;8.512760;0
20210309 013900;8.512760;8.513120;8.512020;8.512930;0
20210309 014000;8.512850;8.514470;8.512050;8.514470;0
20210309 014100;8.514540;8.515180;8.514540;8.515120;0
20210309 014200;8.515110;8.515660;8.514900;8.515550;0
20210309 014300;8.515550;8.515660;8.515410;8.515620;0
20210309 014400;8.515720;8.516920;8.515550;8.516510;0
20210309 014500;8.516680;8.519990;8.516600;8.519550;0
20210309 014600;8.519540;8.520200;8.519530;8.519690;0
20210309 014700;8.519680;8.520180;8.519100;8.519790;0
20210309 014800;8.519780;8.523360;8.519310;8.522680;0
20210309 014900;8.522750;8.524550;8.522450;8.524450;0
20210309 015000;8.524750;8.525760;8.524550;8.525760;0
20210309 015100;8.525750;8.526250;8.524790;8.525830;0
20210309 015200;8.525820;8.527050;8.525440;8.526710;0
20210309 015300;8.526950;8.527150;8.525750;8.526060;0
20210309 015400;8.526020;8.526570;8.525480;8.526240;0
20210309 015500;8.525960;8.526060;8.525040;8.525450;0
20210309 015600;8.525450;8.525950;8.524680;8.524750;0
20210309 015700;8.524750;8.525920;8.524530;8.525630;0
20210309 015800;8.525620;8.526740;8.523770;8.526280;0
20210309 015900;8.526280;8.527840;8.525740;8.525910;0
20210309 020000;8.526470;8.527430;8.525750;8.527410;0
20210309 020100;8.527790;8.528120;8.526860;8.528020;0
20210309 020200;8.528420;8.534520;8.528420;8.533830;0
20210309 020300;8.533900;8.537880;8.533150;8.533340;0
20210309 020400;8.533270;8.536160;8.533270;8.534530;0
20210309 020500;8.534680;8.534760;8.531640;8.532680;0
20210309 020600;8.532470;8.532490;8.528770;8.529060;0
20210309 020700;8.529050;8.533100;8.528980;8.533100;0
20210309 020800;8.533070;8.534860;8.533070;8.534220;0
20210309 020900;8.534000;8.536390;8.532810;8.533870;0
20210309 021000;8.534020;8.536220;8.533250;8.533340;0
20210309 021100;8.533340;8.533880;8.532740;8.533490;0
20210309 021200;8.533480;8.533560;8.527780;8.527780;0
20210309 021300;8.527780;8.529470;8.527480;8.529470;0
20210309 021400;8.529470;8.529800;8.527740;8.528010;0
20210309 021500;8.527780;8.527910;8.524380;8.524380;0
20210309 021600;8.524380;8.525400;8.522620;8.522760;0
20210309 021700;8.522980;8.523920;8.521920;8.522930;0
20210309 021800;8.522810;8.522960;8.518610;8.518960;0
20210309 021900;8.518960;8.519930;8.516790;8.519270;0
20210309 022000;8.519270;8.520700;8.518950;8.519770;0
20210309 022100;8.519770;8.521050;8.518950;8.519730;0
20210309 022200;8.519730;8.519850;8.513150;8.515010;0
20210309 022300;8.515050;8.519720;8.515010;8.519030;0
20210309 022400;8.518810;8.518840;8.517110;8.517690;0
20210309 022500;8.517690;8.518240;8.514250;8.514420;0
20210309 022600;8.514320;8.518130;8.514320;8.517460;0
20210309 022700;8.517560;8.520520;8.517560;8.520090;0
20210309 022800;8.520310;8.520390;8.516810;8.516880;0
20210309 022900;8.516870;8.517010;8.514960;8.515300;0
20210309 023000;8.515400;8.516200;8.512910;8.512920;0
20210309 023100;8.512960;8.512960;8.509100;8.509470;0
20210309 023200;8.509480;8.509710;8.507020;8.507090;0
20210309 023300;8.507190;8.510030;8.507150;8.509980;0
20210309 023400;8.509980;8.510920;8.509760;8.510530;0
20210309 023500;8.510440;8.514520;8.510130;8.512820;0
20210309 023600;8.512820;8.514760;8.511720;8.512040;0
20210309 023700;8.512040;8.513270;8.510490;8.511150;0
20210309 023800;8.511150;8.511440;8.507690;8.508680;0
20210309 023900;8.508840;8.509830;8.508730;8.509120;0
20210309 024000;8.509220;8.512840;8.509220;8.510440;0
20210309 024100;8.510550;8.511520;8.510510;8.510720;0
20210309 024200;8.510580;8.510970;8.508010;8.510490;0
20210309 024300;8.510500;8.510500;8.508800;8.509180;0
20210309 024400;8.509240;8.512930;8.507380;8.512480;0
20210309 024500;8.512480;8.516170;8.512480;8.513990;0
20210309 024600;8.513990;8.514460;8.512620;8.514290;0
20210309 024700;8.514290;8.515710;8.513290;8.513460;0
20210309 024800;8.513600;8.513750;8.510600;8.511530;0
20210309 024900;8.511390;8.511830;8.506630;8.506930;0
20210309 025000;8.506930;8.506930;8.499980;8.500020;0
20210309 025100;8.500010;8.501620;8.500010;8.501090;0
20210309 025200;8.501040;8.501040;8.490860;8.491280;0
20210309 025300;8.491290;8.497020;8.491290;8.496760;0
20210309 025400;8.496610;8.500790;8.496200;8.499790;0
20210309 025500;8.499790;8.500530;8.497130;8.497150;0
20210309 025600;8.497050;8.501270;8.496730;8.499160;0
20210309 025700;8.499190;8.501180;8.498420;8.500760;0
20210309 025800;8.500750;8.501400;8.497790;8.499270;0
20210309 025900;8.499210;8.502790;8.498980;8.501950;0
20210309 030000;8.501730;8.510410;8.501190;8.507910;0
20210309 030100;8.507860;8.507880;8.503800;8.506720;0
20210309 030200;8.506720;8.509380;8.505060;8.505660;0
20210309 030300;8.505710;8.505710;8.501380;8.501540;0
20210309 030400;8.501820;8.506860;8.501820;8.506500;0
20210309 030500;8.506590;8.507150;8.505550;8.506130;0
20210309 030600;8.506130;8.506150;8.502770;8.506150;0
20210309 030700;8.505570;8.505990;8.501220;8.501320;0
20210309 030800;8.501350;8.501350;8.497650;8.499880;0
20210309 030900;8.500030;8.502940;8.499760;8.500500;0
20210309 031000;8.500500;8.503140;8.498870;8.501230;0
20210309 031100;8.501230;8.504850;8.501230;8.504710;0
20210309 031200;8.504710;8.506200;8.503990;8.506120;0
20210309 031300;8.506120;8.506130;8.504590;8.504920;0
20210309 031400;8.505090;8.505120;8.501580;8.501760;0
20210309 031500;8.501820;8.508520;8.501820;8.507780;0
20210309 031600;8.507500;8.507500;8.499550;8.499880;0
20210309 031700;8.500070;8.504230;8.499550;8.503160;0
20210309 031800;8.503070;8.507300;8.500990;8.505690;0
20210309 031900;8.505600;8.505600;8.502610;8.502640;0
20210309 032000;8.502700;8.505480;8.500420;8.505140;0
20210309 032100;8.505140;8.507130;8.504000;8.506530;0
20210309 032200;8.506530;8.508930;8.505720;8.507100;0
20210309 032300;8.507000;8.507000;8.502880;8.503240;0
20210309 032400;8.503230;8.504600;8.500630;8.500910;0
20210309 032500;8.500850;8.500850;8.498060;8.499430;0
20210309 032600;8.499580;8.503130;8.498430;8.498430;0
20210309 032700;8.498390;8.498610;8.495180;8.496570;0
20210309 032800;8.496570;8.500580;8.496320;8.500230;0
20210309 032900;8.499970;8.499970;8.496500;8.496920;0
20210309 033000;8.496830;8.497780;8.493620;8.493620;0
20210309 033100;8.493730;8.494980;8.492700;8.493550;0
20210309 033200;8.493470;8.493480;8.489860;8.491610;0
20210309 033300;8.491590;8.491790;8.489390;8.489450;0
20210309 033400;8.489260;8.490420;8.484940;8.487120;0
20210309 033500;8.487220;8.491990;8.487220;8.490690;0
20210309 033600;8.490690;8.495950;8.490690;8.493330;0
20210309 033700;8.493120;8.496970;8.493120;8.494350;0
20210309 033800;8.494350;8.496240;8.493850;8.495700;0
20210309 033900;8.495780;8.496010;8.492820;8.495880;0
20210309 034000;8.495810;8.495810;8.489620;8.493520;0
20210309 034100;8.493510;8.497880;8.491970;8.497550;0
20210309 034200;8.497560;8.497560;8.494850;8.496750;0
20210309 034300;8.496880;8.497810;8.492520;8.494960;0
20210309 034400;8.494960;8.498430;8.494630;8.498430;0
20210309 034500;8.498400;8.500600;8.496790;8.497910;0
20210309 034600;8.497950;8.497950;8.495020;8.495260;0
20210309 034700;8.495190;8.495190;8.493410;8.493630;0
20210309 034800;8.493710;8.496290;8.492650;8.495760;0
20210309 034900;8.495760;8.496020;8.488220;8.489630;0
20210309 035000;8.489850;8.491380;8.489570;8.491170;0
20210309 035100;8.491160;8.492330;8.490620;8.490620;0
20210309 035200;8.490620;8.492000;8.488950;8.489080;0
20210309 035300;8.489200;8.489390;8.486810;8.487370;0
20210309 035400;8.487190;8.492500;8.487190;8.492260;0
20210309 035500;8.492340;8.492830;8.488760;8.489920;0
20210309 035600;8.489660;8.489660;8.486470;8.487200;0
20210309 035700;8.487190;8.488670;8.485700;8.486410;0
20210309 035800;8.486400;8.486480;8.484170;8.484300;0
20210309 035900;8.484150;8.491990;8.484150;8.488670;0
20210309 040000;8.489130;8.491010;8.483620;8.485320;0
20210309 040100;8.485110;8.485600;8.484060;8.484950;0
20210309 040200;8.485020;8.485600;8.483330;8.484380;0
20210309 040300;8.484010;8.484410;8.481560;8.482800;0
20210309 040400;8.482800;8.483420;8.481570;8.482460;0
20210309 040500;8.482440;8.483540;8.481640;8.482780;0
20210309 040600;8.482910;8.483620;8.482230;8.482450;0
20210309 040700;8.482230;8.484260;8.481400;8.484130;0
20210309 040800;8.484120;8.487720;8.484120;8.486430;0
20210309 040900;8.486420;8.486680;8.484350;8.485440;0
20210309 041000;8.485450;8.485450;8.481760;8.481760;0
20210309 041100;8.481800;8.482850;8.481340;8.481740;0
20210309 041200;8.481870;8.484580;8.481660;8.481660;0
20210309 041300;8.481660;8.481660;8.477420;8.477420;0
20210309 041400;8.477480;8.479320;8.473700;8.475590;0
20210309 041500;8.475590;8.477010;8.472970;8.474380;0
20210309 041600;8.474460;8.477110;8.473890;8.477110;0
20210309 041700;8.477110;8.479740;8.476850;8.479730;0
20210309 041800;8.479740;8.484380;8.479740;8.483870;0
20210309 041900;8.483870;8.485560;8.483340;8.484550;0
20210309 042000;8.484550;8.484780;8.481900;8.481900;0
20210309 042100;8.481900;8.481900;8.477280;8.481810;0
20210309 042200;8.481820;8.486250;8.481520;8.482430;0
20210309 042300;8.482440;8.488460;8.482430;8.483520;0
20210309 042400;8.483620;8.485630;8.482480;8.484790;0
20210309 042500;8.484580;8.485070;8.483350;8.484390;0
20210309 042600;8.484390;8.485990;8.482720;8.485160;0
20210309 042700;8.485370;8.486360;8.484020;8.484540;0
20210309 042800;8.484370;8.487020;8.483370;8.486820;0
20210309 042900;8.486820;8.487090;8.485380;8.485500;0
20210309 043000;8.485500;8.486630;8.484570;8.485680;0
20210309 043100;8.485450;8.485450;8.480150;8.480370;0
20210309 043200;8.480580;8.480580;8.478800;8.479490;0
20210309 043300;8.479370;8.482540;8.479210;8.482540;0
20210309 043400;8.482620;8.485130;8.481690;8.482390;0
20210309 043500;8.482390;8.483490;8.479040;8.479290;0
20210309 043600;8.479290;8.483280;8.479290;8.483200;0
20210309 043700;8.483260;8.483850;8.481840;8.482680;0
20210309 043800;8.482630;8.483550;8.482630;8.483550;0
20210309 043900;8.483580;8.484820;8.482570;8.484610;0
20210309 044000;8.484610;8.484770;8.481490;8.481540;0
20210309 044100;8.481630;8.481940;8.481080;8.481450;0
20210309 044200;8.481330;8.481870;8.481230;8.481230;0
20210309 044300;8.481160;8.481190;8.478570;8.478820;0
20210309 044400;8.478860;8.482630;8.478860;8.482150;0
20210309 044500;8.482150;8.482890;8.481260;8.482290;0
20210309 044600;8.482320;8.483670;8.478080;8.480190;0
20210309 044700;8.480160;8.480290;8.476820;8.476890;0
20210309 044800;8.476890;8.478220;8.476520;8.477530;0
20210309 044900;8.477480;8.477480;8.472560;8.474280;0
20210309 045000;8.474230;8.474280;8.468690;8.469130;0
20210309 045100;8.469310;8.469540;8.463530;8.464120;0
20210309 045200;8.464120;8.465320;8.459260;8.462670;0
20210309 045300;8.462500;8.465450;8.461230;8.461910;0
20210309 045400;8.461920;8.463560;8.461910;8.463130;0
20210309 045500;8.463130;8.464150;8.463060;8.463310;0
20210309 045600;8.463370;8.465870;8.463370;8.464750;0
20210309 045700;8.464760;8.466310;8.464750;8.464960;0
20210309 045800;8.465110;8.468180;8.464430;8.468110;0
20210309 045900;8.468170;8.469300;8.465860;8.468980;0
20210309 050000;8.469200;8.470260;8.468760;8.469100;0
20210309 050100;8.469170;8.469230;8.467390;8.467850;0
20210309 050200;8.467850;8.468370;8.466610;8.467250;0
20210309 050300;8.467250;8.467410;8.460590;8.460850;0
20210309 050400;8.460850;8.464130;8.460540;8.463980;0
20210309 050500;8.463880;8.463880;8.460250;8.460720;0
20210309 050600;8.460800;8.461890;8.460800;8.461070;0
20210309 050700;8.461130;8.461920;8.460170;8.461920;0
20210309 050800;8.461330;8.465120;8.460630;8.464970;0
20210309 050900;8.464820;8.465510;8.463430;8.464540;0
20210309 051000;8.464470;8.465480;8.463800;8.465480;0
20210309 051100;8.465350;8.465530;8.463660;8.463990;0
20210309 051200;8.463980;8.464780;8.461400;8.462730;0
20210309 051300;8.462780;8.465780;8.461590;8.465550;0
20210309 051400;8.466260;8.470360;8.465820;8.469540;0
20210309 051500;8.469540;8.469960;8.465730;8.467590;0
20210309 051600;8.467680;8.467790;8.464300;8.464300;0
20210309 051700;8.464200;8.466010;8.464030;8.465140;0
20210309 051800;8.465150;8.466290;8.464800;8.466220;0
20210309 051900;8.466220;8.471120;8.466220;8.470260;0
20210309 052000;8.470120;8.470120;8.468070;8.468830;0
20210309 052100;8.468930;8.469390;8.467960;8.469380;0
20210309 052200;8.469390;8.472000;8.468880;8.470770;0
20210309 052300;8.470770;8.470790;8.468860;8.470050;0
20210309 052400;8.470060;8.473450;8.468110;8.473450;0
20210309 052500;8.473640;8.474720;8.472630;8.473520;0
20210309 052600;8.473420;8.475130;8.473420;8.474440;0
20210309 052700;8.474520;8.479280;8.472470;8.479280;0
20210309 052800;8.479300;8.479900;8.476840;8.476950;0
20210309 052900;8.476950;8.476950;8.472890;8.474540;0
20210309 053000;8.474540;8.477270;8.474540;8.475400;0
20210309 053100;8.475550;8.475550;8.472800;8.474320;0
20210309 053200;8.474220;8.474220;8.468380;8.470820;0
20210309 053300;8.470930;8.473280;8.469940;8.471340;0
20210309 053400;8.471330;8.474130;8.471330;8.471600;0
20210309 053500;8.471640;8.473480;8.471640;8.473000;0
20210309 053600;8.473000;8.475430;8.473000;8.474320;0
20210309 053700;8.474310;8.474530;8.469190;8.469350;0
20210309 053800;8.469270;8.469690;8.468490;8.469270;0
20210309 053900;8.469260;8.472700;8.469040;8.471320;0
20210309 054000;8.471330;8.473620;8.470470;8.473120;0
20210309 054100;8.473120;8.475340;8.472190;8.474660;0
20210309 054200;8.474660;8.477040;8.473490;8.477040;0
20210309 054300;8.476770;8.478070;8.476320;8.477670;0
20210309 054400;8.477670;8.477840;8.476400;8.477130;0
20210309 054500;8.477120;8.478360;8.477040;8.477040;0
20210309 054600;8.477100;8.477110;8.473580;8.474000;0
20210309 054700;8.474090;8.477480;8.472790;8.477290;0
20210309 054800;8.477450;8.481430;8.477430;8.480110;0
20210309 054900;8.480030;8.480030;8.477690;8.478920;0
20210309 055000;8.478820;8.478910;8.475060;8.475380;0
20210309 055100;8.475240;8.477020;8.474430;8.474850;0
20210309 055200;8.474760;8.474780;8.470900;8.471750;0
20210309 055300;8.471680;8.472530;8.470670;8.471940;0
20210309 055400;8.471940;8.472860;8.468760;8.469180;0
20210309 055500;8.469180;8.473890;8.468850;8.473890;0
20210309 055600;8.474080;8.478000;8.474080;8.477650;0
20210309 055700;8.477650;8.477890;8.476900;8.477310;0
20210309 055800;8.477300;8.480420;8.474440;8.475180;0
20210309 055900;8.475160;8.475690;8.471730;8.473450;0
20210309 060000;8.473660;8.474420;8.472360;8.472380;0
20210309 060100;8.472600;8.473050;8.470340;8.471610;0
20210309 060200;8.471570;8.471610;8.469520;8.470120;0
20210309 060300;8.470000;8.470180;8.467480;8.467910;0
20210309 060400;8.467830;8.469120;8.466470;8.467840;0
20210309 060500;8.467840;8.469430;8.463720;8.464500;0
20210309 060600;8.464500;8.467000;8.460420;8.465900;0
20210309 060700;8.465940;8.468870;8.465690;8.467840;0
20210309 060800;8.467760;8.468650;8.466490;8.466500;0
20210309 060900;8.466390;8.467770;8.466030;8.467770;0
20210309 061000;8.467770;8.467920;8.465950;8.466710;0
20210309 061100;8.466620;8.467200;8.463630;8.463970;0
20210309 061200;8.464010;8.466240;8.463650;8.464150;0
20210309 061300;8.464250;8.465550;8.463640;8.465220;0
20210309 061400;8.465220;8.466260;8.464440;8.465600;0
20210309 061500;8.465650;8.466830;8.465280;8.465900;0
20210309 061600;8.465940;8.466320;8.463470;8.463680;0
20210309 061700;8.463550;8.467020;8.463060;8.466740;0
20210309 061800;8.466870;8.467520;8.465590;8.466140;0
20210309 061900;8.466140;8.466150;8.462120;8.462510;0
20210309 062000;8.462500;8.464260;8.462500;8.464260;0
20210309 062100;8.464370;8.465080;8.464040;8.464520;0
20210309 062200;8.464640;8.464850;8.463100;8.464020;0
20210309 062300;8.464010;8.464480;8.462510;8.463390;0
20210309 062400;8.463390;8.466850;8.462820;8.463790;0
20210309 062500;8.463790;8.465750;8.463410;8.465300;0
20210309 062600;8.465310;8.465310;8.464140;8.464500;0
20210309 062700;8.464500;8.467570;8.464500;8.467120;0
20210309 062800;8.467120;8.467130;8.465080;8.465080;0
20210309 062900;8.465090;8.465100;8.463680;8.463870;0
20210309 063000;8.463870;8.464070;8.460760;8.461080;0
20210309 063100;8.460990;8.463510;8.460450;8.463060;0
20210309 063200;8.463250;8.464480;8.463250;8.463610;0
20210309 063300;8.463600;8.466810;8.463600;8.465210;0
20210309 063400;8.465120;8.470940;8.465120;8.470520;0
20210309 063500;8.470530;8.471830;8.467980;8.468560;0
20210309 063600;8.468640;8.468950;8.466940;8.466940;0
20210309 063700;8.466930;8.468660;8.466650;8.467930;0
20210309 063800;8.467890;8.468590;8.467490;8.467570;0
20210309 063900;8.467520;8.467530;8.465070;8.466650;0
20210309 064000;8.466630;8.469320;8.466630;8.469020;0
20210309 064100;8.468940;8.471020;8.468790;8.470550;0
20210309 064200;8.470620;8.472820;8.470420;8.471720;0
20210309 064300;8.471620;8.471720;8.467920;8.469430;0
20210309 064400;8.469520;8.472420;8.469350;8.471410;0
20210309 064500;8.471420;8.472790;8.468430;8.470300;0
20210309 064600;8.470310;8.471590;8.468590;8.470250;0
20210309 064700;8.470250;8.470250;8.467970;8.468080;0
20210309 064800;8.468070;8.469740;8.467350;8.469740;0
20210309 064900;8.469740;8.471950;8.469740;8.471880;0
20210309 065000;8.471950;8.473420;8.471520;8.472930;0
20210309 065100;8.472580;8.473320;8.471190;8.471190;0
20210309 065200;8.471080;8.473590;8.470260;8.473340;0
20210309 065300;8.473430;8.477650;8.473430;8.477000;0
20210309 065400;8.477000;8.477000;8.476050;8.476480;0
20210309 065500;8.476570;8.477640;8.475290;8.477020;0
20210309 065600;8.477010;8.478680;8.475620;8.475690;0
20210309 065700;8.475500;8.476980;8.475260;8.476630;0
20210309 065800;8.476620;8.479810;8.476220;8.479240;0
20210309 065900;8.479380;8.479970;8.478660;8.479100;0
20210309 070000;8.479310;8.480890;8.479310;8.480800;0
20210309 070100;8.480670;8.482270;8.480080;8.481410;0
20210309 070200;8.481500;8.481500;8.476950;8.477990;0
20210309 070300;8.478020;8.480360;8.477120;8.477250;0
20210309 070400;8.477100;8.479550;8.477000;8.478980;0
20210309 070500;8.478490;8.478490;8.475110;8.476190;0
20210309 070600;8.476250;8.476840;8.474020;8.474030;0
20210309 070700;8.473990;8.478270;8.473170;8.478270;0
20210309 070800;8.478400;8.480250;8.477300;8.479340;0
20210309 070900;8.479340;8.479340;8.477280;8.477370;0
20210309 071000;8.477210;8.480120;8.476920;8.478690;0
20210309 071100;8.478680;8.482210;8.478540;8.482210;0
20210309 071200;8.482240;8.483220;8.482150;8.482550;0
20210309 071300;8.482430;8.482440;8.479100;8.479960;0
20210309 071400;8.479910;8.480840;8.478190;8.480580;0
20210309 071500;8.480770;8.482590;8.478690;8.480780;0
20210309 071600;8.480830;8.481920;8.480000;8.481750;0
20210309 071700;8.481800;8.481920;8.480010;8.481230;0
20210309 071800;8.481100;8.481420;8.479370;8.479370;0
20210309 071900;8.479370;8.479680;8.476770;8.478380;0
20210309 072000;8.478390;8.479510;8.478050;8.478810;0
20210309 072100;8.478950;8.479780;8.478490;8.478990;0
20210309 072200;8.479030;8.479440;8.475910;8.477720;0
20210309 072300;8.477620;8.479710;8.475700;8.475740;0
20210309 072400;8.475710;8.476820;8.471620;8.472100;0
20210309 072500;8.472350;8.477870;8.472350;8.475540;0
20210309 072600;8.475520;8.476770;8.475490;8.476770;0
20210309 072700;8.476870;8.478150;8.476870;8.478150;0
20210309 072800;8.478120;8.480960;8.476590;8.477310;0
20210309 072900;8.477270;8.477670;8.475920;8.477180;0
20210309 073000;8.477180;8.478120;8.476100;8.478120;0
20210309 073100;8.478120;8.480830;8.477450;8.480830;0
20210309 073200;8.480900;8.484980;8.480900;8.484200;0
20210309 073300;8.484000;8.484850;8.482420;8.483890;0
20210309 073400;8.483820;8.485470;8.482570;8.485470;0
20210309 073500;8.485520;8.486320;8.482180;8.485090;0
20210309 073600;8.485090;8.485090;8.482000;8.483030;0
20210309 073700;8.483030;8.487250;8.483030;8.483440;0
20210309 073800;8.483430;8.489250;8.482860;8.487800;0
20210309 073900;8.487880;8.488130;8.485690;8.488010;0
20210309 074000;8.487850;8.489670;8.486810;8.488390;0
20210309 074100;8.488520;8.491820;8.485560;8.487530;0
20210309 074200;8.488120;8.488660;8.483150;8.483340;0
20210309 074300;8.483340;8.485220;8.482760;8.482760;0
20210309 074400;8.482750;8.485190;8.482750;8.483900;0
20210309 074500;8.483980;8.484510;8.481260;8.483470;0
20210309 074600;8.483390;8.483390;8.479130;8.481350;0
20210309 074700;8.481370;8.483090;8.481110;8.481110;0
20210309 074800;8.481110;8.483120;8.480400;8.482900;0
20210309 074900;8.483020;8.486700;8.483020;8.485870;0
20210309 075000;8.485780;8.486120;8.480260;8.481010;0
20210309 075100;8.481050;8.483820;8.479730;8.483690;0
20210309 075200;8.483490;8.485320;8.483220;8.484370;0
20210309 075300;8.484360;8.484360;8.480670;8.481890;0
20210309 075400;8.481680;8.483380;8.480590;8.482480;0
20210309 075500;8.482480;8.486050;8.481420;8.483060;0
20210309 075600;8.483060;8.483730;8.480820;8.481090;0
20210309 075700;8.481060;8.482070;8.478320;8.478980;0
20210309 075800;8.478860;8.483290;8.478630;8.481450;0
20210309 075900;8.481340;8.486630;8.480460;8.484170;0
20210309 080000;8.484170;8.484170;8.479720;8.480060;0
20210309 080100;8.480010;8.480410;8.478140;8.478360;0
20210309 080200;8.478810;8.479200;8.475910;8.476650;0
20210309 080300;8.476180;8.477810;8.474980;8.476730;0
20210309 080400;8.476490;8.478880;8.476100;8.478230;0
20210309 080500;8.478060;8.478440;8.476280;8.476800;0
20210309 080600;8.476730;8.477450;8.475340;8.476920;0
20210309 080700;8.476990;8.479350;8.476860;8.477230;0
20210309 080800;8.477340;8.479320;8.477270;8.478510;0
20210309 080900;8.478500;8.478900;8.474090;8.475740;0
20210309 081000;8.475750;8.478190;8.474520;8.475670;0
20210309 081100;8.475510;8.477470;8.475210;8.476120;0
20210309 081200;8.476060;8.477480;8.474520;8.476270;0
20210309 081300;8.476260;8.477420;8.475650;8.476400;0
20210309 081400;8.476400;8.478570;8.474910;8.477190;0
20210309 081500;8.477270;8.480250;8.476780;8.480250;0
20210309 081600;8.480130;8.481050;8.478920;8.481050;0
20210309 081700;8.481130;8.485260;8.481130;8.485260;0
20210309 081800;8.485290;8.492040;8.484980;8.490260;0
20210309 081900;8.490260;8.490900;8.487720;8.488320;0
20210309 082000;8.488320;8.491400;8.486950;8.486950;0
20210309 082100;8.486860;8.487700;8.486020;8.487020;0
20210309 082200;8.486710;8.488680;8.480370;8.483380;0
20210309 082300;8.483420;8.488440;8.483380;8.487210;0
20210309 082400;8.487420;8.487640;8.486160;8.486370;0
20210309 082500;8.486430;8.490390;8.486350;8.490310;0
20210309 082600;8.490100;8.490380;8.488120;8.488690;0
20210309 082700;8.488680;8.489480;8.485160;8.485160;0
20210309 082800;8.485070;8.487760;8.482810;8.487120;0
20210309 082900;8.487380;8.490100;8.486750;8.490100;0
20210309 083000;8.490000;8.491820;8.487230;8.487620;0
20210309 083100;8.487630;8.490110;8.487410;8.489690;0
20210309 083200;8.489700;8.491470;8.488810;8.488820;0
20210309 083300;8.488820;8.490020;8.487900;8.488880;0
20210309 083400;8.488820;8.488820;8.484870;8.485470;0
20210309 083500;8.485430;8.487930;8.479090;8.482230;0
20210309 083600;8.482170;8.486020;8.482170;8.484870;0
20210309 083700;8.484820;8.484820;8.479570;8.480310;0
20210309 083800;8.480230;8.482110;8.480070;8.480840;0
20210309 083900;8.480680;8.482090;8.477980;8.482090;0
20210309 084000;8.482100;8.482150;8.479610;8.481730;0
20210309 084100;8.481730;8.485050;8.481500;8.484840;0
20210309 084200;8.484900;8.485600;8.482270;8.485590;0
20210309 084300;8.485590;8.485780;8.482690;8.482920;0
20210309 084400;8.482920;8.485230;8.481900;8.485230;0
20210309 084500;8.485230;8.485230;8.481250;8.483390;0
20210309 084600;8.483320;8.483320;8.479970;8.479970;0
20210309 084700;8.480040;8.480780;8.476850;8.478410;0
20210309 084800;8.478240;8.478240;8.474490;8.474560;0
20210309 084900;8.474550;8.476560;8.474550;8.476130;0
20210309 085000;8.476130;8.479610;8.476130;8.479400;0
20210309 085100;8.479410;8.480470;8.479330;8.479720;0
20210309 085200;8.479710;8.479730;8.477410;8.478180;0
20210309 085300;8.478040;8.479780;8.477600;8.478260;0
20210309 085400;8.478380;8.479320;8.476730;8.477040;0
20210309 085500;8.476890;8.477000;8.474490;8.475290;0
20210309 085600;8.475270;8.477780;8.474830;8.477780;0
20210309 085700;8.477900;8.479710;8.477770;8.478890;0
20210309 085800;8.478760;8.478760;8.476350;8.477960;0
20210309 085900;8.478120;8.481080;8.478120;8.480980;0
20210309 090000;8.481080;8.481500;8.472890;8.475840;0
20210309 090100;8.475830;8.483800;8.475830;8.483100;0
20210309 090200;8.482900;8.484340;8.481960;8.483890;0
20210309 090300;8.483900;8.484120;8.483040;8.483770;0
20210309 090400;8.483770;8.483770;8.477810;8.481590;0
20210309 090500;8.481590;8.482270;8.478030;8.479250;0
20210309 090600;8.479250;8.480740;8.478930;8.480730;0
20210309 090700;8.480650;8.480880;8.478860;8.480140;0
20210309 090800;8.480140;8.483660;8.480140;8.482010;0
20210309 090900;8.482090;8.484210;8.481610;8.483240;0
20210309 091000;8.483240;8.483730;8.481810;8.481940;0
20210309 091100;8.481950;8.486230;8.481860;8.484120;0
20210309 091200;8.484300;8.484560;8.482450;8.483200;0
20210309 091300;8.483310;8.483460;8.481300;8.482270;0
20210309 091400;8.482270;8.482490;8.480420;8.480830;0
20210309 091500;8.481030;8.481030;8.478950;8.480790;0
20210309 091600;8.480790;8.481590;8.480270;8.480680;0
20210309 091700;8.480610;8.483250;8.480450;8.482650;0
20210309 091800;8.482750;8.486040;8.482750;8.484810;0
20210309 091900;8.484930;8.488100;8.484930;8.487910;0
20210309 092000;8.487820;8.487820;8.484240;8.485470;0
20210309 092100;8.485400;8.489050;8.485230;8.489050;0
20210309 092200;8.489050;8.489520;8.487340;8.487800;0
20210309 092300;8.487800;8.487800;8.481760;8.483490;0
20210309 092400;8.483530;8.487170;8.483530;8.484280;0
20210309 092500;8.484410;8.484540;8.479360;8.482080;0
20210309 092600;8.482080;8.482290;8.478840;8.478840;0
20210309 092700;8.478840;8.481180;8.478840;8.479450;0
20210309 092800;8.479260;8.479260;8.473280;8.475370;0
20210309 092900;8.475370;8.476610;8.474700;8.475710;0
20210309 093000;8.475810;8.478340;8.469530;8.477380;0
20210309 093100;8.477260;8.482280;8.474050;8.475450;0
20210309 093200;8.474300;8.478380;8.472610;8.477560;0
20210309 093300;8.477670;8.481700;8.476650;8.481090;0
20210309 093400;8.481090;8.481150;8.475550;8.475870;0
20210309 093500;8.475700;8.477600;8.472870;8.473810;0
20210309 093600;8.473810;8.475520;8.473410;8.473970;0
20210309 093700;8.473510;8.473630;8.469380;8.469940;0
20210309 093800;8.469940;8.471080;8.464610;8.466800;0
20210309 093900;8.466870;8.473280;8.466840;8.472750;0
20210309 094000;8.472740;8.476430;8.472740;8.476430;0
20210309 094100;8.477200;8.478540;8.474550;8.476560;0
20210309 094200;8.476700;8.480170;8.474430;8.479600;0
20210309 094300;8.479600;8.481020;8.475860;8.475860;0
20210309 094400;8.475980;8.476140;8.472630;8.475820;0
20210309 094500;8.476540;8.477320;8.473910;8.473910;0
20210309 094600;8.473860;8.476850;8.472020;8.476510;0
20210309 094700;8.476580;8.477600;8.474230;8.476440;0
20210309 094800;8.476440;8.477380;8.471620;8.472520;0
20210309 094900;8.472380;8.474820;8.472320;8.473750;0
20210309 095000;8.473790;8.473960;8.469200;8.472560;0
20210309 095100;8.472560;8.473970;8.467550;8.468610;0
20210309 095200;8.468570;8.472010;8.467130;8.471180;0
20210309 095300;8.471230;8.471550;8.469760;8.470490;0
20210309 095400;8.470610;8.471070;8.466510;8.467690;0
20210309 095500;8.467540;8.467540;8.462580;8.466420;0
20210309 095600;8.466420;8.473240;8.466360;8.472970;0
20210309 095700;8.472830;8.473190;8.466830;8.468880;0
20210309 095800;8.468880;8.469210;8.466990;8.467400;0
20210309 095900;8.467400;8.470510;8.466760;8.469540;0
20210309 100000;8.469530;8.475030;8.467670;8.470770;0
20210309 100100;8.470770;8.470780;8.464360;8.464600;0
20210309 100200;8.464590;8.464590;8.462610;8.463120;0
20210309 100300;8.463120;8.465070;8.463070;8.464740;0
20210309 100400;8.464740;8.466030;8.463790;8.465640;0
20210309 100500;8.465790;8.465790;8.461070;8.462030;0
20210309 100600;8.462030;8.465290;8.461150;8.463490;0
20210309 100700;8.463400;8.466330;8.461860;8.462780;0
20210309 100800;8.462780;8.463120;8.458760;8.461680;0
20210309 100900;8.461570;8.462850;8.457830;8.457830;0
20210309 101000;8.457720;8.460190;8.457260;8.459540;0
20210309 101100;8.459540;8.460250;8.456490;8.457920;0
20210309 101200;8.457920;8.458040;8.454480;8.456100;0
20210309 101300;8.456120;8.460940;8.456120;8.460520;0
20210309 101400;8.460520;8.461000;8.456560;8.461000;0
20210309 101500;8.461000;8.462270;8.458820;8.462110;0
20210309 101600;8.462110;8.463300;8.459450;8.463210;0
20210309 101700;8.463210;8.463270;8.457300;8.458850;0
20210309 101800;8.458700;8.460460;8.454370;8.457060;0
20210309 101900;8.457230;8.460910;8.456160;8.459550;0
20210309 102000;8.459550;8.461060;8.458000;8.461060;0
20210309 102100;8.461070;8.461220;8.453780;8.457440;0
20210309 102200;8.457640;8.460910;8.457360;8.460380;0
20210309 102300;8.460310;8.465010;8.460310;8.463620;0
20210309 102400;8.463550;8.467220;8.463170;8.465670;0
20210309 102500;8.465620;8.466410;8.461700;8.464480;0
20210309 102600;8.464480;8.467030;8.464260;8.464260;0
20210309 102700;8.464270;8.467900;8.464200;8.467320;0
20210309 102800;8.467380;8.468370;8.466030;8.467420;0
20210309 102900;8.467500;8.469720;8.466440;8.469110;0
20210309 103000;8.469110;8.471750;8.467800;8.469540;0
20210309 103100;8.469510;8.470550;8.469010;8.470260;0
20210309 103200;8.470480;8.473200;8.470150;8.472320;0
20210309 103300;8.472400;8.474450;8.470780;8.471990;0
20210309 103400;8.472000;8.472000;8.466780;8.467750;0
20210309 103500;8.467760;8.468430;8.465630;8.467450;0
20210309 103600;8.467450;8.469290;8.466520;8.469140;0
20210309 103700;8.469140;8.473810;8.468860;8.473360;0
20210309 103800;8.473260;8.473500;8.470790;8.472990;0
20210309 103900;8.472990;8.473640;8.471300;8.471850;0
20210309 104000;8.471850;8.474160;8.471850;8.473880;0
20210309 104100;8.473880;8.474160;8.469060;8.469230;0
20210309 104200;8.469390;8.471170;8.469390;8.470260;0
20210309 104300;8.470250;8.472010;8.468050;8.469410;0
20210309 104400;8.469410;8.471370;8.469330;8.471360;0
20210309 104500;8.471210;8.472760;8.470480;8.472730;0
20210309 104600;8.472730;8.473930;8.471730;8.473180;0
20210309 104700;8.473180;8.478230;8.472970;8.477540;0
20210309 104800;8.477710;8.480630;8.477710;8.480470;0
20210309 104900;8.480500;8.483380;8.479710;8.481450;0
20210309 105000;8.481230;8.482820;8.480770;8.480840;0
20210309 105100;8.480900;8.481260;8.475470;8.476720;0
20210309 105200;8.476720;8.479430;8.475950;8.477280;0
20210309 105300;8.477280;8.480600;8.476790;8.480590;0
20210309 105400;8.480600;8.483000;8.479640;8.481790;0
20210309 105500;8.481830;8.482740;8.480350;8.481750;0
20210309 105600;8.481600;8.481600;8.476630;8.476780;0
20210309 105700;8.476860;8.485090;8.476700;8.484870;0
20210309 105800;8.484790;8.486240;8.480960;8.483840;0
20210309 105900;8.483840;8.483850;8.481120;8.481790;0
20210309 110000;8.481800;8.487240;8.481590;8.486060;0
20210309 110100;8.486140;8.488330;8.483790;8.484430;0
20210309 110200;8.484820;8.485730;8.482580;8.483720;0
20210309 110300;8.484020;8.484220;8.480920;8.481230;0
20210309 110400;8.481320;8.481320;8.477620;8.478220;0
20210309 110500;8.477950;8.480410;8.476070;8.478640;0
20210309 110600;8.478610;8.479220;8.478320;8.478920;0
20210309 110700;8.478720;8.479420;8.475780;8.476100;0
20210309 110800;8.476100;8.481490;8.475560;8.478580;0
20210309 110900;8.478680;8.478970;8.478000;8.478530;0
20210309 111000;8.478720;8.480120;8.478650;8.478870;0
20210309 111100;8.478870;8.479900;8.477260;8.477260;0
20210309 111200;8.477430;8.478760;8.477390;8.477520;0
20210309 111300;8.477520;8.478970;8.476160;8.478430;0
20210309 111400;8.478220;8.483410;8.478110;8.483410;0
20210309 111500;8.483410;8.484460;8.482680;8.483430;0
20210309 111600;8.483490;8.483950;8.482720;8.482720;0
20210309 111700;8.482510;8.482510;8.480290;8.480930;0
20210309 111800;8.480930;8.483590;8.480930;8.483140;0
20210309 111900;8.483050;8.483190;8.481100;8.481290;0
20210309 112000;8.481360;8.483220;8.480580;8.482830;0
20210309 112100;8.482830;8.483030;8.482080;8.482960;0
20210309 112200;8.482810;8.484030;8.482220;8.482420;0
20210309 112300;8.482420;8.483480;8.481950;8.482090;0
20210309 112400;8.482050;8.482820;8.481920;8.482050;0
20210309 112500;8.481990;8.481990;8.478840;8.479820;0
20210309 112600;8.480030;8.480030;8.478780;8.479250;0
20210309 112700;8.479240;8.479390;8.477360;8.477360;0
20210309 112800;8.477510;8.483400;8.477510;8.483190;0
20210309 112900;8.483440;8.486900;8.483430;8.486850;0
20210309 113000;8.486960;8.488350;8.486340;8.486970;0
20210309 113100;8.486970;8.487780;8.486970;8.487340;0
20210309 113200;8.487340;8.487670;8.486290;8.487640;0
20210309 113300;8.487720;8.489250;8.487500;8.488780;0
20210309 113400;8.488780;8.489580;8.487940;8.488150;0
20210309 113500;8.488320;8.488360;8.486920;8.487340;0
20210309 113600;8.487220;8.488500;8.486250;8.486820;0
20210309 113700;8.487120;8.488010;8.481320;8.482540;0
20210309 113800;8.482460;8.483090;8.482150;8.483000;0
20210309 113900;8.483010;8.483550;8.482800;8.483410;0
20210309 114000;8.483330;8.483890;8.480750;8.483170;0
20210309 114100;8.483170;8.483720;8.482400;8.482870;0
20210309 114200;8.482740;8.482740;8.475520;8.482230;0
20210309 114300;8.482550;8.482820;8.481620;8.481720;0
20210309 114400;8.481770;8.483340;8.481640;8.483290;0
20210309 114500;8.483330;8.487120;8.482810;8.487120;0
20210309 114600;8.487120;8.489100;8.486970;8.488180;0
20210309 114700;8.488180;8.489660;8.487870;8.489440;0
20210309 114800;8.489500;8.490280;8.489030;8.490280;0
20210309 114900;8.490280;8.490850;8.489960;8.490110;0
20210309 115000;8.490110;8.490110;8.487380;8.487380;0
20210309 115100;8.487370;8.488520;8.487140;8.488200;0
20210309 115200;8.488170;8.488280;8.486390;8.486540;0
20210309 115300;8.486410;8.486520;8.484910;8.485050;0
20210309 115400;8.484970;8.485210;8.484550;8.485140;0
20210309 115500;8.485140;8.485140;8.484190;8.484690;0
20210309 115600;8.484690;8.486250;8.484600;8.486020;0
20210309 115700;8.486020;8.487690;8.486020;8.487410;0
20210309 115800;8.487410;8.487860;8.487390;8.487860;0
20210309 115900;8.487870;8.489510;8.487640;8.489120;0
20210309 120000;8.488950;8.488990;8.486800;8.488990;0
20210309 120100;8.488980;8.488980;8.486560;8.486650;0
20210309 120200;8.486730;8.486940;8.484620;8.485470;0
20210309 120300;8.485610;8.485820;8.484590;8.484590;0
20210309 120400;8.484800;8.485620;8.483370;8.485080;0
20210309 120500;8.485290;8.486020;8.484580;8.485300;0
20210309 120600;8.485250;8.487160;8.484750;8.487160;0
20210309 120700;8.487160;8.487360;8.486050;8.486050;0
20210309 120800;8.486050;8.486050;8.485030;8.485420;0
20210309 120900;8.485470;8.486040;8.485330;8.485580;0
20210309 121000;8.485380;8.485380;8.479730;8.483460;0
20210309 121100;8.483470;8.483560;8.482650;8.482900;0
20210309 121200;8.482900;8.483100;8.482610;8.482610;0
20210309 121300;8.482610;8.483530;8.482600;8.483310;0
20210309 121400;8.483310;8.483310;8.481410;8.481820;0
20210309 121500;8.482070;8.482080;8.481060;8.481060;0
20210309 121600;8.481060;8.481070;8.479360;8.479400;0
20210309 121700;8.479510;8.480270;8.479420;8.480020;0
20210309 121800;8.480020;8.480820;8.479970;8.480820;0
20210309 121900;8.480670;8.482270;8.480460;8.482230;0
20210309 122000;8.482220;8.485020;8.482220;8.484610;0
20210309 122100;8.484610;8.485230;8.484510;8.484590;0
20210309 122200;8.484470;8.484770;8.483450;8.484410;0
20210309 122300;8.484340;8.485030;8.484200;8.484250;0
20210309 122400;8.484340;8.484500;8.482070;8.483520;0
20210309 122500;8.483530;8.485770;8.483530;8.485500;0
20210309 122600;8.485510;8.486170;8.483000;8.483160;0
20210309 122700;8.483340;8.484570;8.483340;8.484210;0
20210309 122800;8.484360;8.484730;8.484160;8.484670;0
20210309 122900;8.484730;8.485280;8.483860;8.485220;0
20210309 123000;8.485230;8.486160;8.484550;8.485970;0
20210309 123100;8.486010;8.486100;8.484600;8.484900;0
20210309 123200;8.484840;8.485120;8.484250;8.485080;0
20210309 123300;8.485070;8.485370;8.484170;8.485020;0
20210309 123400;8.484900;8.485200;8.484340;8.484960;0
20210309 123500;8.484990;8.485220;8.483880;8.484780;0
20210309 123600;8.484650;8.485370;8.483930;8.485210;0
20210309 123700;8.485020;8.485540;8.484580;8.485540;0
20210309 123800;8.485460;8.485530;8.485040;8.485200;0
20210309 123900;8.485240;8.485300;8.484780;8.485160;0
20210309 124000;8.485160;8.485230;8.483860;8.484380;0
20210309 124100;8.484410;8.484490;8.483050;8.483090;0
20210309 124200;8.483030;8.483320;8.482700;8.483260;0
20210309 124300;8.483310;8.483440;8.482520;8.483360;0
20210309 124400;8.483280;8.483610;8.482770;8.483030;0
20210309 124500;8.482720;8.483890;8.482720;8.482980;0
20210309 124600;8.482980;8.482980;8.482680;8.482860;0
20210309 124700;8.482810;8.482840;8.482150;8.482150;0
20210309 124800;8.482190;8.482190;8.481290;8.481730;0
20210309 124900;8.481760;8.483020;8.481640;8.482510;0
20210309 125000;8.482510;8.483950;8.482510;8.483840;0
20210309 125100;8.483820;8.484540;8.483540;8.483730;0
20210309 125200;8.483740;8.483740;8.483130;8.483410;0
20210309 125300;8.483590;8.483960;8.483590;8.483660;0
20210309 125400;8.483450;8.483940;8.482380;8.483940;0
20210309 125500;8.483960;8.484550;8.483510;8.483820;0
20210309 125600;8.483850;8.485840;8.483740;8.485460;0
20210309 125700;8.485460;8.486450;8.485460;8.485750;0
20210309 125800;8.485750;8.486250;8.485370;8.486250;0
20210309 125900;8.486160;8.486260;8.485810;8.486030;0
20210309 130000;8.485880;8.486170;8.485260;8.485270;0
20210309 130100;8.485250;8.485840;8.484900;8.484900;0
20210309 130200;8.485120;8.485220;8.477990;8.479200;0
20210309 130300;8.479250;8.479250;8.471250;8.473620;0
20210309 130400;8.473920;8.476390;8.473920;8.476040;0
20210309 130500;8.476250;8.477410;8.476110;8.477230;0
20210309 130600;8.477230;8.478640;8.476180;8.478190;0
20210309 130700;8.478030;8.480220;8.475600;8.479150;0
20210309 130800;8.479140;8.479630;8.478670;8.479120;0
20210309 130900;8.479330;8.479470;8.477850;8.479280;0
20210309 131000;8.479180;8.479670;8.477480;8.477510;0
20210309 131100;8.477570;8.480320;8.477370;8.479940;0
20210309 131200;8.479780;8.480000;8.478150;8.478740;0
20210309 131300;8.478940;8.479060;8.475900;8.476190;0
20210309 131400;8.476130;8.476130;8.475190;8.475340;0
20210309 131500;8.475530;8.475760;8.474380;8.475140;0
20210309 131600;8.475060;8.476070;8.474860;8.475440;0
20210309 131700;8.475240;8.477020;8.475240;8.476950;0
20210309 131800;8.476970;8.478560;8.476670;8.477580;0
20210309 131900;8.477660;8.477750;8.476730;8.476900;0
20210309 132000;8.476930;8.477450;8.476450;8.477330;0
20210309 132100;8.477450;8.477450;8.475210;8.475210;0
20210309 132200;8.475080;8.475430;8.474090;8.475270;0
20210309 132300;8.475280;8.475610;8.474750;8.474750;0
20210309 132400;8.474680;8.475890;8.474680;8.475740;0
20210309 132500;8.475890;8.477270;8.475750;8.475970;0
20210309 132600;8.475710;8.476740;8.475530;8.476460;0
20210309 132700;8.476310;8.477270;8.476220;8.477270;0
20210309 132800;8.477070;8.477210;8.476610;8.476920;0
20210309 132900;8.477000;8.477190;8.476150;8.476150;0
20210309 133000;8.476010;8.476480;8.475100;8.475210;0
20210309 133100;8.475260;8.476220;8.474760;8.475310;0
20210309 133200;8.475310;8.475310;8.472600;8.475130;0
20210309 133300;8.475130;8.475130;8.473460;8.474410;0
20210309 133400;8.474410;8.475580;8.474410;8.475380;0
20210309 133500;8.475380;8.476740;8.475180;8.476450;0
20210309 133600;8.476310;8.476310;8.474090;8.474090;0
20210309 133700;8.474090;8.474280;8.473710;8.473990;0
20210309 133800;8.473790;8.473820;8.473330;8.473660;0
20210309 133900;8.473810;8.473810;8.473310;8.473550;0
20210309 134000;8.473560;8.473890;8.472770;8.473050;0
20210309 134100;8.473250;8.473270;8.472710;8.473140;0
20210309 134200;8.473360;8.474510;8.473360;8.474120;0
20210309 134300;8.473890;8.474500;8.473850;8.474200;0
20210309 134400;8.474270;8.475050;8.474270;8.474840;0
20210309 134500;8.474620;8.475030;8.474390;8.474660;0
20210309 134600;8.474790;8.475090;8.474450;8.474940;0
20210309 134700;8.474870;8.475160;8.474390;8.475160;0
20210309 134800;8.475240;8.476240;8.474310;8.474720;0
20210309 134900;8.474590;8.475220;8.474150;8.474520;0
20210309 135000;8.474640;8.474720;8.473870;8.474580;0
20210309 135100;8.475220;8.475220;8.474080;8.474080;0
20210309 135200;8.474320;8.475120;8.474150;8.474520;0
20210309 135300;8.474420;8.474680;8.473920;8.473920;0
20210309 135400;8.474020;8.474530;8.472420;8.473790;0
20210309 135500;8.473790;8.475100;8.473480;8.475100;0
20210309 135600;8.474960;8.474960;8.473510;8.473770;0
20210309 135700;8.473910;8.474240;8.473150;8.473180;0
20210309 135800;8.473190;8.473190;8.469950;8.471440;0
20210309 135900;8.471480;8.472080;8.471350;8.472080;0
20210309 140000;8.472080;8.472370;8.471200;8.471450;0
20210309 140100;8.471410;8.472180;8.471270;8.472090;0
20210309 140200;8.472130;8.472150;8.470640;8.470870;0
20210309 140300;8.470800;8.470800;8.470140;8.470250;0
20210309 140400;8.470240;8.470820;8.469940;8.470280;0
20210309 140500;8.470250;8.470250;8.468750;8.469350;0
20210309 140600;8.469320;8.469980;8.468860;8.469300;0
20210309 140700;8.469400;8.469610;8.468870;8.469000;0
20210309 140800;8.468970;8.469630;8.468800;8.469020;0
20210309 140900;8.469070;8.469940;8.469070;8.469170;0
20210309 141000;8.469120;8.469210;8.466130;8.466830;0
20210309 141100;8.466810;8.467140;8.463530;8.464020;0
20210309 141200;8.463990;8.467490;8.463910;8.467490;0
20210309 141300;8.467490;8.467760;8.466380;8.466900;0
20210309 141400;8.466900;8.467280;8.466740;8.467100;0
20210309 141500;8.467230;8.468100;8.467230;8.468050;0
20210309 141600;8.468050;8.468140;8.467460;8.467460;0
20210309 141700;8.467660;8.467660;8.465440;8.466390;0
20210309 141800;8.466360;8.467250;8.466360;8.466470;0
20210309 141900;8.466510;8.466990;8.466510;8.466980;0
20210309 142000;8.466990;8.467410;8.466810;8.466810;0
20210309 142100;8.466970;8.468630;8.466970;8.468120;0
20210309 142200;8.468140;8.468280;8.467630;8.468070;0
20210309 142300;8.467990;8.468560;8.467780;8.468560;0
20210309 142400;8.468470;8.468630;8.466820;8.467480;0
20210309 142500;8.467470;8.468630;8.467330;8.467880;0
20210309 142600;8.467660;8.468780;8.467350;8.468770;0
20210309 142700;8.468610;8.468900;8.468290;8.468700;0
20210309 142800;8.468670;8.468850;8.468670;8.468760;0
20210309 142900;8.468700;8.468750;8.467450;8.468010;0
20210309 143000;8.468150;8.468150;8.467490;8.467650;0
20210309 143100;8.467750;8.468080;8.467120;8.467160;0
20210309 143200;8.467300;8.467420;8.466890;8.467220;0
20210309 143300;8.467190;8.467820;8.466940;8.467590;0
20210309 143400;8.467710;8.467920;8.467470;8.467540;0
20210309 143500;8.467680;8.467840;8.466530;8.467380;0
20210309 143600;8.466660;8.466660;8.465840;8.466030;0
20210309 143700;8.466350;8.466690;8.466330;8.466340;0
20210309 143800;8.466560;8.466690;8.465980;8.466220;0
20210309 143900;8.466350;8.466350;8.466060;8.466330;0
20210309 144000;8.466100;8.466700;8.465950;8.466520;0
20210309 144100;8.466470;8.466520;8.465920;8.466260;0
20210309 144200;8.466400;8.466400;8.465900;8.466240;0
20210309 144300;8.466230;8.466230;8.465320;8.465400;0
20210309 144400;8.465390;8.465390;8.464510;8.464920;0
20210309 144500;8.464370;8.465620;8.463980;8.465620;0
20210309 144600;8.465530;8.466030;8.464150;8.464530;0
20210309 144700;8.464530;8.464820;8.464260;8.464330;0
20210309 144800;8.464520;8.464520;8.463260;8.463620;0
20210309 144900;8.463720;8.464830;8.463510;8.464680;0
20210309 145000;8.464690;8.464690;8.462660;8.462920;0
20210309 145100;8.462850;8.463020;8.462200;8.462200;0
20210309 145200;8.462520;8.463040;8.462380;8.462950;0
20210309 145300;8.463120;8.463120;8.462290;8.462290;0
20210309 145400;8.462140;8.462590;8.462120;8.462320;0
20210309 145500;8.462590;8.462590;8.461730;8.461830;0
20210309 145600;8.461910;8.462600;8.461790;8.462460;0
20210309 145700;8.462260;8.463230;8.461560;8.461560;0
20210309 145800;8.461610;8.464170;8.461420;8.463260;0
20210309 145900;8.463200;8.465280;8.463150;8.464960;0
20210309 150000;8.464930;8.464930;8.462890;8.462890;0
20210309 150100;8.462500;8.462500;8.461220;8.461220;0
20210309 150200;8.461080;8.461190;8.459150;8.459190;0
20210309 150300;8.459190;8.459740;8.459190;8.459390;0
20210309 150400;8.459350;8.461710;8.458970;8.461520;0
20210309 150500;8.461520;8.461530;8.461150;8.461420;0
20210309 150600;8.461420;8.461430;8.460890;8.460900;0
20210309 150700;8.460900;8.460900;8.460360;8.460380;0
20210309 150800;8.460300;8.460510;8.459930;8.460130;0
20210309 150900;8.460270;8.460750;8.460030;8.460500;0
20210309 151000;8.460480;8.460480;8.459890;8.459990;0
20210309 151100;8.460000;8.460290;8.459690;8.459690;0
20210309 151200;8.459810;8.460340;8.459630;8.459770;0
20210309 151300;8.459860;8.460450;8.459840;8.460410;0
20210309 151400;8.460330;8.460350;8.459940;8.460020;0
20210309 151500;8.459940;8.462380;8.459940;8.461120;0
20210309 151600;8.461300;8.462350;8.461300;8.462240;0
20210309 151700;8.462170;8.462170;8.461390;8.461530;0
20210309 151800;8.461410;8.461890;8.461020;8.461220;0
20210309 151900;8.461290;8.462160;8.461290;8.461870;0
20210309 152000;8.461950;8.462610;8.461610;8.462570;0
20210309 152100;8.462650;8.463210;8.461920;8.461920;0
20210309 152200;8.462000;8.462430;8.461900;8.461980;0
20210309 152300;8.461960;8.462000;8.461510;8.461780;0
20210309 152400;8.461910;8.462390;8.461770;8.462110;0
20210309 152500;8.462250;8.462350;8.462070;8.462270;0
20210309 152600;8.462200;8.462390;8.462120;8.462310;0
20210309 152700;8.462180;8.462180;8.461670;8.461670;0
20210309 152800;8.461230;8.461570;8.461230;8.461570;0
20210309 152900;8.461370;8.461370;8.461370;8.461370;0
20210309 153000;8.461530;8.462080;8.460960;8.461810;0
20210309 153100;8.461680;8.461800;8.460810;8.461260;0
20210309 153200;8.461400;8.461400;8.460760;8.461210;0
20210309 153300;8.461400;8.461700;8.460860;8.461280;0
20210309 153400;8.461270;8.461430;8.461210;8.461210;0
20210309 153500;8.461070;8.464140;8.461030;8.463880;0
20210309 153600;8.464090;8.464270;8.463190;8.464200;0
20210309 153700;8.464220;8.464630;8.463020;8.463150;0
20210309 153800;8.463420;8.464990;8.463420;8.464360;0
20210309 153900;8.464490;8.464870;8.464490;8.464670;0
20210309 154000;8.464780;8.464900;8.463610;8.463610;0
20210309 154100;8.463960;8.464580;8.463960;8.463990;0
20210309 154200;8.464150;8.464360;8.463970;8.464120;0
20210309 154300;8.464040;8.464260;8.463820;8.463970;0
20210309 154400;8.464300;8.464810;8.464040;8.464040;0
20210309 154500;8.464040;8.464230;8.463660;8.464070;0
20210309 154600;8.464610;8.466360;8.464610;8.466260;0
20210309 154700;8.466130;8.466160;8.465890;8.466160;0
20210309 154800;8.466070;8.466100;8.466040;8.466040;0
20210309 154900;8.465730;8.469280;8.465230;8.465800;0
20210309 155000;8.466400;8.469340;8.466260;8.468760;0
20210309 155100;8.468750;8.468910;8.466740;8.468910;0
20210309 155200;8.468910;8.468940;8.467600;8.468270;0
20210309 155300;8.468500;8.468650;8.467450;8.467590;0
20210309 155400;8.467590;8.467820;8.465570;8.465590;0
20210309 155500;8.465430;8.465440;8.464870;8.465060;0
20210309 155600;8.465270;8.465730;8.465270;8.465710;0
20210309 155700;8.465700;8.467860;8.465540;8.466710;0
20210309 155800;8.466580;8.468540;8.465800;8.467790;0
20210309 155900;8.467730;8.467930;8.466360;8.467360;0
20210309 160000;8.467150;8.467670;8.466060;8.467510;0
20210309 160100;8.467510;8.468210;8.466070;8.466500;0
20210309 160200;8.466490;8.467320;8.465050;8.467320;0
20210309 160300;8.467520;8.471770;8.467390;8.469220;0
20210309 160400;8.469320;8.469610;8.469220;8.469610;0
20210309 160500;8.469610;8.469620;8.466600;8.466660;0
20210309 160600;8.466620;8.466630;8.465670;8.465670;0
20210309 160700;8.465670;8.466110;8.465670;8.465690;0
20210309 160800;8.465720;8.466440;8.465720;8.466150;0
20210309 160900;8.466150;8.466920;8.466010;8.466420;0
20210309 161000;8.466320;8.467320;8.466320;8.466800;0
20210309 161100;8.466820;8.467220;8.466800;8.466960;0
20210309 161200;8.467020;8.467560;8.467020;8.467550;0
20210309 161300;8.467560;8.468320;8.467290;8.467320;0
20210309 161400;8.467290;8.467430;8.467290;8.467290;0
20210309 161500;8.467080;8.467190;8.466700;8.467190;0
20210309 161600;8.467190;8.467520;8.466950;8.466970;0
20210309 161700;8.466970;8.467190;8.466520;8.466670;0
20210309 161800;8.466680;8.466680;8.466030;8.466250;0
20210309 161900;8.466250;8.466540;8.466250;8.466420;0
20210309 162000;8.466420;8.466820;8.465720;8.465920;0
20210309 162100;8.466030;8.466920;8.465550;8.466920;0
20210309 162200;8.466720;8.467060;8.466380;8.466980;0
20210309 162300;8.467050;8.467060;8.466370;8.466590;0
20210309 162400;8.466730;8.467920;8.466730;8.467880;0
20210309 162500;8.467870;8.471350;8.467870;8.469220;0
20210309 162600;8.469050;8.469550;8.462020;8.468920;0
20210309 162700;8.468920;8.469120;8.467120;8.467220;0
20210309 162800;8.467320;8.470210;8.465810;8.468430;0
20210309 162900;8.468430;8.470380;8.465170;8.468170;0
20210309 163000;8.468170;8.470510;8.461860;8.466430;0
20210309 163100;8.466430;8.467420;8.459170;8.463200;0
20210309 163200;8.463200;8.467020;8.460790;8.464700;0
20210309 163300;8.464690;8.466300;8.460440;8.465840;0
20210309 163400;8.465840;8.465850;8.462960;8.464890;0
20210309 163500;8.465150;8.465520;8.463720;8.464840;0
20210309 163600;8.464690;8.466750;8.464280;8.466170;0
20210309 163700;8.466170;8.466680;8.462860;8.466050;0
20210309 163800;8.466270;8.466460;8.463210;8.466240;0
20210309 163900;8.466230;8.466880;8.463370;8.466350;0
20210309 164000;8.466350;8.467400;8.462310;8.466890;0
20210309 164100;8.466880;8.467720;8.462260;8.464850;0
20210309 164200;8.464850;8.467070;8.462000;8.466170;0
20210309 164300;8.466160;8.467790;8.463130;8.467370;0
20210309 164400;8.467380;8.468320;8.462010;8.466610;0
20210309 164500;8.466620;8.467780;8.466610;8.467290;0
20210309 164600;8.467290;8.468070;8.459640;8.465180;0
20210309 164700;8.465170;8.468550;8.460030;8.467030;0
20210309 164800;8.467030;8.467040;8.466730;8.466900;0
20210309 164900;8.466900;8.469220;8.460710;8.465150;0
20210309 165000;8.465150;8.468830;8.459520;8.467380;0
20210309 165100;8.467230;8.467240;8.458100;8.466970;0
20210309 165200;8.466970;8.466970;8.466470;8.466740;0
20210309 165300;8.466730;8.466910;8.459610;8.466230;0
20210309 165400;8.466230;8.467360;8.461440;8.465770;0
20210309 165500;8.464330;8.467420;8.460720;8.466120;0
20210309 165600;8.466020;8.466830;8.465680;8.466380;0
20210309 165700;8.466380;8.466920;8.465560;8.465560;0
20210309 165800;8.465560;8.467220;8.465320;8.465320;0
20210309 165900;8.465420;8.467530;8.464630;8.466220;0
20210309 170000;8.465720;8.465720;8.465720;8.465720;0
20210309 171000;8.452320;8.453230;8.452320;8.453230;0
20210309 171100;8.453120;8.453120;8.453120;8.453120;0
20210309 171200;8.453120;8.453120;8.453120;8.453120;0
20210309 171400;8.453020;8.453020;8.453020;8.453020;0
20210309 171500;8.453020;8.453030;8.453020;8.453020;0
20210309 171600;8.453920;8.453920;8.453920;8.453920;0
20210309 171900;8.454720;8.455120;8.454720;8.455120;0
20210309 172200;8.455020;8.455020;8.455020;8.455020;0
20210309 172500;8.454520;8.455020;8.454520;8.455020;0
20210309 173000;8.456780;8.456840;8.456620;8.456620;0
20210309 173100;8.456620;8.456620;8.456620;8.456620;0
20210309 173200;8.456820;8.457090;8.456800;8.456840;0
20210309 173300;8.456820;8.456840;8.456690;8.456690;0
20210309 173500;8.455320;8.455330;8.455320;8.455330;0
20210309 173600;8.455320;8.455420;8.455320;8.455420;0
20210309 173800;8.455320;8.455420;8.454820;8.454820;0
20210309 173900;8.454720;8.454720;8.454520;8.454630;0
20210309 174000;8.454430;8.454430;8.454430;8.454430;0
20210309 174100;8.453310;8.453310;8.452120;8.452120;0
20210309 174200;8.451020;8.451520;8.451020;8.451320;0
20210309 174300;8.451220;8.451320;8.451220;8.451230;0
20210309 174400;8.450920;8.450920;8.450920;8.450920;0
20210309 174500;8.451600;8.454820;8.451600;8.454820;0
20210309 174600;8.454820;8.454820;8.454820;8.454820;0
20210309 174700;8.453550;8.453550;8.451270;8.451270;0
20210309 174900;8.451270;8.451270;8.451270;8.451270;0
20210309 175000;8.451020;8.455460;8.451020;8.455460;0
20210309 175100;8.454360;8.455790;8.454360;8.455790;0
20210309 175200;8.455790;8.455790;8.455790;8.455790;0
20210309 175300;8.455790;8.455790;8.455120;8.455500;0
20210309 175400;8.454920;8.454920;8.451430;8.451540;0
20210309 175500;8.452520;8.454360;8.452520;8.454360;0
20210309 175600;8.456570;8.456570;8.452540;8.454780;0
20210309 175700;8.454780;8.457970;8.454780;8.457970;0
20210309 175800;8.456200;8.459010;8.453150;8.456360;0
20210309 175900;8.457660;8.457660;8.454820;8.455060;0
20210309 180000;8.454170;8.454820;8.450860;8.451430;0
20210309 180100;8.451760;8.461250;8.451530;8.452730;0
20210309 180200;8.452940;8.456030;8.452940;8.455920;0
20210309 180300;8.455800;8.458330;8.455800;8.457920;0
20210309 180400;8.458220;8.459020;8.457130;8.458420;0
20210309 180500;8.458330;8.460430;8.458120;8.460020;0
20210309 180600;8.460020;8.461950;8.460020;8.461620;0
20210309 180700;8.461620;8.462420;8.460470;8.461820;0
20210309 180800;8.461320;8.463120;8.460820;8.463030;0
20210309 180900;8.463120;8.464020;8.461230;8.461880;0
20210309 181000;8.461890;8.463580;8.461420;8.463420;0
20210309 181100;8.463450;8.464810;8.463450;8.464000;0
20210309 181200;8.464000;8.466300;8.458980;8.461880;0
20210309 181300;8.462300;8.464190;8.461870;8.463460;0
20210309 181400;8.464270;8.465020;8.463300;8.464440;0
20210309 181500;8.464430;8.465470;8.464310;8.464550;0
20210309 181600;8.464550;8.466610;8.462760;8.464720;0
20210309 181700;8.464720;8.465590;8.463970;8.465430;0
20210309 181800;8.465420;8.465680;8.465040;8.465110;0
20210309 181900;8.465140;8.466230;8.464180;8.464660;0
20210309 182000;8.464870;8.466640;8.463720;8.465180;0
20210309 182100;8.465190;8.465930;8.464070;8.464460;0
20210309 182200;8.464930;8.465490;8.463870;8.465190;0
20210309 182300;8.465350;8.466940;8.463830;8.465200;0
20210309 182400;8.465210;8.466840;8.465140;8.465980;0
20210309 182500;8.465980;8.467830;8.463100;8.464560;0
20210309 182600;8.465100;8.466270;8.464520;8.465150;0
20210309 182700;8.465430;8.466870;8.461770;8.462580;0
20210309 182800;8.462720;8.464560;8.462720;8.464250;0
20210309 182900;8.464250;8.464280;8.464250;8.464260;0
20210309 183000;8.464280;8.465220;8.464250;8.465020;0
20210309 183100;8.464990;8.468660;8.464990;8.467830;0
20210309 183200;8.467840;8.468350;8.467550;8.467890;0
20210309 183300;8.467450;8.468510;8.467450;8.467620;0
20210309 183400;8.467520;8.467940;8.467120;8.467420;0
20210309 183500;8.467320;8.468230;8.467220;8.467530;0
20210309 183600;8.467420;8.467790;8.466360;8.466370;0
20210309 183700;8.466370;8.467280;8.466140;8.466670;0
20210309 183800;8.466670;8.466670;8.466110;8.466460;0
20210309 183900;8.466450;8.466690;8.465800;8.466200;0
20210309 184000;8.466180;8.466180;8.465310;8.465560;0
20210309 184100;8.465560;8.466570;8.465170;8.466040;0
20210309 184200;8.466120;8.467570;8.465960;8.467080;0
20210309 184300;8.467080;8.467620;8.466820;8.466820;0
20210309 184400;8.466530;8.466860;8.465570;8.465760;0
20210309 184500;8.465770;8.465770;8.464810;8.464890;0
20210309 184600;8.464890;8.465800;8.464340;8.464600;0
20210309 184700;8.464610;8.465480;8.464500;8.465010;0
20210309 184800;8.465000;8.465700;8.464720;8.464990;0
20210309 184900;8.464990;8.465820;8.464680;8.465340;0
20210309 185000;8.465420;8.466060;8.465220;8.466060;0
20210309 185100;8.466000;8.466930;8.465370;8.466720;0
20210309 185200;8.467020;8.468960;8.466590;8.468650;0
20210309 185300;8.468650;8.469510;8.468460;8.469030;0
20210309 185400;8.469030;8.469340;8.467720;8.467720;0
20210309 185500;8.467920;8.468320;8.467640;8.467920;0
20210309 185600;8.468120;8.470820;8.468120;8.468980;0
20210309 185700;8.468500;8.469580;8.468040;8.468040;0
20210309 185800;8.468320;8.468730;8.465430;8.465920;0
20210309 185900;8.466460;8.467860;8.465940;8.467070;0
20210309 190000;8.467070;8.470290;8.466760;8.469360;0
20210309 190100;8.469720;8.471670;8.469380;8.470980;0
20210309 190200;8.470970;8.472920;8.470250;8.470960;0
20210309 190300;8.470960;8.472000;8.469630;8.470890;0
20210309 190400;8.471120;8.475040;8.471120;8.474290;0
20210309 190500;8.474280;8.474890;8.472710;8.474200;0
20210309 190600;8.474200;8.474210;8.470000;8.471630;0
20210309 190700;8.472110;8.472700;8.471350;8.472110;0
20210309 190800;8.472100;8.472110;8.472100;8.472100;0
20210309 190900;8.472100;8.472830;8.472100;8.472820;0
20210309 191000;8.472820;8.473020;8.472820;8.472830;0
20210309 191100;8.472820;8.474210;8.472040;8.473450;0
20210309 191200;8.473450;8.474330;8.473230;8.473890;0
20210309 191300;8.473630;8.474810;8.472830;8.474090;0
20210309 191400;8.474000;8.474680;8.473570;8.474330;0
20210309 191500;8.474330;8.476730;8.474030;8.476170;0
20210309 191600;8.476160;8.477320;8.475260;8.476900;0
20210309 191700;8.476900;8.477320;8.475830;8.476170;0
20210309 191800;8.476160;8.477060;8.476110;8.476710;0
20210309 191900;8.476760;8.476950;8.473080;8.475130;0
20210309 192000;8.475070;8.476650;8.475070;8.476150;0
20210309 192100;8.476400;8.476790;8.475220;8.476790;0
20210309 192200;8.476790;8.478650;8.475570;8.477750;0
20210309 192300;8.477750;8.479200;8.477320;8.478050;0
20210309 192400;8.478050;8.479100;8.477140;8.478570;0
20210309 192500;8.478250;8.478440;8.475480;8.477970;0
20210309 192600;8.477520;8.478290;8.475610;8.476410;0
20210309 192700;8.476700;8.477770;8.463640;8.465820;0
20210309 192800;8.465720;8.468050;8.464440;8.466130;0
20210309 192900;8.466130;8.471710;8.465420;8.471190;0
20210309 193000;8.471180;8.473470;8.471100;8.472540;0
20210309 193100;8.472550;8.472620;8.471240;8.471930;0
20210309 193200;8.471930;8.473340;8.471320;8.473270;0
20210309 193300;8.473270;8.474130;8.472490;8.473590;0
20210309 193400;8.473590;8.473940;8.473240;8.473610;0
20210309 193500;8.473780;8.475050;8.473780;8.474650;0
20210309 193600;8.474740;8.476360;8.474190;8.475870;0
20210309 193700;8.475870;8.476140;8.475720;8.475770;0
20210309 193800;8.475770;8.476090;8.475740;8.476020;0
20210309 193900;8.476020;8.476360;8.475390;8.475980;0
20210309 194000;8.475910;8.476750;8.475460;8.476120;0
20210309 194100;8.476160;8.476390;8.475790;8.476380;0
20210309 194200;8.476390;8.476480;8.475630;8.476180;0
20210309 194300;8.476190;8.476710;8.475800;8.476110;0
20210309 194400;8.476350;8.477110;8.475910;8.476900;0
20210309 194500;8.476900;8.478670;8.476530;8.478640;0
20210309 194600;8.478640;8.479180;8.477260;8.478410;0
20210309 194700;8.478420;8.479060;8.476660;8.477720;0
20210309 194800;8.477710;8.478450;8.476940;8.476950;0
20210309 194900;8.476950;8.478620;8.476950;8.477280;0
20210309 195000;8.477290;8.479760;8.477130;8.479540;0
20210309 195100;8.479540;8.479790;8.477310;8.479000;0
20210309 195200;8.479000;8.479000;8.477300;8.477470;0
20210309 195300;8.477420;8.478270;8.475930;8.476180;0
20210309 195400;8.476290;8.477690;8.475720;8.476540;0
20210309 195500;8.476540;8.476830;8.475970;8.476520;0
20210309 195600;8.476680;8.477230;8.476200;8.476410;0
20210309 195700;8.476360;8.478200;8.476070;8.477250;0
20210309 195800;8.477260;8.478400;8.477010;8.478130;0
20210309 195900;8.478130;8.478210;8.476610;8.476990;0
20210309 200000;8.477190;8.478370;8.476780;8.477020;0
20210309 200100;8.477010;8.477990;8.475910;8.476110;0
20210309 200200;8.475790;8.476070;8.475240;8.475480;0
20210309 200300;8.475490;8.475660;8.472990;8.474150;0
20210309 200400;8.474150;8.474500;8.470080;8.472260;0
20210309 200500;8.472330;8.472620;8.469710;8.470020;0
20210309 200600;8.470330;8.470730;8.468700;8.469810;0
20210309 200700;8.470080;8.471260;8.467820;8.470260;0
20210309 200800;8.470320;8.473080;8.470250;8.471280;0
20210309 200900;8.471360;8.472400;8.469830;8.471250;0
20210309 201000;8.471940;8.472190;8.465520;8.465800;0
20210309 201100;8.465820;8.468430;8.465090;8.465820;0
20210309 201200;8.465920;8.471420;8.465080;8.470950;0
20210309 201300;8.471260;8.472730;8.470450;8.472200;0
20210309 201400;8.472200;8.472560;8.465830;8.466930;0
20210309 201500;8.466620;8.468020;8.465430;8.467520;0
20210309 201600;8.467120;8.472720;8.466350;8.471520;0
20210309 201700;8.472020;8.472520;8.470490;8.471800;0
20210309 201800;8.471800;8.471800;8.463920;8.465920;0
20210309 201900;8.465820;8.468520;8.464420;8.468520;0
20210309 202000;8.468320;8.472130;8.466120;8.471920;0
20210309 202100;8.471720;8.471820;8.470030;8.470870;0
20210309 202200;8.470860;8.471370;8.465250;8.467720;0
20210309 202300;8.467920;8.468220;8.466100;8.467320;0
20210309 202400;8.467530;8.473220;8.465520;8.473120;0
20210309 202500;8.473520;8.474230;8.471850;8.472820;0
20210309 202600;8.472720;8.473320;8.465680;8.466520;0
20210309 202700;8.466320;8.469230;8.465420;8.468220;0
20210309 202800;8.468720;8.473020;8.467030;8.472720;0
20210309 202900;8.473120;8.473530;8.463620;8.464260;0
20210309 203000;8.464310;8.467020;8.463790;8.464900;0
20210309 203100;8.464960;8.467830;8.464960;8.466560;0
20210309 203200;8.466620;8.470220;8.466620;8.466620;0
20210309 203300;8.466630;8.472920;8.466630;8.471030;0
20210309 203400;8.471320;8.474120;8.471020;8.472700;0
20210309 203500;8.472550;8.475220;8.471340;8.474140;0
20210309 203600;8.474320;8.477820;8.474250;8.476590;0
20210309 203700;8.476600;8.478720;8.476130;8.477310;0
20210309 203800;8.477270;8.479130;8.477220;8.478390;0
20210309 203900;8.478360;8.480420;8.478130;8.479930;0
20210309 204000;8.480020;8.484620;8.478860;8.481720;0
20210309 204100;8.481830;8.482620;8.480730;8.480850;0
20210309 204200;8.480860;8.483520;8.480590;8.483430;0
20210309 204300;8.483220;8.484340;8.481600;8.482650;0
20210309 204400;8.482730;8.482900;8.475320;8.475390;0
20210309 204500;8.475380;8.482820;8.474940;8.481720;0
20210309 204600;8.481720;8.482340;8.480220;8.481020;0
20210309 204700;8.480850;8.483520;8.480850;8.482050;0
20210309 204800;8.482050;8.483020;8.481120;8.482670;0
20210309 204900;8.482670;8.482670;8.480420;8.481240;0
20210309 205000;8.481300;8.482060;8.475730;8.478360;0
20210309 205100;8.478630;8.481320;8.478520;8.481040;0
20210309 205200;8.481040;8.482900;8.479350;8.480370;0
20210309 205300;8.479930;8.482330;8.476870;8.477410;0
20210309 205400;8.477460;8.479020;8.476420;8.477120;0
20210309 205500;8.477620;8.479030;8.475400;8.477930;0
20210309 205600;8.478060;8.483230;8.477440;8.482250;0
20210309 205700;8.482350;8.484120;8.481850;8.483020;0
20210309 205800;8.483120;8.483330;8.481620;8.482520;0
20210309 205900;8.482420;8.484630;8.480420;8.483430;0
20210309 210000;8.483320;8.485310;8.482860;8.485080;0
20210309 210100;8.484960;8.486030;8.484960;8.485490;0
20210309 210200;8.485490;8.486450;8.485210;8.486450;0
20210309 210300;8.486540;8.487820;8.485770;8.486240;0
20210309 210400;8.486280;8.489250;8.484880;8.485620;0
20210309 210500;8.485570;8.486030;8.484880;8.486020;0
20210309 210600;8.485920;8.487000;8.485250;8.487000;0
20210309 210700;8.487000;8.492840;8.487000;8.490150;0
20210309 210800;8.490450;8.492260;8.489220;8.491880;0
20210309 210900;8.492070;8.493230;8.490220;8.491950;0
20210309 211000;8.491750;8.492820;8.488510;8.488510;0
20210309 211100;8.488570;8.491520;8.488090;8.491230;0
20210309 211200;8.491120;8.491220;8.489100;8.489250;0
20210309 211300;8.489520;8.490430;8.488840;8.489180;0
20210309 211400;8.489120;8.492250;8.489120;8.492250;0
20210309 211500;8.492250;8.492250;8.490260;8.491150;0
20210309 211600;8.491340;8.491510;8.488980;8.489390;0
20210309 211700;8.489450;8.491430;8.489380;8.490450;0
20210309 211800;8.490450;8.491220;8.489030;8.489260;0
20210309 211900;8.489260;8.491120;8.488940;8.490380;0
20210309 212000;8.490500;8.490820;8.488600;8.488630;0
20210309 212100;8.488490;8.490890;8.488480;8.490580;0
20210309 212200;8.490450;8.491420;8.488790;8.488990;0
20210309 212300;8.488990;8.489620;8.488540;8.489200;0
20210309 212400;8.489140;8.489200;8.487740;8.488020;0
20210309 212500;8.488030;8.489130;8.487500;8.487760;0
20210309 212600;8.487750;8.488580;8.487720;8.488360;0
20210309 212700;8.488610;8.489220;8.488080;8.488240;0
20210309 212800;8.487920;8.488630;8.486950;8.488130;0
20210309 212900;8.488050;8.491230;8.488040;8.490920;0
20210309 213000;8.491020;8.493430;8.490590;8.491950;0
20210309 213100;8.492150;8.492230;8.491120;8.492050;0
20210309 213200;8.492050;8.493020;8.491620;8.492550;0
20210309 213300;8.492550;8.492570;8.490900;8.491250;0
20210309 213400;8.491320;8.491410;8.490720;8.490720;0
20210309 213500;8.490720;8.491020;8.488530;8.490130;0
20210309 213600;8.489840;8.490060;8.488220;8.488280;0
20210309 213700;8.488270;8.491020;8.488220;8.490130;0
20210309 213800;8.490220;8.493820;8.489820;8.493090;0
20210309 213900;8.492810;8.494930;8.492250;8.494930;0
20210309 214000;8.495010;8.495010;8.494430;8.494930;0
20210309 214100;8.495080;8.495260;8.494330;8.495210;0
20210309 214200;8.495280;8.495560;8.495060;8.495080;0
20210309 214300;8.495160;8.495220;8.494440;8.494440;0
20210309 214400;8.494370;8.494370;8.493870;8.494230;0
20210309 214500;8.494290;8.494450;8.493250;8.493250;0
20210309 214600;8.493260;8.493980;8.493160;8.493180;0
20210309 214700;8.493390;8.493590;8.493260;8.493300;0
20210309 214800;8.493350;8.493350;8.488100;8.488240;0
20210309 214900;8.488240;8.491410;8.487840;8.491400;0
20210309 215000;8.491400;8.491920;8.491400;8.491620;0
20210309 215100;8.491610;8.492480;8.491610;8.492470;0
20210309 215200;8.492470;8.492610;8.491830;8.492110;0
20210309 215300;8.492320;8.493760;8.492320;8.492760;0
20210309 215400;8.492980;8.493260;8.491980;8.492260;0
20210309 215500;8.492120;8.492560;8.492120;8.492560;0
20210309 215600;8.492550;8.492560;8.491410;8.491540;0
20210309 215700;8.491610;8.491610;8.491120;8.491190;0
20210309 215800;8.491260;8.492370;8.491260;8.492300;0
20210309 215900;8.492450;8.492740;8.492450;8.492650;0
20210309 220000;8.492610;8.494120;8.492300;8.494120;0
20210309 220100;8.494120;8.494120;8.492860;8.492860;0
20210309 220200;8.492790;8.492870;8.492130;8.492270;0
20210309 220300;8.492520;8.492880;8.492520;8.492620;0
20210309 220400;8.492700;8.493260;8.492540;8.493260;0
20210309 220500;8.493270;8.493400;8.492770;8.492830;0
20210309 220600;8.492690;8.493620;8.492690;8.492900;0
20210309 220700;8.492830;8.492900;8.492540;8.492900;0
20210309 220800;8.492700;8.492830;8.487260;8.488410;0
20210309 220900;8.488320;8.488720;8.486620;8.488720;0
20210309 221000;8.488880;8.489680;8.487330;8.489040;0
20210309 221100;8.489130;8.489280;8.487660;8.489270;0
20210309 221200;8.489560;8.490760;8.488950;8.490750;0
20210309 221300;8.490750;8.491520;8.489760;8.490190;0
20210309 221400;8.490460;8.490460;8.487300;8.487360;0
20210309 221500;8.487360;8.488680;8.487220;8.487580;0
20210309 221600;8.487580;8.489780;8.487420;8.489320;0
20210309 221700;8.489320;8.490580;8.489120;8.489740;0
20210309 221800;8.489730;8.491120;8.489540;8.490550;0
20210309 221900;8.490550;8.490920;8.489490;8.489520;0
20210309 222000;8.489350;8.489410;8.488040;8.488400;0
20210309 222100;8.488400;8.490010;8.488140;8.488940;0
20210309 222200;8.488940;8.489420;8.487910;8.489420;0
20210309 222300;8.489420;8.490330;8.489080;8.490020;0
20210309 222400;8.489980;8.489990;8.489220;8.489520;0
20210309 222500;8.489630;8.490120;8.489470;8.489740;0
20210309 222600;8.489730;8.492530;8.489270;8.491820;0
20210309 222700;8.491820;8.492990;8.491250;8.492130;0
20210309 222800;8.492030;8.492120;8.490960;8.491020;0
20210309 222900;8.490960;8.492420;8.490960;8.492230;0
20210309 223000;8.492220;8.492400;8.490690;8.490960;0
20210309 223100;8.490970;8.491140;8.489460;8.489520;0
20210309 223200;8.489460;8.490820;8.489460;8.490480;0
20210309 223300;8.490280;8.490720;8.490050;8.490290;0
20210309 223400;8.490290;8.490840;8.489990;8.489990;0
20210309 223500;8.489990;8.490660;8.489560;8.490650;0
20210309 223600;8.490650;8.491120;8.490260;8.490320;0
20210309 223700;8.490320;8.490560;8.489790;8.490560;0
20210309 223800;8.490560;8.491410;8.490530;8.490910;0
20210309 223900;8.490900;8.491050;8.489830;8.490120;0
20210309 224000;8.490320;8.491120;8.489430;8.489510;0
20210309 224100;8.489500;8.490350;8.488380;8.490050;0
20210309 224200;8.490050;8.491060;8.490050;8.490960;0
20210309 224300;8.490960;8.491020;8.489900;8.490100;0
20210309 224400;8.489890;8.491450;8.489750;8.491320;0
20210309 224500;8.491250;8.492290;8.491230;8.491330;0
20210309 224600;8.491350;8.492530;8.491350;8.492250;0
20210309 224700;8.492230;8.492950;8.492040;8.492540;0
20210309 224800;8.492530;8.493530;8.491650;8.493520;0
20210309 224900;8.493520;8.493520;8.492460;8.492900;0
20210309 225000;8.492730;8.494220;8.492540;8.493120;0
20210309 225100;8.492970;8.493180;8.492960;8.492960;0
20210309 225200;8.492960;8.493020;8.492360;8.492370;0
20210309 225300;8.492370;8.492620;8.492370;8.492620;0
20210309 225400;8.492620;8.492800;8.492620;8.492800;0
20210309 225500;8.492790;8.492790;8.492580;8.492730;0
20210309 225600;8.492820;8.492820;8.492350;8.492350;0
20210309 225700;8.492350;8.493140;8.492350;8.492920;0
20210309 225800;8.492920;8.492930;8.492420;8.492850;0
20210309 225900;8.492850;8.492860;8.492440;8.492470;0
20210309 230000;8.492340;8.492340;8.492040;8.492100;0
20210309 230100;8.492110;8.492120;8.492100;8.492100;0
20210309 230200;8.492220;8.492470;8.491670;8.492460;0
20210309 230300;8.492530;8.492530;8.491690;8.491830;0
20210309 230400;8.491990;8.492380;8.491760;8.491920;0
20210309 230500;8.491930;8.492290;8.491920;8.491920;0
20210309 230600;8.491920;8.492130;8.491210;8.492120;0
20210309 230700;8.492120;8.492190;8.491770;8.492190;0
20210309 230800;8.492050;8.492060;8.491910;8.492050;0
20210309 230900;8.492050;8.492480;8.492050;8.492340;0
20210309 231000;8.492350;8.492470;8.492340;8.492460;0
20210309 231100;8.492460;8.492470;8.491790;8.491790;0
20210309 231200;8.491790;8.491790;8.491650;8.491650;0
20210309 231300;8.491650;8.491650;8.491370;8.491510;0
20210309 231400;8.491440;8.491940;8.491440;8.491940;0
20210309 231500;8.491940;8.492380;8.491940;8.491940;0
20210309 231600;8.491940;8.492020;8.491290;8.491290;0
20210309 231700;8.491290;8.491940;8.491290;8.491510;0
20210309 231800;8.491510;8.491520;8.491460;8.491460;0
20210309 231900;8.491460;8.492100;8.491460;8.491960;0
20210309 232000;8.491970;8.492250;8.491960;8.492170;0
20210309 232100;8.492170;8.492800;8.492170;8.492790;0
20210309 232200;8.492790;8.493330;8.492790;8.493010;0
20210309 232300;8.493020;8.493020;8.492130;8.492170;0
20210309 232400;8.492160;8.492310;8.492030;8.492030;0
20210309 232500;8.492030;8.492030;8.491700;8.491860;0
20210309 232600;8.491860;8.491920;8.491860;8.491860;0
20210309 232700;8.491870;8.492820;8.491750;8.492800;0
20210309 232800;8.492800;8.493430;8.492690;8.492920;0
20210309 232900;8.492920;8.494020;8.492760;8.493590;0
20210309 233000;8.493470;8.493470;8.492630;8.492990;0
20210309 233100;8.493150;8.493160;8.493150;8.493150;0
20210309 233200;8.493150;8.493150;8.491840;8.492010;0
20210309 233300;8.492020;8.492150;8.491870;8.492080;0
20210309 233400;8.492090;8.492580;8.492090;8.492550;0
20210309 233500;8.492560;8.493460;8.492560;8.493240;0
20210309 233600;8.493180;8.493790;8.493140;8.493780;0
20210309 233700;8.493750;8.494020;8.493750;8.494020;0
20210309 233800;8.494020;8.494030;8.493700;8.493700;0
20210309 233900;8.493700;8.493780;8.493700;8.493770;0
20210309 234000;8.493780;8.493870;8.476490;8.484620;0
20210309 234100;8.484720;8.487190;8.483520;8.487190;0
20210309 234200;8.487180;8.491990;8.487180;8.491060;0
20210309 234300;8.491070;8.491770;8.489920;8.490710;0
20210309 234400;8.490680;8.491100;8.490010;8.490740;0
20210309 234500;8.490780;8.490780;8.488980;8.489350;0
20210309 234600;8.489310;8.490800;8.489310;8.490270;0
20210309 234700;8.490270;8.491160;8.489770;8.490610;0
20210309 234800;8.490960;8.491560;8.490100;8.491170;0
20210309 234900;8.491160;8.491160;8.489870;8.490980;0
20210309 235000;8.490990;8.490990;8.490440;8.490810;0
20210309 235100;8.490800;8.491000;8.490100;8.490880;0
20210309 235200;8.490880;8.490890;8.489990;8.490730;0
20210309 235300;8.490730;8.491180;8.490040;8.491020;0
20210309 235400;8.491020;8.492270;8.490910;8.492030;0
20210309 235500;8.491880;8.492120;8.490690;8.490740;0
20210309 235600;8.490740;8.491700;8.490230;8.491090;0
20210309 235700;8.491040;8.491740;8.489940;8.490480;0
20210309 235800;8.490580;8.490900;8.489790;8.489830;0
20210309 235900;8.489840;8.490880;8.489760;8.489760;0
20210310 000000;8.489720;8.490510;8.489390;8.490460;0
20210310 000100;8.490460;8.490470;8.490050;8.490110;0
20210310 000200;8.490250;8.493020;8.490100;8.493020;0
20210310 000300;8.492920;8.492980;8.491630;8.492090;0
20210310 000400;8.492290;8.493830;8.491780;8.493520;0
20210310 000500;8.493620;8.495420;8.493520;8.494320;0
20210310 000600;8.494430;8.494430;8.493580;8.493580;0
20210310 000700;8.493640;8.493720;8.493230;8.493340;0
20210310 000800;8.493340;8.494130;8.493340;8.493850;0
20210310 000900;8.494080;8.495070;8.494080;8.494420;0
20210310 001000;8.494370;8.496320;8.494370;8.495130;0
20210310 001100;8.495220;8.495320;8.494570;8.495120;0
20210310 001200;8.495020;8.497160;8.495020;8.497150;0
20210310 001300;8.496950;8.497420;8.495780;8.495820;0
20210310 001400;8.495820;8.495920;8.494510;8.494740;0
20210310 001500;8.494740;8.498070;8.494170;8.497990;0
20210310 001600;8.498140;8.498140;8.497570;8.498000;0
20210310 001700;8.497780;8.497850;8.497710;8.497790;0
20210310 001800;8.497860;8.498210;8.497790;8.498210;0
20210310 001900;8.498290;8.498430;8.497930;8.498210;0
20210310 002000;8.498350;8.498500;8.497780;8.497780;0
20210310 002100;8.497940;8.498140;8.497930;8.498140;0
20210310 002200;8.498070;8.498080;8.498070;8.498070;0
20210310 002300;8.498070;8.498350;8.497710;8.497860;0
20210310 002400;8.497770;8.497840;8.495520;8.495560;0
20210310 002500;8.495710;8.495720;8.494640;8.494640;0
20210310 002600;8.494560;8.495530;8.494560;8.495230;0
20210310 002700;8.495200;8.496020;8.494770;8.496020;0
20210310 002800;8.496030;8.496380;8.495950;8.496380;0
20210310 002900;8.496450;8.496830;8.496380;8.496810;0
20210310 003000;8.496830;8.496830;8.495960;8.496090;0
20210310 003100;8.496230;8.496380;8.496090;8.496300;0
20210310 003200;8.496450;8.497420;8.496450;8.497220;0
20210310 003300;8.497120;8.497220;8.495660;8.495880;0
20210310 003400;8.495950;8.496300;8.495950;8.496300;0
20210310 003500;8.496230;8.496300;8.495880;8.495880;0
20210310 003600;8.495890;8.496130;8.495810;8.496130;0
20210310 003700;8.496120;8.496270;8.495350;8.495350;0
20210310 003800;8.495350;8.495800;8.495320;8.495410;0
20210310 003900;8.495410;8.495840;8.494920;8.494990;0
20210310 004000;8.495060;8.495720;8.494990;8.495350;0
20210310 004100;8.495560;8.495820;8.495350;8.495420;0
20210310 004200;8.495720;8.495720;8.495710;8.495710;0
20210310 004300;8.495710;8.496570;8.495710;8.496570;0
20210310 004400;8.496570;8.497020;8.496570;8.496740;0
20210310 004500;8.496890;8.498120;8.496890;8.497960;0
20210310 004600;8.498020;8.498120;8.497420;8.497640;0
20210310 004700;8.497720;8.498660;8.497720;8.498660;0
20210310 004800;8.498810;8.499180;8.498520;8.499090;0
20210310 004900;8.499150;8.508430;8.499090;8.508430;0
20210310 005000;8.508770;8.509660;8.507720;8.508640;0
20210310 005100;8.508590;8.509110;8.506580;8.506680;0
20210310 005200;8.506680;8.506690;8.504130;8.504750;0
20210310 005300;8.504670;8.505520;8.503720;8.503720;0
20210310 005400;8.503790;8.506240;8.503290;8.505360;0
20210310 005500;8.505360;8.505770;8.504930;8.504930;0
20210310 005600;8.505000;8.505640;8.504450;8.504480;0
20210310 005700;8.504530;8.504740;8.503650;8.503660;0
20210310 005800;8.503650;8.504130;8.503250;8.503750;0
20210310 005900;8.503640;8.504330;8.503010;8.503720;0
20210310 010000;8.503820;8.504120;8.502440;8.503910;0
20210310 010100;8.503920;8.504310;8.503320;8.503820;0
20210310 010200;8.503820;8.505620;8.503670;8.505370;0
20210310 010300;8.505330;8.505370;8.504650;8.504650;0
20210310 010400;8.504650;8.505830;8.504380;8.505670;0
20210310 010500;8.505680;8.505810;8.504740;8.505590;0
20210310 010600;8.505590;8.505760;8.505030;8.505210;0
20210310 010700;8.505500;8.505640;8.504410;8.505140;0
20210310 010800;8.505460;8.507280;8.505460;8.507110;0
20210310 010900;8.507110;8.507160;8.505420;8.505620;0
20210310 011000;8.505610;8.507420;8.505530;8.505910;0
20210310 011100;8.505940;8.507030;8.505940;8.506450;0
20210310 011200;8.506460;8.508330;8.506460;8.506640;0
20210310 011300;8.506560;8.507320;8.506560;8.507120;0
20210310 011400;8.507070;8.508220;8.506870;8.507650;0
20210310 011500;8.507600;8.508520;8.507370;8.508170;0
20210310 011600;8.508220;8.508330;8.507310;8.507840;0
20210310 011700;8.507800;8.508030;8.507400;8.507530;0
20210310 011800;8.507530;8.507910;8.507380;8.507420;0
20210310 011900;8.507520;8.507900;8.507380;8.507760;0
20210310 012000;8.507820;8.508340;8.507720;8.508190;0
20210310 012100;8.508150;8.509530;8.508090;8.509280;0
20210310 012200;8.509240;8.509600;8.509200;8.509330;0
20210310 012300;8.509380;8.509780;8.508850;8.509720;0
20210310 012400;8.509450;8.509930;8.509020;8.509150;0
20210310 012500;8.509200;8.509200;8.508550;8.508930;0
20210310 012600;8.508880;8.508880;8.506800;8.507020;0
20210310 012700;8.506980;8.507280;8.506660;8.506980;0
20210310 012800;8.506980;8.507100;8.506480;8.506910;0
20210310 012900;8.506910;8.507340;8.505850;8.505890;0
20210310 013000;8.505890;8.506600;8.505830;8.506070;0
20210310 013100;8.506150;8.506270;8.505760;8.506150;0
20210310 013200;8.506150;8.506550;8.505320;8.505320;0
20210310 013300;8.505240;8.506640;8.505240;8.506230;0
20210310 013400;8.506120;8.506820;8.505490;8.505490;0
20210310 013500;8.505370;8.505660;8.504490;8.504490;0
20210310 013600;8.504530;8.504580;8.503140;8.503140;0
20210310 013700;8.503140;8.504030;8.501770;8.502320;0
20210310 013800;8.502280;8.503360;8.501320;8.502290;0
20210310 013900;8.502300;8.502300;8.501750;8.501770;0
20210310 014000;8.501770;8.502070;8.501620;8.501860;0
20210310 014100;8.501890;8.501890;8.500920;8.501290;0
20210310 014200;8.501140;8.501290;8.500460;8.500460;0
20210310 014300;8.500410;8.502060;8.500100;8.500820;0
20210310 014400;8.500720;8.501680;8.499890;8.499990;0
20210310 014500;8.500030;8.500260;8.499670;8.499670;0
20210310 014600;8.499670;8.500060;8.499520;8.499700;0
20210310 014700;8.499700;8.501510;8.499660;8.500240;0
20210310 014800;8.500240;8.501750;8.500240;8.501550;0
20210310 014900;8.501750;8.502660;8.501550;8.502230;0
20210310 015000;8.501850;8.502050;8.500570;8.501370;0
20210310 015100;8.501370;8.504140;8.499890;8.500430;0
20210310 015200;8.500400;8.501400;8.498620;8.499520;0
20210310 015300;8.499520;8.501100;8.499360;8.500090;0
20210310 015400;8.500100;8.501750;8.499880;8.500300;0
20210310 015500;8.500300;8.500850;8.499050;8.499480;0
20210310 015600;8.499350;8.500760;8.488720;8.489260;0
20210310 015700;8.489130;8.491050;8.488620;8.489750;0
20210310 015800;8.489750;8.489960;8.488150;8.489260;0
20210310 015900;8.489250;8.500130;8.487810;8.489820;0
20210310 020000;8.489630;8.503070;8.489310;8.502140;0
20210310 020100;8.502650;8.503680;8.502110;8.503040;0
20210310 020200;8.504120;8.505710;8.502970;8.503220;0
20210310 020300;8.503220;8.503220;8.500400;8.501650;0
20210310 020400;8.501650;8.502060;8.501080;8.501650;0
20210310 020500;8.501640;8.502430;8.501640;8.502430;0
20210310 020600;8.502480;8.504690;8.501670;8.501720;0
20210310 020700;8.501600;8.502150;8.497030;8.499760;0
20210310 020800;8.499630;8.500050;8.496910;8.496910;0
20210310 020900;8.496910;8.497250;8.493160;8.495510;0
20210310 021000;8.495460;8.495500;8.493870;8.494320;0
20210310 021100;8.494520;8.495720;8.494120;8.494820;0
20210310 021200;8.495120;8.496020;8.494720;8.495420;0
20210310 021300;8.495330;8.498020;8.495020;8.496820;0
20210310 021400;8.496720;8.498920;8.495960;8.496050;0
20210310 021500;8.496130;8.496760;8.494600;8.495330;0
20210310 021600;8.495180;8.498220;8.495180;8.498020;0
20210310 021700;8.497950;8.498620;8.496900;8.496920;0
20210310 021800;8.497040;8.499780;8.497000;8.497620;0
20210310 021900;8.497620;8.498440;8.497420;8.497790;0
20210310 022000;8.497790;8.498090;8.495230;8.495230;0
20210310 022100;8.495130;8.498930;8.495130;8.498040;0
20210310 022200;8.498050;8.498490;8.497020;8.497270;0
20210310 022300;8.497270;8.497370;8.495790;8.496090;0
20210310 022400;8.495900;8.496740;8.490940;8.491720;0
20210310 022500;8.491710;8.493430;8.491680;8.492330;0
20210310 022600;8.492320;8.492870;8.492320;8.492750;0
20210310 022700;8.492840;8.494890;8.492200;8.494890;0
20210310 022800;8.494900;8.494930;8.492930;8.493610;0
20210310 022900;8.493610;8.496210;8.492800;8.494740;0
20210310 023000;8.494730;8.495540;8.493330;8.494720;0
20210310 023100;8.494730;8.494730;8.490930;8.491990;0
20210310 023200;8.492180;8.496000;8.492180;8.494030;0
20210310 023300;8.494030;8.495330;8.493720;8.494370;0
20210310 023400;8.494580;8.494840;8.494170;8.494410;0
20210310 023500;8.494410;8.496330;8.494410;8.495800;0
20210310 023600;8.495810;8.496270;8.494820;8.495320;0
20210310 023700;8.495220;8.496920;8.493700;8.493900;0
20210310 023800;8.493650;8.493650;8.491130;8.492400;0
20210310 023900;8.492520;8.492640;8.490920;8.491770;0
20210310 024000;8.491880;8.500670;8.491810;8.492990;0
20210310 024100;8.493140;8.496790;8.493130;8.496550;0
20210310 024200;8.496430;8.499170;8.496220;8.496450;0
20210310 024300;8.496410;8.496870;8.494260;8.494260;0
20210310 024400;8.494260;8.494260;8.490820;8.491400;0
20210310 024500;8.491430;8.491600;8.489220;8.490010;0
20210310 024600;8.489890;8.489890;8.488600;8.489240;0
20210310 024700;8.489230;8.490340;8.486680;8.489310;0
20210310 024800;8.489380;8.489570;8.487750;8.487750;0
20210310 024900;8.487750;8.488120;8.487550;8.487850;0
20210310 025000;8.487860;8.489290;8.487510;8.488990;0
20210310 025100;8.488880;8.489020;8.486950;8.487430;0
20210310 025200;8.487440;8.489750;8.487430;8.489210;0
20210310 025300;8.489250;8.490420;8.488820;8.489890;0
20210310 025400;8.489970;8.490400;8.489450;8.489840;0
20210310 025500;8.489820;8.492770;8.488610;8.492160;0
20210310 025600;8.492130;8.492680;8.490370;8.490570;0
20210310 025700;8.490640;8.492020;8.490640;8.491600;0
20210310 025800;8.491460;8.491460;8.487030;8.487430;0
20210310 025900;8.487370;8.491710;8.487360;8.490000;0
20210310 030000;8.489290;8.496370;8.488960;8.494660;0
20210310 030100;8.494730;8.495060;8.491720;8.493320;0
20210310 030200;8.493420;8.493420;8.487320;8.490360;0
20210310 030300;8.490420;8.491470;8.490350;8.491090;0
20210310 030400;8.491220;8.495680;8.491220;8.495000;0
20210310 030500;8.495020;8.503280;8.495020;8.503140;0
20210310 030600;8.503190;8.503190;8.496440;8.499070;0
20210310 030700;8.499150;8.505370;8.499150;8.503020;0
20210310 030800;8.503130;8.503250;8.497310;8.498250;0
20210310 030900;8.498300;8.499690;8.496570;8.498470;0
20210310 031000;8.498380;8.498380;8.490270;8.490860;0
20210310 031100;8.491060;8.495780;8.491060;8.493730;0
20210310 031200;8.493740;8.497350;8.493740;8.495630;0
20210310 031300;8.495630;8.496450;8.492140;8.492140;0
20210310 031400;8.492110;8.494310;8.488210;8.493820;0
20210310 031500;8.493820;8.493910;8.491380;8.493670;0
20210310 031600;8.493740;8.495150;8.493520;8.494550;0
20210310 031700;8.494790;8.496780;8.494540;8.496500;0
20210310 031800;8.496280;8.499010;8.493610;8.497740;0
20210310 031900;8.497660;8.497660;8.494630;8.495040;0
20210310 032000;8.495030;8.495090;8.493030;8.494680;0
20210310 032100;8.494640;8.498710;8.494270;8.498230;0
20210310 032200;8.498320;8.498760;8.493410;8.493450;0
20210310 032300;8.493680;8.495020;8.493560;8.494170;0
20210310 032400;8.494030;8.494030;8.488550;8.489470;0
20210310 032500;8.489380;8.495370;8.489230;8.495100;0
20210310 032600;8.494350;8.496020;8.494220;8.494520;0
20210310 032700;8.494480;8.495490;8.494380;8.495140;0
20210310 032800;8.495190;8.496800;8.494460;8.494830;0
20210310 032900;8.494800;8.497010;8.494670;8.496710;0
20210310 033000;8.496760;8.498720;8.493620;8.493620;0
20210310 033100;8.493620;8.493980;8.489610;8.490990;0
20210310 033200;8.490990;8.491230;8.487920;8.488080;0
20210310 033300;8.487970;8.488240;8.484280;8.484280;0
20210310 033400;8.484280;8.484460;8.478080;8.479490;0
20210310 033500;8.479490;8.484150;8.479490;8.483250;0
20210310 033600;8.483170;8.483620;8.477810;8.480540;0
20210310 033700;8.480540;8.481160;8.478800;8.480990;0
20210310 033800;8.480980;8.481720;8.479880;8.480030;0
20210310 033900;8.479940;8.479940;8.474490;8.474860;0
20210310 034000;8.474950;8.478690;8.474550;8.478480;0
20210310 034100;8.478290;8.478290;8.474970;8.477920;0
20210310 034200;8.477920;8.480470;8.477910;8.480140;0
20210310 034300;8.480130;8.482740;8.477920;8.481850;0
20210310 034400;8.481850;8.481930;8.477070;8.477400;0
20210310 034500;8.477340;8.478720;8.475850;8.478040;0
20210310 034600;8.478160;8.480240;8.476930;8.480230;0
20210310 034700;8.480310;8.481710;8.480050;8.480050;0
20210310 034800;8.479820;8.479820;8.475840;8.475950;0
20210310 034900;8.475950;8.475950;8.474170;8.474590;0
20210310 035000;8.474550;8.476230;8.474240;8.475340;0
20210310 035100;8.475280;8.475340;8.472020;8.472080;0
20210310 035200;8.472110;8.472980;8.468370;8.468950;0
20210310 035300;8.468800;8.470900;8.466300;8.469510;0
20210310 035400;8.468820;8.469320;8.467220;8.467270;0
20210310 035500;8.467350;8.468480;8.467300;8.468210;0
20210310 035600;8.468220;8.469070;8.467970;8.468260;0
20210310 035700;8.468390;8.469130;8.465830;8.467110;0
20210310 035800;8.467120;8.467220;8.462440;8.463290;0
20210310 035900;8.463470;8.466200;8.462180;8.465690;0
20210310 040000;8.465490;8.466420;8.462660;8.465470;0
20210310 040100;8.465560;8.468810;8.465220;8.467800;0
20210310 040200;8.467710;8.468200;8.460190;8.462970;0
20210310 040300;8.463170;8.463820;8.462800;8.463030;0
20210310 040400;8.463180;8.468000;8.463180;8.467800;0
20210310 040500;8.467810;8.468130;8.463540;8.463660;0
20210310 040600;8.463600;8.464310;8.459250;8.461490;0
20210310 040700;8.461570;8.463730;8.460300;8.462220;0
20210310 040800;8.462300;8.463440;8.461990;8.462270;0
20210310 040900;8.462360;8.466390;8.462360;8.464660;0
20210310 041000;8.464540;8.464630;8.462760;8.464210;0
20210310 041100;8.464140;8.467160;8.464030;8.465130;0
20210310 041200;8.465130;8.466040;8.462750;8.462750;0
20210310 041300;8.462690;8.463940;8.462690;8.463250;0
20210310 041400;8.463250;8.467010;8.462510;8.466260;0
20210310 041500;8.466140;8.468620;8.464540;8.468620;0
20210310 041600;8.468620;8.468620;8.467540;8.467560;0
20210310 041700;8.467520;8.468630;8.464870;8.465560;0
20210310 041800;8.465560;8.467250;8.465300;8.466860;0
20210310 041900;8.466800;8.467830;8.466470;8.466950;0
20210310 042000;8.466990;8.467320;8.465300;8.465660;0
20210310 042100;8.465650;8.465710;8.463180;8.463790;0
20210310 042200;8.463680;8.466020;8.462760;8.465800;0
20210310 042300;8.465820;8.466670;8.464900;8.466010;0
20210310 042400;8.465930;8.467890;8.465360;8.467480;0
20210310 042500;8.467510;8.469310;8.467510;8.468930;0
20210310 042600;8.469070;8.469640;8.465220;8.465220;0
20210310 042700;8.465420;8.465420;8.463840;8.465320;0
20210310 042800;8.465340;8.469880;8.465340;8.469870;0
20210310 042900;8.469870;8.470270;8.469470;8.469620;0
20210310 043000;8.469690;8.469690;8.468370;8.468740;0
20210310 043100;8.468910;8.471950;8.468680;8.471950;0
20210310 043200;8.471830;8.472360;8.470060;8.470350;0
20210310 043300;8.470330;8.470480;8.469100;8.469100;0
20210310 043400;8.469330;8.470620;8.469140;8.470620;0
20210310 043500;8.470530;8.472120;8.470090;8.470220;0
20210310 043600;8.470330;8.473310;8.469850;8.470450;0
20210310 043700;8.470430;8.471390;8.467900;8.468320;0
20210310 043800;8.468320;8.468390;8.464050;8.464410;0
20210310 043900;8.464300;8.464350;8.462190;8.462860;0
20210310 044000;8.462860;8.465920;8.462860;8.465330;0
20210310 044100;8.465110;8.465430;8.461830;8.461830;0
20210310 044200;8.461920;8.463720;8.461130;8.463620;0
20210310 044300;8.463520;8.468570;8.463420;8.467210;0
20210310 044400;8.467080;8.467080;8.463100;8.463190;0
20210310 044500;8.463520;8.468430;8.463420;8.468030;0
20210310 044600;8.467920;8.470330;8.467440;8.470020;0
20210310 044700;8.469920;8.470920;8.468880;8.468920;0
20210310 044800;8.468780;8.468780;8.467080;8.468130;0
20210310 044900;8.468130;8.468530;8.467290;8.468530;0
20210310 045000;8.468330;8.471230;8.467370;8.470790;0
20210310 045100;8.470890;8.471600;8.470420;8.470420;0
20210310 045200;8.470420;8.470930;8.469740;8.469740;0
20210310 045300;8.469610;8.469820;8.468340;8.468340;0
20210310 045400;8.468440;8.468690;8.466680;8.468680;0
20210310 045500;8.468680;8.469860;8.468200;8.469860;0
20210310 045600;8.469860;8.470380;8.469400;8.469410;0
20210310 045700;8.469400;8.469460;8.466060;8.466120;0
20210310 045800;8.466120;8.466130;8.463800;8.463920;0
20210310 045900;8.464050;8.467210;8.464050;8.464360;0
20210310 050000;8.464360;8.466440;8.463500;8.463880;0
20210310 050100;8.463980;8.464220;8.459890;8.460160;0
20210310 050200;8.460040;8.461810;8.457890;8.461270;0
20210310 050300;8.461340;8.468020;8.461340;8.466520;0
20210310 050400;8.466660;8.467130;8.466070;8.466360;0
20210310 050500;8.466360;8.468440;8.466290;8.468060;0
20210310 050600;8.467990;8.469960;8.465320;8.466450;0
20210310 050700;8.466490;8.466640;8.465540;8.465660;0
20210310 050800;8.465640;8.465640;8.463700;8.465550;0
20210310 050900;8.465560;8.468870;8.465320;8.468670;0
20210310 051000;8.468770;8.468780;8.466860;8.467040;0
20210310 051100;8.467310;8.468090;8.466820;8.468090;0
20210310 051200;8.468060;8.468470;8.467730;8.468190;0
20210310 051300;8.468120;8.468130;8.464210;8.467140;0
20210310 051400;8.467280;8.467610;8.466530;8.467580;0
20210310 051500;8.467330;8.469910;8.466950;8.468520;0
20210310 051600;8.468520;8.468660;8.465460;8.467190;0
20210310 051700;8.467190;8.468390;8.467190;8.468200;0
20210310 051800;8.468170;8.468170;8.463910;8.464280;0
20210310 051900;8.464280;8.464330;8.462910;8.463840;0
20210310 052000;8.463840;8.464620;8.463330;8.464520;0
20210310 052100;8.464520;8.464860;8.458530;8.458530;0
20210310 052200;8.458410;8.459630;8.458160;8.458620;0
20210310 052300;8.458670;8.461440;8.458600;8.461200;0
20210310 052400;8.461180;8.462420;8.460900;8.461680;0
20210310 052500;8.461920;8.462020;8.461160;8.461280;0
20210310 052600;8.461370;8.465510;8.461370;8.464220;0
20210310 052700;8.464210;8.467010;8.463870;8.466480;0
20210310 052800;8.466360;8.466380;8.465490;8.465740;0
20210310 052900;8.465740;8.467910;8.465170;8.466220;0
20210310 053000;8.466220;8.467850;8.466190;8.467790;0
20210310 053100;8.467880;8.469220;8.465120;8.465630;0
20210310 053200;8.465560;8.467420;8.465080;8.467120;0
20210310 053300;8.466930;8.467220;8.465980;8.465980;0
20210310 053400;8.466200;8.469430;8.466200;8.469410;0
20210310 053500;8.469410;8.470510;8.468810;8.468880;0
20210310 053600;8.468930;8.470670;8.468780;8.470670;0
20210310 053700;8.470610;8.474740;8.470490;8.474300;0
20210310 053800;8.474300;8.475770;8.474180;8.475760;0
20210310 053900;8.475870;8.476730;8.474840;8.475910;0
20210310 054000;8.476040;8.477300;8.476040;8.476680;0
20210310 054100;8.476690;8.476910;8.471940;8.472930;0
20210310 054200;8.473220;8.477150;8.473220;8.477150;0
20210310 054300;8.477240;8.479430;8.476980;8.478670;0
20210310 054400;8.478480;8.482150;8.478440;8.479760;0
20210310 054500;8.479770;8.480620;8.479480;8.479800;0
20210310 054600;8.479590;8.480080;8.476520;8.477100;0
20210310 054700;8.477210;8.480340;8.476960;8.478760;0
20210310 054800;8.478670;8.481570;8.478270;8.481570;0
20210310 054900;8.481520;8.481970;8.479400;8.479400;0
20210310 055000;8.479350;8.479350;8.476790;8.478640;0
20210310 055100;8.478530;8.479320;8.476930;8.477940;0
20210310 055200;8.477920;8.477920;8.476680;8.477080;0
20210310 055300;8.477110;8.477270;8.476490;8.476610;0
20210310 055400;8.476720;8.478020;8.474670;8.477220;0
20210310 055500;8.477340;8.478420;8.477200;8.478420;0
20210310 055600;8.478350;8.478670;8.477140;8.478590;0
20210310 055700;8.478520;8.478700;8.477350;8.477570;0
20210310 055800;8.477710;8.478570;8.477650;8.477980;0
20210310 055900;8.478070;8.478070;8.475990;8.477500;0
20210310 060000;8.477630;8.483740;8.476920;8.479600;0
20210310 060100;8.479600;8.481780;8.479500;8.479660;0
20210310 060200;8.479650;8.479650;8.474760;8.477240;0
20210310 060300;8.477100;8.477730;8.476210;8.476990;0
20210310 060400;8.476980;8.478950;8.476890;8.477600;0
20210310 060500;8.477600;8.480020;8.477410;8.479690;0
20210310 060600;8.479690;8.481030;8.479690;8.480490;0
20210310 060700;8.480490;8.483460;8.480060;8.481420;0
20210310 060800;8.481280;8.481280;8.477400;8.477610;0
20210310 060900;8.477520;8.480610;8.477080;8.480150;0
20210310 061000;8.480300;8.483200;8.480300;8.483200;0
20210310 061100;8.483180;8.484260;8.482820;8.483460;0
20210310 061200;8.483470;8.483470;8.478140;8.478140;0
20210310 061300;8.478280;8.480710;8.477630;8.479660;0
20210310 061400;8.479670;8.480430;8.479120;8.479410;0
20210310 061500;8.479610;8.480920;8.479610;8.479940;0
20210310 061600;8.479940;8.479950;8.479530;8.479630;0
20210310 061700;8.479720;8.481120;8.479310;8.480790;0
20210310 061800;8.480770;8.480860;8.477540;8.477560;0
20210310 061900;8.477560;8.480160;8.476060;8.480130;0
20210310 062000;8.480080;8.480900;8.479600;8.480860;0
20210310 062100;8.481020;8.481120;8.478210;8.479730;0
20210310 062200;8.479680;8.480330;8.479100;8.480100;0
20210310 062300;8.479990;8.481890;8.479910;8.481670;0
20210310 062400;8.481600;8.481730;8.480990;8.481600;0
20210310 062500;8.481670;8.485490;8.480880;8.484050;0
20210310 062600;8.484100;8.484900;8.483680;8.484720;0
20210310 062700;8.484760;8.487850;8.484530;8.487850;0
20210310 062800;8.487710;8.488020;8.485420;8.485420;0
20210310 062900;8.485550;8.486700;8.482290;8.483930;0
20210310 063000;8.483960;8.483960;8.479710;8.480270;0
20210310 063100;8.480150;8.480150;8.477200;8.477780;0
20210310 063200;8.477940;8.480210;8.477650;8.480210;0
20210310 063300;8.480120;8.481570;8.479310;8.481570;0
20210310 063400;8.481430;8.482920;8.481150;8.482830;0
20210310 063500;8.482620;8.483670;8.481420;8.483320;0
20210310 063600;8.483120;8.483430;8.481810;8.483120;0
20210310 063700;8.483020;8.485140;8.483020;8.485140;0
20210310 063800;8.485140;8.485980;8.484320;8.485280;0
20210310 063900;8.485270;8.485820;8.484670;8.485820;0
20210310 064000;8.485820;8.486820;8.485620;8.486320;0
20210310 064100;8.486320;8.490620;8.486320;8.489050;0
20210310 064200;8.489050;8.489250;8.488560;8.488910;0
20210310 064300;8.489050;8.490650;8.489050;8.490260;0
20210310 064400;8.490260;8.491310;8.490050;8.490070;0
20210310 064500;8.490060;8.491960;8.489150;8.491870;0
20210310 064600;8.491860;8.492110;8.488940;8.489650;0
20210310 064700;8.489820;8.491060;8.489820;8.490500;0
20210310 064800;8.490630;8.490780;8.486770;8.488050;0
20210310 064900;8.488200;8.488200;8.486400;8.486800;0
20210310 065000;8.486660;8.487090;8.484830;8.485720;0
20210310 065100;8.485930;8.486410;8.485390;8.485390;0
20210310 065200;8.485520;8.485520;8.480110;8.480330;0
20210310 065300;8.480330;8.481530;8.479600;8.479960;0
20210310 065400;8.480030;8.482230;8.479610;8.479610;0
20210310 065500;8.479680;8.480070;8.477930;8.479080;0
20210310 065600;8.478970;8.479500;8.477050;8.479380;0
20210310 065700;8.479490;8.480160;8.477840;8.480160;0
20210310 065800;8.480160;8.481950;8.479780;8.480150;0
20210310 065900;8.480020;8.481510;8.478090;8.478090;0
20210310 070000;8.478090;8.481810;8.478080;8.481670;0
20210310 070100;8.481860;8.483690;8.481520;8.481520;0
20210310 070200;8.481720;8.486100;8.481720;8.485790;0
20210310 070300;8.485900;8.487420;8.484870;8.485350;0
20210310 070400;8.485350;8.485530;8.481230;8.482340;0
20210310 070500;8.482120;8.482130;8.480510;8.480520;0
20210310 070600;8.480510;8.481490;8.479560;8.480730;0
20210310 070700;8.480620;8.480630;8.479130;8.479300;0
20210310 070800;8.479520;8.480860;8.477480;8.478080;0
20210310 070900;8.478180;8.479750;8.476570;8.479750;0
20210310 071000;8.479750;8.479750;8.476940;8.477000;0
20210310 071100;8.477000;8.477000;8.475040;8.475880;0
20210310 071200;8.475920;8.478820;8.475920;8.478810;0
20210310 071300;8.478820;8.479390;8.477320;8.477320;0
20210310 071400;8.477330;8.477330;8.475900;8.476960;0
20210310 071500;8.476930;8.476930;8.474330;8.476740;0
20210310 071600;8.476900;8.477610;8.474890;8.474890;0
20210310 071700;8.474840;8.474840;8.471440;8.473650;0
20210310 071800;8.473660;8.478210;8.471330;8.471400;0
20210310 071900;8.471400;8.471460;8.468370;8.470770;0
20210310 072000;8.470720;8.471540;8.468440;8.471330;0
20210310 072100;8.471280;8.472940;8.471250;8.471410;0
20210310 072200;8.471650;8.473760;8.471640;8.473760;0
20210310 072300;8.473740;8.474760;8.470970;8.470970;0
20210310 072400;8.470950;8.473830;8.470660;8.473580;0
20210310 072500;8.473510;8.473510;8.470760;8.470760;0
20210310 072600;8.470820;8.471080;8.468590;8.469970;0
20210310 072700;8.469670;8.469820;8.468220;8.468220;0
20210310 072800;8.468340;8.470390;8.467920;8.469600;0
20210310 072900;8.469600;8.470320;8.468780;8.469750;0
20210310 073000;8.469880;8.470070;8.467260;8.467640;0
20210310 073100;8.467700;8.469030;8.467410;8.468730;0
20210310 073200;8.468620;8.470420;8.467730;8.468000;0
20210310 073300;8.468140;8.469460;8.467740;8.469410;0
20210310 073400;8.469430;8.469680;8.468360;8.468560;0
20210310 073500;8.468460;8.469220;8.468270;8.468990;0
20210310 073600;8.468990;8.469550;8.468900;8.469190;0
20210310 073700;8.469060;8.469510;8.468710;8.468970;0
20210310 073800;8.468960;8.470020;8.468960;8.469740;0
20210310 073900;8.469740;8.470910;8.466230;8.470660;0
20210310 074000;8.470740;8.471320;8.470030;8.471150;0
20210310 074100;8.471070;8.471090;8.468280;8.469540;0
20210310 074200;8.469390;8.474100;8.469390;8.474100;0
20210310 074300;8.474150;8.476820;8.473720;8.476220;0
20210310 074400;8.476150;8.476890;8.475370;8.475470;0
20210310 074500;8.475470;8.476640;8.473740;8.476640;0
20210310 074600;8.476760;8.478380;8.475640;8.475720;0
20210310 074700;8.475710;8.475710;8.472730;8.473110;0
20210310 074800;8.473300;8.473990;8.473000;8.473520;0
20210310 074900;8.473380;8.475470;8.473170;8.475470;0
20210310 075000;8.475460;8.480780;8.475460;8.480740;0
20210310 075100;8.480740;8.481370;8.477820;8.479740;0
20210310 075200;8.479740;8.479740;8.477810;8.478700;0
20210310 075300;8.478700;8.479180;8.478380;8.478870;0
20210310 075400;8.478870;8.479000;8.477410;8.477570;0
20210310 075500;8.477500;8.477870;8.471850;8.473480;0
20210310 075600;8.473550;8.477790;8.471880;8.476670;0
20210310 075700;8.476670;8.483220;8.475840;8.481210;0
20210310 075800;8.481200;8.481500;8.477990;8.480980;0
20210310 075900;8.480970;8.481630;8.476130;8.476130;0
20210310 080000;8.476140;8.481640;8.475640;8.479800;0
20210310 080100;8.479780;8.482760;8.479550;8.479610;0
20210310 080200;8.479550;8.480100;8.477270;8.477590;0
20210310 080300;8.477450;8.481210;8.476750;8.481210;0
20210310 080400;8.481320;8.482810;8.479780;8.480740;0
20210310 080500;8.480540;8.482810;8.479360;8.482740;0
20210310 080600;8.482660;8.483940;8.476710;8.483330;0
20210310 080700;8.483410;8.483970;8.477190;8.477190;0
20210310 080800;8.476990;8.477420;8.474370;8.476000;0
20210310 080900;8.476000;8.478320;8.473480;8.473590;0
20210310 081000;8.473590;8.475230;8.472730;8.474420;0
20210310 081100;8.474520;8.479730;8.474230;8.477820;0
20210310 081200;8.477720;8.477920;8.473720;8.474950;0
20210310 081300;8.474770;8.477570;8.474130;8.477220;0
20210310 081400;8.477020;8.478130;8.474190;8.475240;0
20210310 081500;8.475240;8.475240;8.472510;8.474230;0
20210310 081600;8.474120;8.474750;8.472540;8.474750;0
20210310 081700;8.474750;8.479900;8.473810;8.479100;0
20210310 081800;8.479170;8.480680;8.479170;8.480300;0
20210310 081900;8.480380;8.480870;8.478770;8.480380;0
20210310 082000;8.480570;8.480590;8.477230;8.478810;0
20210310 082100;8.478950;8.478970;8.477660;8.477910;0
20210310 082200;8.477720;8.477720;8.473890;8.473890;0
20210310 082300;8.473650;8.476020;8.472070;8.476020;0
20210310 082400;8.476120;8.477120;8.475970;8.477100;0
20210310 082500;8.476910;8.477830;8.476120;8.477120;0
20210310 082600;8.477020;8.477520;8.474220;8.474520;0
20210310 082700;8.474320;8.476620;8.474020;8.476320;0
20210310 082800;8.476220;8.476220;8.475250;8.476140;0
20210310 082900;8.476130;8.476920;8.475650;8.476230;0
20210310 083000;8.476220;8.476220;8.457570;8.460820;0
20210310 083100;8.460970;8.462070;8.454560;8.454800;0
20210310 083200;8.454920;8.454920;8.448410;8.449520;0
20210310 083300;8.449520;8.451080;8.446770;8.447440;0
20210310 083400;8.447530;8.448430;8.434840;8.435840;0
20210310 083500;8.436040;8.448950;8.436040;8.441820;0
20210310 083600;8.441720;8.444720;8.437020;8.443660;0
20210310 083700;8.443660;8.454220;8.443660;8.453440;0
20210310 083800;8.453430;8.455390;8.451050;8.452750;0
20210310 083900;8.452530;8.457960;8.450940;8.456750;0
20210310 084000;8.456750;8.456920;8.450830;8.451620;0
20210310 084100;8.451320;8.463230;8.450820;8.461790;0
20210310 084200;8.461670;8.466960;8.460560;8.461320;0
20210310 084300;8.461320;8.462360;8.453790;8.455580;0
20210310 084400;8.455580;8.456030;8.454450;8.454580;0
20210310 084500;8.454640;8.455240;8.450830;8.453170;0
20210310 084600;8.453180;8.456830;8.450910;8.453520;0
20210310 084700;8.453620;8.453620;8.448190;8.448200;0
20210310 084800;8.448190;8.449370;8.447560;8.448030;0
20210310 084900;8.448040;8.450450;8.447720;8.449790;0
20210310 085000;8.449800;8.453560;8.448590;8.451650;0
20210310 085100;8.451640;8.456110;8.450260;8.452510;0
20210310 085200;8.452380;8.452850;8.450410;8.450970;0
20210310 085300;8.450690;8.450710;8.445470;8.448290;0
20210310 085400;8.448160;8.456420;8.448020;8.455540;0
20210310 085500;8.455410;8.455780;8.454060;8.455640;0
20210310 085600;8.455690;8.458420;8.454000;8.454000;0
20210310 085700;8.453960;8.453970;8.449170;8.449690;0
20210310 085800;8.449470;8.450070;8.446010;8.446120;0
20210310 085900;8.446120;8.448250;8.443130;8.446170;0
20210310 090000;8.446160;8.447870;8.444980;8.447580;0
20210310 090100;8.447540;8.452900;8.446790;8.448830;0
20210310 090200;8.448770;8.449030;8.445430;8.447680;0
20210310 090300;8.447830;8.448260;8.442590;8.442590;0
20210310 090400;8.442620;8.446120;8.442580;8.443600;0
20210310 090500;8.443520;8.445230;8.441140;8.444480;0
20210310 090600;8.444320;8.446520;8.443670;8.445880;0
20210310 090700;8.445800;8.448930;8.444260;8.444430;0
20210310 090800;8.444460;8.444460;8.439620;8.439620;0
20210310 090900;8.439470;8.440700;8.436380;8.436820;0
20210310 091000;8.436610;8.438800;8.433060;8.434090;0
20210310 091100;8.434090;8.435350;8.432710;8.434110;0
20210310 091200;8.434330;8.434330;8.429000;8.432580;0
20210310 091300;8.432530;8.432530;8.427370;8.428460;0
20210310 091400;8.428460;8.431510;8.428030;8.430070;0
20210310 091500;8.430040;8.433620;8.428760;8.433280;0
20210310 091600;8.433280;8.433760;8.431210;8.432150;0
20210310 091700;8.432310;8.432880;8.428120;8.432850;0
20210310 091800;8.432660;8.433520;8.429920;8.430880;0
20210310 091900;8.430790;8.431670;8.429580;8.431160;0
20210310 092000;8.431090;8.431210;8.429250;8.431190;0
20210310 092100;8.431200;8.432820;8.428980;8.430160;0
20210310 092200;8.430050;8.431220;8.429160;8.430860;0
20210310 092300;8.431120;8.432660;8.430970;8.431180;0
20210310 092400;8.431460;8.432120;8.429090;8.429840;0
20210310 092500;8.429850;8.432720;8.427470;8.431010;0
20210310 092600;8.430920;8.432220;8.426790;8.426790;0
20210310 092700;8.426990;8.429310;8.426990;8.429200;0
20210310 092800;8.429090;8.430630;8.428680;8.428860;0
20210310 092900;8.428950;8.432450;8.428100;8.430060;0
20210310 093000;8.429980;8.438420;8.429980;8.438420;0
20210310 093100;8.438520;8.440790;8.436050;8.439020;0
20210310 093200;8.439120;8.439120;8.434600;8.437220;0
20210310 093300;8.437320;8.440210;8.435820;8.436130;0
20210310 093400;8.436330;8.438620;8.434120;8.438500;0
20210310 093500;8.438500;8.442320;8.437910;8.438570;0
20210310 093600;8.438920;8.440580;8.434200;8.436000;0
20210310 093700;8.436080;8.436520;8.430520;8.433780;0
20210310 093800;8.433660;8.436720;8.432940;8.434910;0
20210310 093900;8.434640;8.435060;8.433130;8.434310;0
20210310 094000;8.434160;8.436970;8.431740;8.432820;0
20210310 094100;8.432820;8.432820;8.429300;8.432320;0
20210310 094200;8.432460;8.434930;8.429350;8.434820;0
20210310 094300;8.434520;8.435020;8.428430;8.431420;0
20210310 094400;8.431430;8.431430;8.425430;8.428170;0
20210310 094500;8.428170;8.428900;8.426080;8.428900;0
20210310 094600;8.428910;8.430630;8.427420;8.428440;0
20210310 094700;8.428440;8.430920;8.427740;8.429420;0
20210310 094800;8.429520;8.432320;8.428680;8.431430;0
20210310 094900;8.431870;8.433100;8.429300;8.432830;0
20210310 095000;8.432830;8.434110;8.428970;8.430610;0
20210310 095100;8.430610;8.433720;8.430330;8.433020;0
20210310 095200;8.433220;8.434520;8.432470;8.434020;0
20210310 095300;8.434120;8.435520;8.432590;8.435220;0
20210310 095400;8.435130;8.435920;8.432120;8.432120;0
20210310 095500;8.432170;8.434500;8.430540;8.434390;0
20210310 095600;8.434390;8.438650;8.434150;8.437860;0
20210310 095700;8.438000;8.439320;8.437670;8.439020;0
20210310 095800;8.439120;8.439120;8.436360;8.436370;0
20210310 095900;8.436200;8.438720;8.436060;8.436410;0
20210310 100000;8.436450;8.440520;8.436040;8.440180;0
20210310 100100;8.440180;8.440730;8.439060;8.440520;0
20210310 100200;8.440530;8.440530;8.437780;8.438030;0
20210310 100300;8.438030;8.442570;8.437540;8.441390;0
20210310 100400;8.441040;8.441040;8.437010;8.438690;0
20210310 100500;8.438560;8.438920;8.435410;8.436350;0
20210310 100600;8.436350;8.438680;8.434930;8.438510;0
20210310 100700;8.438520;8.441540;8.436580;8.441070;0
20210310 100800;8.441080;8.444220;8.440900;8.443250;0
20210310 100900;8.443320;8.444610;8.440630;8.443680;0
20210310 101000;8.444180;8.445680;8.442540;8.444600;0
20210310 101100;8.444600;8.448410;8.442570;8.447760;0
20210310 101200;8.447600;8.450260;8.446650;8.449960;0
20210310 101300;8.449960;8.451760;8.447430;8.451410;0
20210310 101400;8.451490;8.456050;8.450830;8.455770;0
20210310 101500;8.455760;8.455990;8.450390;8.452440;0
20210310 101600;8.452310;8.452860;8.451650;8.452420;0
20210310 101700;8.452430;8.453120;8.451700;8.451810;0
20210310 101800;8.451860;8.453720;8.451650;8.453050;0
20210310 101900;8.453050;8.454560;8.452240;8.452730;0
20210310 102000;8.452710;8.455390;8.452440;8.454910;0
20210310 102100;8.454990;8.460440;8.454910;8.460090;0
20210310 102200;8.460010;8.460170;8.454650;8.455290;0
20210310 102300;8.456220;8.456540;8.454150;8.454580;0
20210310 102400;8.454720;8.455620;8.454390;8.454720;0
20210310 102500;8.454740;8.458630;8.454250;8.458540;0
20210310 102600;8.458450;8.462100;8.457870;8.461460;0
20210310 102700;8.461530;8.461830;8.460320;8.461730;0
20210310 102800;8.461920;8.463520;8.460600;8.462940;0
20210310 102900;8.463020;8.472900;8.463020;8.472460;0
20210310 103000;8.472600;8.473640;8.466220;8.468870;0
20210310 103100;8.469070;8.472630;8.467530;8.472060;0
20210310 103200;8.472070;8.472100;8.466740;8.467140;0
20210310 103300;8.467300;8.467300;8.459970;8.462440;0
20210310 103400;8.462520;8.462980;8.458590;8.458590;0
20210310 103500;8.458550;8.462020;8.458400;8.461930;0
20210310 103600;8.462020;8.466690;8.460800;8.465180;0
20210310 103700;8.465170;8.466650;8.463750;8.464000;0
20210310 103800;8.464000;8.464640;8.461190;8.462510;0
20210310 103900;8.462590;8.469740;8.462590;8.467920;0
20210310 104000;8.468000;8.472110;8.468000;8.470030;0
20210310 104100;8.469820;8.469820;8.462590;8.464450;0
20210310 104200;8.464440;8.464550;8.462070;8.463440;0
20210310 104300;8.463440;8.463900;8.461770;8.461950;0
20210310 104400;8.461950;8.462970;8.460980;8.461130;0
20210310 104500;8.461080;8.462180;8.457200;8.457540;0
20210310 104600;8.457580;8.460900;8.455620;8.456110;0
20210310 104700;8.456100;8.457750;8.455590;8.457190;0
20210310 104800;8.457240;8.459420;8.456260;8.457080;0
20210310 104900;8.457080;8.459640;8.457080;8.458520;0
20210310 105000;8.458470;8.463850;8.458470;8.460710;0
20210310 105100;8.460720;8.462630;8.459490;8.461680;0
20210310 105200;8.461620;8.462040;8.457440;8.460750;0
20210310 105300;8.460770;8.464920;8.460530;8.463520;0
20210310 105400;8.463420;8.464420;8.456700;8.458710;0
20210310 105500;8.458720;8.461030;8.456450;8.456830;0
20210310 105600;8.456820;8.459740;8.456810;8.459480;0
20210310 105700;8.459390;8.461600;8.458720;8.461440;0
20210310 105800;8.461400;8.462840;8.460040;8.462840;0
20210310 105900;8.462840;8.465520;8.462610;8.464450;0
20210310 110000;8.464450;8.464920;8.460560;8.461630;0
20210310 110100;8.461740;8.461950;8.460190;8.460870;0
20210310 110200;8.460940;8.463710;8.459920;8.461190;0
20210310 110300;8.461190;8.464530;8.460570;8.463720;0
20210310 110400;8.463820;8.464140;8.462800;8.463030;0
20210310 110500;8.462930;8.467590;8.459920;8.460140;0
20210310 110600;8.460320;8.460930;8.459740;8.460600;0
20210310 110700;8.460610;8.461340;8.458990;8.460910;0
20210310 110800;8.460860;8.460860;8.456900;8.457360;0
20210310 110900;8.457360;8.462730;8.457360;8.462730;0
20210310 111000;8.462820;8.465920;8.462520;8.465720;0
20210310 111100;8.465820;8.467180;8.464490;8.465720;0
20210310 111200;8.465420;8.465520;8.462820;8.464420;0
20210310 111300;8.464420;8.464420;8.458710;8.459860;0
20210310 111400;8.459860;8.461130;8.459260;8.461020;0
20210310 111500;8.461120;8.462420;8.460020;8.462420;0
20210310 111600;8.462720;8.464330;8.461360;8.463970;0
20210310 111700;8.464420;8.466750;8.463700;8.466740;0
20210310 111800;8.466600;8.467420;8.465730;8.466020;0
20210310 111900;8.466020;8.466920;8.465430;8.465760;0
20210310 112000;8.465750;8.466330;8.463660;8.463660;0
20210310 112100;8.463790;8.466830;8.463790;8.466580;0
20210310 112200;8.466590;8.468560;8.465420;8.468080;0
20210310 112300;8.468090;8.468330;8.466390;8.466390;0
20210310 112400;8.466250;8.469700;8.463670;8.469180;0
20210310 112500;8.469190;8.469440;8.468300;8.469060;0
20210310 112600;8.469060;8.469060;8.467010;8.467230;0
20210310 112700;8.467250;8.467250;8.462820;8.463330;0
20210310 112800;8.463330;8.463740;8.459050;8.459720;0
20210310 112900;8.459720;8.460380;8.458710;8.459190;0
20210310 113000;8.459050;8.461160;8.458870;8.461070;0
20210310 113100;8.461070;8.461450;8.459940;8.459940;0
20210310 113200;8.459940;8.460040;8.459360;8.459590;0
20210310 113300;8.459600;8.459960;8.459100;8.459670;0
20210310 113400;8.459670;8.460880;8.459320;8.460490;0
20210310 113500;8.460480;8.461130;8.459270;8.460750;0
20210310 113600;8.460620;8.460620;8.458650;8.459260;0
20210310 113700;8.459200;8.460450;8.459130;8.460380;0
20210310 113800;8.460410;8.461330;8.459150;8.459360;0
20210310 113900;8.459460;8.459640;8.458520;8.458880;0
20210310 114000;8.458880;8.459460;8.457720;8.458010;0
20210310 114100;8.457970;8.459850;8.456860;8.457630;0
20210310 114200;8.457630;8.462120;8.457630;8.461110;0
20210310 114300;8.461460;8.467750;8.461460;8.464980;0
20210310 114400;8.464910;8.465200;8.463570;8.464820;0
20210310 114500;8.464880;8.465470;8.463820;8.464380;0
20210310 114600;8.464390;8.464390;8.463150;8.463550;0
20210310 114700;8.463590;8.463720;8.461230;8.461470;0
20210310 114800;8.461400;8.462100;8.460530;8.460530;0
20210310 114900;8.460530;8.461000;8.459820;8.460750;0
20210310 115000;8.460750;8.460750;8.458640;8.459210;0
20210310 115100;8.458860;8.459750;8.456160;8.458950;0
20210310 115200;8.459020;8.459020;8.458140;8.458610;0
20210310 115300;8.458610;8.458980;8.453350;8.456590;0
20210310 115400;8.456590;8.457950;8.455390;8.456440;0
20210310 115500;8.456590;8.457040;8.456100;8.456530;0
20210310 115600;8.456530;8.457250;8.456110;8.456900;0
20210310 115700;8.456710;8.456820;8.455930;8.456060;0
20210310 115800;8.456040;8.456280;8.455740;8.455960;0
20210310 115900;8.455960;8.457000;8.455110;8.455780;0
20210310 120000;8.455790;8.455790;8.454100;8.454710;0
20210310 120100;8.454860;8.456540;8.454600;8.454600;0
20210310 120200;8.454600;8.458130;8.453020;8.456600;0
20210310 120300;8.456600;8.460270;8.456250;8.459340;0
20210310 120400;8.459340;8.459340;8.455850;8.456230;0
20210310 120500;8.456190;8.456220;8.455350;8.455900;0
20210310 120600;8.455770;8.456340;8.454650;8.455100;0
20210310 120700;8.455010;8.455110;8.454020;8.454400;0
20210310 120800;8.454440;8.456060;8.454230;8.456060;0
20210310 120900;8.456010;8.457090;8.455630;8.456900;0
20210310 121000;8.457000;8.457800;8.456700;8.457260;0
20210310 121100;8.457270;8.457350;8.455800;8.456030;0
20210310 121200;8.456190;8.457130;8.456160;8.456890;0
20210310 121300;8.456980;8.458290;8.456980;8.457110;0
20210310 121400;8.457070;8.457230;8.456320;8.456660;0
20210310 121500;8.456900;8.457770;8.455570;8.455760;0
20210310 121600;8.455790;8.456330;8.455710;8.456300;0
20210310 121700;8.456310;8.456310;8.452380;8.452690;0
20210310 121800;8.452940;8.453400;8.452370;8.453200;0
20210310 121900;8.453160;8.454420;8.452990;8.454110;0
20210310 122000;8.454310;8.455870;8.454310;8.455120;0
20210310 122100;8.455120;8.455890;8.455030;8.455740;0
20210310 122200;8.455670;8.455730;8.453970;8.454100;0
20210310 122300;8.454100;8.454880;8.454100;8.454880;0
20210310 122400;8.455040;8.456010;8.454560;8.454970;0
20210310 122500;8.454980;8.455400;8.454880;8.455360;0
20210310 122600;8.455440;8.455440;8.452630;8.452630;0
20210310 122700;8.452400;8.453110;8.452370;8.453110;0
20210310 122800;8.452910;8.453490;8.452370;8.453330;0
20210310 122900;8.453630;8.453630;8.452470;8.452830;0
20210310 123000;8.452610;8.452610;8.452340;8.452470;0
20210310 123100;8.452670;8.452670;8.452370;8.452370;0
20210310 123200;8.452370;8.452520;8.452240;8.452380;0
20210310 123300;8.452380;8.452380;8.452370;8.452370;0
20210310 123400;8.452370;8.452510;8.452370;8.452370;0
20210310 123500;8.452380;8.452380;8.451100;8.451250;0
20210310 123600;8.451230;8.452130;8.451230;8.451580;0
20210310 123700;8.451690;8.451700;8.450640;8.450880;0
20210310 123800;8.450960;8.451280;8.450220;8.450700;0
20210310 123900;8.451140;8.453560;8.450600;8.453180;0
20210310 124000;8.453180;8.453580;8.451940;8.452720;0
20210310 124100;8.452720;8.453410;8.451510;8.451510;0
20210310 124200;8.451710;8.452850;8.450070;8.451650;0
20210310 124300;8.452000;8.452370;8.450380;8.450450;0
20210310 124400;8.450490;8.450490;8.449870;8.449870;0
20210310 124500;8.449740;8.449870;8.446910;8.446990;0
20210310 124600;8.446820;8.447110;8.446420;8.446430;0
20210310 124700;8.446460;8.447570;8.446460;8.447130;0
20210310 124800;8.447030;8.447950;8.446440;8.447460;0
20210310 124900;8.447290;8.448050;8.447170;8.447420;0
20210310 125000;8.447420;8.447760;8.446840;8.447650;0
20210310 125100;8.447930;8.448280;8.447560;8.448170;0
20210310 125200;8.448140;8.449230;8.447640;8.448760;0
20210310 125300;8.448770;8.450210;8.448300;8.449930;0
20210310 125400;8.449930;8.449930;8.449260;8.449660;0
20210310 125500;8.449590;8.450180;8.449340;8.449620;0
20210310 125600;8.449570;8.449800;8.449120;8.449650;0
20210310 125700;8.449670;8.450690;8.449320;8.450690;0
20210310 125800;8.450690;8.450700;8.447870;8.447870;0
20210310 125900;8.447890;8.448230;8.446130;8.448190;0
20210310 130000;8.448180;8.449140;8.447580;8.448060;0
20210310 130100;8.447990;8.456360;8.447990;8.455620;0
20210310 130200;8.455200;8.457140;8.451870;8.452810;0
20210310 130300;8.452630;8.453110;8.449590;8.449650;0
20210310 130400;8.449430;8.449430;8.441770;8.443170;0
20210310 130500;8.443390;8.444270;8.441200;8.442480;0
20210310 130600;8.442530;8.445930;8.441430;8.441880;0
20210310 130700;8.441780;8.444030;8.437450;8.439920;0
20210310 130800;8.440160;8.441460;8.439760;8.440590;0
20210310 130900;8.440590;8.442410;8.432150;8.432150;0
20210310 131000;8.432290;8.434860;8.431710;8.434770;0
20210310 131100;8.434900;8.436350;8.433730;8.434000;0
20210310 131200;8.433850;8.436130;8.432350;8.436040;0
20210310 131300;8.436320;8.440020;8.435610;8.438740;0
20210310 131400;8.438920;8.439640;8.437550;8.437550;0
20210310 131500;8.437360;8.448360;8.437000;8.448310;0
20210310 131600;8.447500;8.447500;8.445220;8.446660;0
20210310 131700;8.446520;8.448370;8.446380;8.446720;0
20210310 131800;8.446580;8.446930;8.445460;8.446190;0
20210310 131900;8.446340;8.447320;8.441880;8.447230;0
20210310 132000;8.447330;8.448100;8.441520;8.442060;0
20210310 132100;8.441990;8.442690;8.440240;8.440620;0
20210310 132200;8.440440;8.440610;8.437810;8.437890;0
20210310 132300;8.438040;8.438160;8.437380;8.437900;0
20210310 132400;8.438060;8.439510;8.438060;8.439510;0
20210310 132500;8.439510;8.439650;8.438000;8.438280;0
20210310 132600;8.438140;8.438370;8.436540;8.438250;0
20210310 132700;8.438100;8.438620;8.437210;8.438310;0
20210310 132800;8.438230;8.438290;8.437570;8.438060;0
20210310 132900;8.438050;8.440670;8.437890;8.438950;0
20210310 133000;8.438820;8.439580;8.437970;8.438120;0
20210310 133100;8.438090;8.438090;8.437150;8.437260;0
20210310 133200;8.437100;8.440120;8.437090;8.439390;0
20210310 133300;8.439420;8.441320;8.438990;8.440860;0
20210310 133400;8.440720;8.440890;8.439610;8.440190;0
20210310 133500;8.440350;8.440650;8.439440;8.439640;0
20210310 133600;8.439860;8.444990;8.439810;8.444340;0
20210310 133700;8.444200;8.445090;8.443740;8.444940;0
20210310 133800;8.445020;8.445440;8.444440;8.444440;0
20210310 133900;8.444280;8.445480;8.444080;8.444620;0
20210310 134000;8.444400;8.444400;8.442260;8.442440;0
20210310 134100;8.442280;8.442280;8.440360;8.441010;0
20210310 134200;8.440870;8.441170;8.440470;8.440470;0
20210310 134300;8.440320;8.440720;8.440080;8.440720;0
20210310 134400;8.440920;8.441350;8.440720;8.441170;0
20210310 134500;8.441280;8.443500;8.441280;8.443180;0
20210310 134600;8.443220;8.443760;8.442760;8.443750;0
20210310 134700;8.443550;8.443740;8.442990;8.443560;0
20210310 134800;8.443590;8.446670;8.443310;8.446340;0
20210310 134900;8.446200;8.446200;8.443370;8.443370;0
20210310 135000;8.443240;8.444380;8.443100;8.444040;0
20210310 135100;8.443960;8.444060;8.442330;8.443150;0
20210310 135200;8.443290;8.444270;8.441990;8.443730;0
20210310 135300;8.443640;8.444270;8.443640;8.444270;0
20210310 135400;8.444300;8.444490;8.443600;8.443790;0
20210310 135500;8.443940;8.444150;8.443610;8.443760;0
20210310 135600;8.443660;8.443660;8.441960;8.441960;0
20210310 135700;8.442110;8.442110;8.438660;8.438860;0
20210310 135800;8.438880;8.439860;8.438050;8.439180;0
20210310 135900;8.439040;8.440250;8.438770;8.440040;0
20210310 140000;8.440040;8.442300;8.440040;8.441230;0
20210310 140100;8.441240;8.441980;8.441130;8.441640;0
20210310 140200;8.441470;8.441580;8.434990;8.436170;0
20210310 140300;8.436320;8.436620;8.435730;8.435850;0
20210310 140400;8.435670;8.436700;8.435670;8.436310;0
20210310 140500;8.436110;8.436110;8.434080;8.434410;0
20210310 140600;8.434550;8.435030;8.434310;8.434630;0
20210310 140700;8.434600;8.435380;8.434600;8.434930;0
20210310 140800;8.434710;8.435510;8.434710;8.435110;0
20210310 140900;8.435180;8.436220;8.435180;8.436220;0
20210310 141000;8.436170;8.436530;8.434800;8.434800;0
20210310 141100;8.434870;8.435230;8.434340;8.435060;0
20210310 141200;8.434760;8.434760;8.430610;8.430610;0
20210310 141300;8.430790;8.431320;8.430730;8.430980;0
20210310 141400;8.431180;8.432030;8.431050;8.431460;0
20210310 141500;8.431650;8.432260;8.431350;8.431580;0
20210310 141600;8.431490;8.431830;8.431450;8.431720;0
20210310 141700;8.431590;8.431680;8.431390;8.431390;0
20210310 141800;8.431230;8.431310;8.430890;8.431100;0
20210310 141900;8.431300;8.431730;8.431080;8.431450;0
20210310 142000;8.431310;8.431380;8.431100;8.431350;0
20210310 142100;8.431340;8.431560;8.430930;8.430950;0
20210310 142200;8.431040;8.431940;8.430600;8.431570;0
20210310 142300;8.431430;8.431520;8.430470;8.431330;0
20210310 142400;8.431320;8.431960;8.430850;8.431670;0
20210310 142500;8.431720;8.432020;8.430950;8.431270;0
20210310 142600;8.431210;8.431210;8.427880;8.427880;0
20210310 142700;8.428200;8.429630;8.428200;8.428570;0
20210310 142800;8.428520;8.429630;8.427990;8.428840;0
20210310 142900;8.428920;8.429720;8.428620;8.428800;0
20210310 143000;8.428860;8.430390;8.428720;8.430130;0
20210310 143100;8.430020;8.430040;8.428950;8.429150;0
20210310 143200;8.429290;8.430410;8.429290;8.430130;0
20210310 143300;8.430000;8.430310;8.429960;8.430210;0
20210310 143400;8.430240;8.430520;8.430070;8.430430;0
20210310 143500;8.430510;8.430640;8.430080;8.430460;0
20210310 143600;8.430660;8.430740;8.430280;8.430560;0
20210310 143700;8.430720;8.431150;8.430630;8.430930;0
20210310 143800;8.431130;8.431500;8.430970;8.431460;0
20210310 143900;8.431630;8.432160;8.431600;8.431620;0
20210310 144000;8.431770;8.432420;8.430920;8.432210;0
20210310 144100;8.432000;8.432080;8.431440;8.432070;0
20210310 144200;8.431950;8.432470;8.431350;8.432210;0
20210310 144300;8.432210;8.432490;8.432000;8.432260;0
20210310 144400;8.432200;8.432640;8.431380;8.432640;0
20210310 144500;8.432630;8.433320;8.431330;8.431470;0
20210310 144600;8.431600;8.431770;8.431200;8.431680;0
20210310 144700;8.431720;8.431930;8.431150;8.431170;0
20210310 144800;8.431100;8.431100;8.428470;8.428910;0
20210310 144900;8.428670;8.428670;8.425560;8.425670;0
20210310 145000;8.425690;8.426550;8.425690;8.426380;0
20210310 145100;8.426380;8.427720;8.426350;8.427390;0
20210310 145200;8.427400;8.427660;8.426700;8.426700;0
20210310 145300;8.426660;8.426790;8.425610;8.426790;0
20210310 145400;8.426850;8.427160;8.426310;8.426680;0
20210310 145500;8.426830;8.427270;8.426480;8.426690;0
20210310 145600;8.426560;8.427830;8.426420;8.427650;0
20210310 145700;8.427800;8.428200;8.426190;8.426530;0
20210310 145800;8.426680;8.428980;8.426520;8.428700;0
20210310 145900;8.428710;8.430030;8.427770;8.429820;0
20210310 150000;8.429520;8.429610;8.427660;8.427750;0
20210310 150100;8.427680;8.427710;8.424370;8.424370;0
20210310 150200;8.424310;8.424570;8.422170;8.422170;0
20210310 150300;8.422370;8.426820;8.421800;8.425350;0
20210310 150400;8.425620;8.427030;8.425530;8.427000;0
20210310 150500;8.426960;8.427130;8.426390;8.426680;0
20210310 150600;8.426860;8.427480;8.426860;8.427240;0
20210310 150700;8.427720;8.428190;8.427310;8.427520;0
20210310 150800;8.427320;8.428770;8.427230;8.427520;0
20210310 150900;8.427340;8.429070;8.427200;8.429070;0
20210310 151000;8.428820;8.429510;8.428700;8.429010;0
20210310 151100;8.429150;8.429150;8.428470;8.428570;0
20210310 151200;8.428430;8.429020;8.427310;8.427310;0
20210310 151300;8.427270;8.427960;8.426920;8.427810;0
20210310 151400;8.427840;8.428120;8.427250;8.427630;0
20210310 151500;8.427620;8.427800;8.426180;8.426250;0
20210310 151600;8.426260;8.426490;8.425390;8.426440;0
20210310 151700;8.426560;8.426770;8.425980;8.426120;0
20210310 151800;8.426330;8.426630;8.425630;8.425780;0
20210310 151900;8.425630;8.426740;8.425540;8.426370;0
20210310 152000;8.426090;8.426640;8.426090;8.426640;0
20210310 152100;8.426390;8.426390;8.425460;8.426280;0
20210310 152200;8.426370;8.429010;8.426370;8.428270;0
20210310 152300;8.428260;8.428750;8.428050;8.428380;0
20210310 152400;8.428380;8.429730;8.428170;8.429030;0
20210310 152500;8.429020;8.429630;8.429020;8.429310;0
20210310 152600;8.429300;8.429400;8.428750;8.429230;0
20210310 152700;8.429230;8.429230;8.425820;8.426260;0
20210310 152800;8.426460;8.427110;8.426460;8.426830;0
20210310 152900;8.426680;8.427490;8.426680;8.427410;0
20210310 153000;8.427570;8.427770;8.427290;8.427770;0
20210310 153100;8.427960;8.428400;8.427840;8.428220;0
20210310 153200;8.428330;8.428540;8.426780;8.427400;0
20210310 153300;8.427210;8.427600;8.427050;8.427590;0
20210310 153400;8.427550;8.428190;8.427500;8.428110;0
20210310 153500;8.427880;8.428140;8.427740;8.428140;0
20210310 153600;8.428080;8.428670;8.427750;8.428350;0
20210310 153700;8.428450;8.428540;8.427760;8.428300;0
20210310 153800;8.428430;8.428430;8.427050;8.427200;0
20210310 153900;8.426990;8.427680;8.426990;8.427500;0
20210310 154000;8.427680;8.427680;8.426750;8.426810;0
20210310 154100;8.426950;8.427320;8.426300;8.426300;0
20210310 154200;8.426150;8.427150;8.425700;8.426640;0
20210310 154300;8.426840;8.426990;8.426560;8.426870;0
20210310 154400;8.426730;8.427330;8.426340;8.427050;0
20210310 154500;8.427210;8.428160;8.427210;8.428050;0
20210310 154600;8.427870;8.428220;8.426170;8.426580;0
20210310 154700;8.426480;8.426630;8.425650;8.426190;0
20210310 154800;8.426340;8.426340;8.425970;8.425970;0
20210310 154900;8.426180;8.426860;8.426180;8.426860;0
20210310 155000;8.427060;8.429300;8.427060;8.428370;0
20210310 155100;8.428390;8.429080;8.428390;8.428760;0
20210310 155200;8.428900;8.429200;8.428450;8.428450;0
20210310 155300;8.428620;8.429520;8.428620;8.429220;0
20210310 155400;8.429330;8.432710;8.428950;8.432240;0
20210310 155500;8.432250;8.432770;8.431180;8.431180;0
20210310 155600;8.430920;8.431340;8.427880;8.427880;0
20210310 155700;8.427750;8.429080;8.427310;8.427310;0
20210310 155800;8.427150;8.428460;8.426740;8.428120;0
20210310 155900;8.428120;8.428810;8.427610;8.427920;0
20210310 160000;8.427860;8.428420;8.427600;8.428420;0
20210310 160100;8.428420;8.428420;8.427400;8.427830;0
20210310 160200;8.427970;8.428400;8.425930;8.426290;0
20210310 160300;8.426290;8.427440;8.426290;8.427060;0
20210310 160400;8.427060;8.427360;8.427060;8.427360;0
20210310 160500;8.427360;8.427590;8.426940;8.427220;0
20210310 160600;8.427230;8.428150;8.427220;8.428070;0
20210310 160700;8.427860;8.428500;8.427860;8.428070;0
20210310 160800;8.427910;8.428650;8.427760;8.428650;0
20210310 160900;8.428650;8.429270;8.428360;8.428830;0
20210310 161000;8.428610;8.429140;8.428610;8.428640;0
20210310 161100;8.428500;8.429070;8.428420;8.428730;0
20210310 161200;8.428730;8.428730;8.428500;8.428500;0
20210310 161300;8.428500;8.428800;8.428090;8.428090;0
20210310 161400;8.427880;8.427880;8.427170;8.427170;0
20210310 161500;8.427180;8.427180;8.426950;8.427090;0
20210310 161600;8.427090;8.427090;8.426380;8.426400;0
20210310 161700;8.426450;8.426680;8.426450;8.426670;0
20210310 161800;8.426670;8.426810;8.426670;8.426810;0
20210310 161900;8.426950;8.426950;8.426660;8.426670;0
20210310 162000;8.426660;8.426660;8.426380;8.426380;0
20210310 162100;8.426290;8.426290;8.426290;8.426290;0
20210310 162200;8.426020;8.426020;8.425650;8.425650;0
20210310 162300;8.425790;8.425790;8.424730;8.424950;0
20210310 162400;8.424950;8.425030;8.424950;8.425020;0
20210310 162500;8.425160;8.425230;8.424950;8.424960;0
20210310 162600;8.424950;8.425130;8.424730;8.424730;0
20210310 162700;8.424740;8.425380;8.424730;8.425200;0
20210310 162800;8.425200;8.425990;8.425200;8.425380;0
20210310 162900;8.425380;8.425840;8.425220;8.425840;0
20210310 163000;8.425500;8.426490;8.425500;8.426480;0
20210310 163100;8.426630;8.426630;8.426200;8.426270;0
20210310 163200;8.426270;8.426290;8.426270;8.426290;0
20210310 163300;8.426300;8.426300;8.426290;8.426290;0
20210310 163400;8.426290;8.426290;8.426140;8.426140;0
20210310 163500;8.426010;8.426180;8.425730;8.426180;0
20210310 163600;8.426390;8.426400;8.426390;8.426390;0
20210310 163700;8.426400;8.427920;8.425610;8.426950;0
20210310 163800;8.426920;8.427140;8.426270;8.427070;0
20210310 163900;8.427220;8.427220;8.426540;8.427180;0
20210310 164000;8.427220;8.428040;8.426180;8.426900;0
20210310 164100;8.426900;8.427140;8.426280;8.426710;0
20210310 164200;8.426710;8.427250;8.426490;8.426920;0
20210310 164300;8.426980;8.427320;8.426560;8.427220;0
20210310 164400;8.427220;8.427900;8.426400;8.427250;0
20210310 164500;8.427060;8.428380;8.426820;8.427930;0
20210310 164600;8.428220;8.428320;8.426630;8.427600;0
20210310 164700;8.427640;8.428110;8.426930;8.427500;0
20210310 164800;8.427490;8.429020;8.427040;8.427700;0
20210310 164900;8.427700;8.428230;8.426810;8.427390;0
20210310 165000;8.427220;8.428030;8.426260;8.426790;0
20210310 165100;8.426920;8.427970;8.426280;8.426400;0
20210310 165200;8.427830;8.428000;8.426320;8.427350;0
20210310 165300;8.427220;8.427970;8.426320;8.427630;0
20210310 165400;8.428500;8.428690;8.426800;8.427330;0
20210310 165500;8.426460;8.426920;8.425230;8.425630;0
20210310 165600;8.425620;8.426630;8.424950;8.425920;0
20210310 165700;8.425210;8.426020;8.424610;8.425450;0
20210310 165800;8.425520;8.426230;8.424740;8.425020;0
20210310 165900;8.425130;8.426230;8.424720;8.424920;0
20210310 170000;8.425030;8.425030;8.425030;8.425030;0
20210310 171000;8.427620;8.427720;8.427320;8.427320;0
20210310 171300;8.427420;8.427420;8.427320;8.427320;0
20210310 171400;8.427520;8.427720;8.427520;8.427720;0
20210310 171500;8.427820;8.428030;8.427820;8.428020;0
20210310 171600;8.428020;8.428030;8.428020;8.428020;0
20210310 171700;8.427930;8.427930;8.427820;8.427820;0
20210310 171800;8.428130;8.428130;8.427620;8.427620;0
20210310 171900;8.427620;8.427630;8.427620;8.427630;0
20210310 172000;8.427620;8.428020;8.427320;8.428020;0
20210310 172100;8.428230;8.428230;8.428220;8.428220;0
20210310 172200;8.428320;8.428320;8.428320;8.428320;0
20210310 172300;8.428420;8.428420;8.428420;8.428420;0
20210310 172400;8.424430;8.424920;8.424430;8.424920;0
20210310 172500;8.425230;8.425230;8.424120;8.424120;0
20210310 172700;8.423930;8.423930;8.423290;8.423290;0
20210310 172800;8.423290;8.423290;8.423290;8.423290;0
20210310 172900;8.423330;8.423730;8.423330;8.423530;0
20210310 173000;8.423620;8.425760;8.423520;8.423810;0
20210310 173100;8.423590;8.423900;8.423590;8.423660;0
20210310 173200;8.423130;8.423560;8.423120;8.423560;0
20210310 173300;8.423780;8.423780;8.423780;8.423780;0
20210310 173400;8.424010;8.428390;8.424010;8.428390;0
20210310 173500;8.428170;8.430930;8.428170;8.429940;0
20210310 173900;8.430160;8.430160;8.430160;8.430160;0
20210310 174000;8.429880;8.429880;8.429880;8.429880;0
20210310 174100;8.430140;8.431050;8.426470;8.428070;0
20210310 174200;8.428450;8.429750;8.428110;8.429520;0
20210310 174300;8.429200;8.429950;8.428690;8.429310;0
20210310 174400;8.429200;8.429310;8.428070;8.429310;0
20210310 174500;8.429450;8.429880;8.429210;8.429880;0
20210310 174600;8.429580;8.429590;8.428170;8.428840;0
20210310 174700;8.429150;8.429150;8.428830;8.429150;0
20210310 174900;8.428900;8.429410;8.428650;8.429410;0
20210310 175000;8.426440;8.426440;8.391330;8.392240;0
20210310 175100;8.396530;8.424320;8.396530;8.424320;0
20210310 175200;8.425150;8.425150;8.425140;8.425140;0
20210310 175400;8.425150;8.425150;8.424320;8.424810;0
20210310 175500;8.424820;8.426210;8.424810;8.426210;0
20210310 175600;8.426200;8.426200;8.426200;8.426200;0
20210310 175700;8.424760;8.426420;8.424530;8.426420;0
20210310 175800;8.424520;8.424530;8.424220;8.424320;0
20210310 175900;8.424420;8.424420;8.424320;8.424320;0
20210310 180000;8.424420;8.432820;8.424120;8.431700;0
20210310 180100;8.432420;8.437910;8.430220;8.431570;0
20210310 180200;8.431420;8.433530;8.429480;8.429480;0
20210310 180300;8.429530;8.436910;8.429530;8.432330;0
20210310 180400;8.432070;8.438320;8.422530;8.423130;0
20210310 180500;8.422920;8.430550;8.421830;8.429310;0
20210310 180600;8.430280;8.430560;8.427310;8.429380;0
20210310 180700;8.429880;8.430520;8.429050;8.429050;0
20210310 180800;8.429060;8.430880;8.429050;8.429670;0
20210310 180900;8.429570;8.431890;8.428830;8.431890;0
20210310 181000;8.430570;8.433590;8.430560;8.431250;0
20210310 181100;8.431250;8.433830;8.431240;8.432800;0
20210310 181200;8.433080;8.433080;8.431660;8.432680;0
20210310 181300;8.431180;8.432760;8.431180;8.432750;0
20210310 181400;8.432750;8.432760;8.432750;8.432750;0
20210310 181500;8.432760;8.432760;8.432750;8.432750;0
20210310 181600;8.432750;8.432760;8.432750;8.432760;0
20210310 181700;8.432750;8.432990;8.430450;8.432440;0
20210310 181800;8.432450;8.434800;8.432440;8.434800;0
20210310 181900;8.434800;8.437360;8.433060;8.434480;0
20210310 182000;8.434780;8.439580;8.434780;8.439300;0
20210310 182100;8.439990;8.440370;8.434150;8.436220;0
20210310 182200;8.436220;8.443530;8.436220;8.439420;0
20210310 182300;8.439420;8.442440;8.439420;8.441950;0
20210310 182400;8.441950;8.441950;8.441510;8.441640;0
20210310 182500;8.441790;8.442010;8.441660;8.441940;0
20210310 182600;8.441880;8.441940;8.441680;8.441760;0
20210310 182700;8.441690;8.441950;8.441690;8.441790;0
20210310 182800;8.441830;8.443990;8.436320;8.437570;0
20210310 182900;8.437610;8.438200;8.435920;8.436620;0
20210310 183000;8.436620;8.439990;8.436120;8.439770;0
20210310 183100;8.439820;8.440650;8.436920;8.438860;0
20210310 183200;8.439610;8.441190;8.436320;8.439220;0
20210310 183300;8.439920;8.440310;8.436620;8.437750;0
20210310 183400;8.438020;8.438980;8.436320;8.438220;0
20210310 183500;8.436950;8.439750;8.430160;8.431390;0
20210310 183600;8.430680;8.431760;8.429040;8.431590;0
20210310 183700;8.431590;8.431900;8.428530;8.431010;0
20210310 183800;8.430480;8.432050;8.429790;8.431780;0
20210310 183900;8.431780;8.432050;8.430390;8.431660;0
20210310 184000;8.431650;8.431660;8.431360;8.431450;0
20210310 184100;8.431390;8.432340;8.430560;8.431700;0
20210310 184200;8.431520;8.431940;8.430570;8.431430;0
20210310 184300;8.431520;8.432050;8.430430;8.431450;0
20210310 184400;8.431450;8.432490;8.430600;8.431840;0
20210310 184500;8.431830;8.432380;8.430730;8.431380;0
20210310 184600;8.431260;8.432430;8.430610;8.431270;0
20210310 184700;8.431600;8.432280;8.430750;8.430920;0
20210310 184800;8.430920;8.432320;8.430730;8.431630;0
20210310 184900;8.431680;8.432430;8.430330;8.431740;0
20210310 185000;8.431800;8.432500;8.430320;8.431950;0
20210310 185100;8.431980;8.432400;8.430800;8.431630;0
20210310 185200;8.431740;8.432580;8.430680;8.432090;0
20210310 185300;8.431920;8.432850;8.430580;8.431800;0
20210310 185400;8.432430;8.433670;8.431390;8.432680;0
20210310 185500;8.433430;8.433940;8.431360;8.432940;0
20210310 185600;8.433610;8.434190;8.431460;8.432740;0
20210310 185700;8.431970;8.433800;8.431430;8.433060;0
20210310 185800;8.433760;8.434270;8.431880;8.433370;0
20210310 185900;8.432610;8.433960;8.431770;8.431770;0
20210310 190000;8.431790;8.433040;8.430760;8.431820;0
20210310 190100;8.431930;8.432920;8.427220;8.429190;0
20210310 190200;8.429130;8.429180;8.426080;8.429180;0
20210310 190300;8.429240;8.430230;8.425720;8.426000;0
20210310 190400;8.425960;8.429320;8.425850;8.428820;0
20210310 190500;8.428730;8.429060;8.425260;8.427240;0
20210310 190600;8.427250;8.427920;8.424560;8.426830;0
20210310 190700;8.426270;8.427720;8.425220;8.426420;0
20210310 190800;8.426280;8.429020;8.424920;8.425120;0
20210310 190900;8.425120;8.428520;8.423090;8.423350;0
20210310 191000;8.423350;8.426120;8.422920;8.423150;0
20210310 191100;8.423150;8.425150;8.422530;8.422810;0
20210310 191200;8.422940;8.426020;8.422940;8.424000;0
20210310 191300;8.424120;8.426660;8.424120;8.424520;0
20210310 191400;8.425030;8.426710;8.423360;8.425880;0
20210310 191500;8.425840;8.425890;8.423530;8.424220;0
20210310 191600;8.424120;8.427000;8.424120;8.424930;0
20210310 191700;8.425020;8.430220;8.424690;8.429720;0
20210310 191800;8.429720;8.430120;8.428850;8.429620;0
20210310 191900;8.429330;8.429830;8.428340;8.429070;0
20210310 192000;8.429370;8.429510;8.428640;8.428890;0
20210310 192100;8.428910;8.429860;8.428290;8.429860;0
20210310 192200;8.429910;8.430590;8.429570;8.429950;0
20210310 192300;8.429570;8.429930;8.429540;8.429810;0
20210310 192400;8.430180;8.432160;8.430150;8.431220;0
20210310 192500;8.431320;8.432620;8.430950;8.432520;0
20210310 192600;8.432420;8.433020;8.429850;8.429980;0
20210310 192700;8.430020;8.438220;8.429950;8.435620;0
20210310 192800;8.435530;8.438830;8.434520;8.437530;0
20210310 192900;8.438020;8.439020;8.436220;8.437920;0
20210310 193000;8.437820;8.437820;8.432720;8.435020;0
20210310 193100;8.434920;8.435660;8.433810;8.433890;0
20210310 193200;8.433890;8.435550;8.433710;8.435100;0
20210310 193300;8.435120;8.435630;8.433160;8.434260;0
20210310 193400;8.434730;8.435580;8.433550;8.433890;0
20210310 193500;8.435020;8.435820;8.434550;8.434860;0
20210310 193600;8.434840;8.436820;8.434310;8.435110;0
20210310 193700;8.435070;8.436520;8.434710;8.435910;0
20210310 193800;8.435860;8.436740;8.434410;8.434590;0
20210310 193900;8.434680;8.435850;8.433530;8.434040;0
20210310 194000;8.434590;8.435930;8.433830;8.434650;0
20210310 194100;8.435220;8.436520;8.435090;8.436330;0
20210310 194200;8.435680;8.436730;8.435560;8.436420;0
20210310 194300;8.436380;8.437970;8.436330;8.437620;0
20210310 194400;8.437580;8.438560;8.437580;8.438070;0
20210310 194500;8.437980;8.438200;8.437570;8.438200;0
20210310 194600;8.438140;8.438320;8.437450;8.437530;0
20210310 194700;8.437570;8.437630;8.436970;8.436970;0
20210310 194800;8.436910;8.437810;8.436830;8.437590;0
20210310 194900;8.437590;8.437620;8.436400;8.436580;0
20210310 195000;8.436620;8.438120;8.436620;8.437370;0
20210310 195100;8.437420;8.437550;8.435900;8.437130;0
20210310 195200;8.437380;8.438520;8.436940;8.437990;0
20210310 195300;8.438150;8.438690;8.437020;8.438490;0
20210310 195400;8.438560;8.438870;8.435850;8.437120;0
20210310 195500;8.437730;8.437730;8.434470;8.434730;0
20210310 195600;8.434780;8.438510;8.432920;8.437730;0
20210310 195700;8.437780;8.438180;8.437780;8.438030;0
20210310 195800;8.438030;8.438320;8.430150;8.432180;0
20210310 195900;8.432080;8.432080;8.429420;8.429490;0
20210310 200000;8.429490;8.437720;8.429490;8.434830;0
20210310 200100;8.434570;8.438530;8.434470;8.436770;0
20210310 200200;8.436720;8.438230;8.433520;8.435450;0
20210310 200300;8.435020;8.440570;8.435020;8.437620;0
20210310 200400;8.437520;8.439520;8.436520;8.436770;0
20210310 200500;8.436830;8.438020;8.436670;8.436770;0
20210310 200600;8.436670;8.439430;8.436570;8.437220;0
20210310 200700;8.437070;8.437420;8.433820;8.434770;0
20210310 200800;8.434730;8.435920;8.433470;8.435120;0
20210310 200900;8.435120;8.435620;8.433260;8.434120;0
20210310 201000;8.434120;8.436230;8.433770;8.434920;0
20210310 201100;8.434920;8.435220;8.432120;8.432220;0
20210310 201200;8.432270;8.436720;8.432170;8.435120;0
20210310 201300;8.434920;8.437720;8.431720;8.433130;0
20210310 201400;8.433020;8.433920;8.430920;8.431420;0
20210310 201500;8.431320;8.435450;8.429820;8.433830;0
20210310 201600;8.433820;8.435620;8.430850;8.433130;0
20210310 201700;8.433120;8.433920;8.427220;8.428920;0
20210310 201800;8.428020;8.430030;8.427320;8.429420;0
20210310 201900;8.429420;8.431100;8.429020;8.431050;0
20210310 202000;8.430890;8.434420;8.430400;8.431740;0
20210310 202100;8.432080;8.432360;8.427720;8.429520;0
20210310 202200;8.429620;8.431330;8.429220;8.430520;0
20210310 202300;8.430420;8.430420;8.428720;8.429330;0
20210310 202400;8.429330;8.430220;8.427830;8.429130;0
20210310 202500;8.429830;8.429830;8.426820;8.428530;0
20210310 202600;8.428630;8.429340;8.427220;8.428950;0
20210310 202700;8.428900;8.429470;8.428030;8.429470;0
20210310 202800;8.429380;8.430030;8.427760;8.428300;0
20210310 202900;8.428050;8.432520;8.427950;8.430760;0
20210310 203000;8.430760;8.431480;8.428320;8.429020;0
20210310 203100;8.429020;8.431220;8.428550;8.429390;0
20210310 203200;8.429820;8.431720;8.428830;8.431140;0
20210310 203300;8.431820;8.432620;8.430270;8.431930;0
20210310 203400;8.432020;8.434360;8.431820;8.433850;0
20210310 203500;8.433850;8.434030;8.432150;8.432930;0
20210310 203600;8.433120;8.433230;8.429760;8.431220;0
20210310 203700;8.431120;8.432150;8.430180;8.430920;0
20210310 203800;8.430820;8.433520;8.430450;8.433520;0
20210310 203900;8.433420;8.433630;8.431280;8.433420;0
20210310 204000;8.433520;8.433750;8.431430;8.432850;0
20210310 204100;8.432180;8.433660;8.432150;8.433350;0
20210310 204200;8.433160;8.434220;8.433050;8.433550;0
20210310 204300;8.433130;8.434260;8.433030;8.434050;0
20210310 204400;8.434050;8.436250;8.434050;8.435950;0
20210310 204500;8.435950;8.436080;8.433760;8.434160;0
20210310 204600;8.434150;8.434630;8.431860;8.432200;0
20210310 204700;8.432570;8.432800;8.429290;8.429290;0
20210310 204800;8.429250;8.430220;8.427560;8.428060;0
20210310 204900;8.428050;8.428870;8.427130;8.427640;0
20210310 205000;8.427580;8.428730;8.427130;8.427580;0
20210310 205100;8.427610;8.428010;8.427150;8.427810;0
20210310 205200;8.427590;8.428260;8.426960;8.426960;0
20210310 205300;8.426960;8.426960;8.424780;8.426220;0
20210310 205400;8.426160;8.427100;8.425810;8.426960;0
20210310 205500;8.427120;8.427120;8.425040;8.425460;0
20210310 205600;8.425470;8.425520;8.424370;8.425330;0
20210310 205700;8.425330;8.426370;8.425220;8.426050;0
20210310 205800;8.425850;8.427160;8.424920;8.426950;0
20210310 205900;8.426950;8.428110;8.426680;8.428110;0
20210310 210000;8.428110;8.428110;8.424620;8.424850;0
20210310 210100;8.424740;8.426720;8.424300;8.425380;0
20210310 210200;8.425330;8.425330;8.424520;8.424850;0
20210310 210300;8.424890;8.426620;8.424890;8.425360;0
20210310 210400;8.425400;8.426460;8.425400;8.425980;0
20210310 210500;8.425870;8.425890;8.423550;8.424030;0
20210310 210600;8.423930;8.424090;8.421580;8.422580;0
20210310 210700;8.422620;8.422930;8.421330;8.421830;0
20210310 210800;8.421780;8.423020;8.421170;8.421620;0
20210310 210900;8.421550;8.422220;8.420430;8.421020;0
20210310 211000;8.420820;8.422330;8.420430;8.421320;0
20210310 211100;8.421320;8.423520;8.420750;8.422720;0
20210310 211200;8.422830;8.423620;8.421720;8.421730;0
20210310 211300;8.421920;8.423420;8.421820;8.422320;0
20210310 211400;8.422430;8.422620;8.421410;8.421790;0
20210310 211500;8.421830;8.422520;8.421150;8.422520;0
20210310 211600;8.422620;8.422630;8.421370;8.422070;0
20210310 211700;8.421990;8.421990;8.421220;8.421530;0
20210310 211800;8.421430;8.421720;8.421180;8.421620;0
20210310 211900;8.421720;8.421820;8.420600;8.420600;0
20210310 212000;8.420560;8.420630;8.417680;8.417810;0
20210310 212100;8.418340;8.419000;8.417530;8.418000;0
20210310 212200;8.418060;8.418920;8.417650;8.417830;0
20210310 212300;8.417780;8.418730;8.417620;8.418000;0
20210310 212400;8.418000;8.419720;8.417710;8.418940;0
20210310 212500;8.419070;8.420320;8.418270;8.418910;0
20210310 212600;8.418870;8.419820;8.418840;8.419470;0
20210310 212700;8.419510;8.420520;8.418270;8.420020;0
20210310 212800;8.420330;8.421020;8.419980;8.420360;0
20210310 212900;8.420270;8.421200;8.419530;8.420020;0
20210310 213000;8.419890;8.420320;8.418970;8.419070;0
20210310 213100;8.418980;8.419440;8.417310;8.417310;0
20210310 213200;8.417380;8.418390;8.417120;8.418310;0
20210310 213300;8.418320;8.418960;8.417050;8.417250;0
20210310 213400;8.417260;8.417730;8.416620;8.417340;0
20210310 213500;8.417300;8.419750;8.416460;8.418220;0
20210310 213600;8.418320;8.419820;8.418130;8.419020;0
20210310 213700;8.418930;8.419620;8.418740;8.419520;0
20210310 213800;8.419420;8.419630;8.418420;8.419020;0
20210310 213900;8.419030;8.419330;8.418580;8.419030;0
20210310 214000;8.419120;8.419220;8.418070;8.419020;0
20210310 214100;8.419130;8.419920;8.418920;8.419620;0
20210310 214200;8.419520;8.420220;8.419020;8.420220;0
20210310 214300;8.420330;8.421350;8.419020;8.420030;0
20210310 214400;8.420620;8.420720;8.419360;8.419670;0
20210310 214500;8.420010;8.421020;8.419450;8.419810;0
20210310 214600;8.419850;8.420920;8.418580;8.418700;0
20210310 214700;8.418660;8.419720;8.418660;8.419300;0
20210310 214800;8.419350;8.420020;8.418910;8.418990;0
20210310 214900;8.419040;8.420620;8.419040;8.420420;0
20210310 215000;8.420320;8.420420;8.419350;8.420220;0
20210310 215100;8.419880;8.421130;8.418940;8.419520;0
20210310 215200;8.419550;8.421320;8.419050;8.420260;0
20210310 215300;8.420360;8.421250;8.419650;8.419880;0
20210310 215400;8.419850;8.420950;8.419750;8.419850;0
20210310 215500;8.419860;8.422980;8.419860;8.421770;0
20210310 215600;8.421680;8.423120;8.421420;8.422290;0
20210310 215700;8.422240;8.423420;8.421600;8.421600;0
20210310 215800;8.421990;8.422630;8.421220;8.421260;0
20210310 215900;8.421030;8.423530;8.420630;8.422800;0
20210310 220000;8.422750;8.423720;8.421650;8.422760;0
20210310 220100;8.422820;8.423420;8.421820;8.422130;0
20210310 220200;8.422050;8.422280;8.419450;8.420820;0
20210310 220300;8.420240;8.423410;8.420130;8.421720;0
20210310 220400;8.421620;8.422720;8.421300;8.422220;0
20210310 220500;8.422130;8.422330;8.421420;8.421500;0
20210310 220600;8.421460;8.423420;8.421460;8.422920;0
20210310 220700;8.422820;8.423520;8.422100;8.422330;0
20210310 220800;8.422230;8.423030;8.421610;8.422520;0
20210310 220900;8.422490;8.422690;8.420450;8.421220;0
20210310 221000;8.421230;8.422660;8.420730;8.422610;0
20210310 221100;8.421330;8.424630;8.420050;8.422030;0
20210310 221200;8.422020;8.422220;8.420870;8.421530;0
20210310 221300;8.421620;8.425620;8.421100;8.421320;0
20210310 221400;8.421420;8.421940;8.420250;8.420620;0
20210310 221500;8.420720;8.421520;8.420230;8.421210;0
20210310 221600;8.421170;8.421470;8.419780;8.421320;0
20210310 221700;8.421330;8.421330;8.419500;8.420000;0
20210310 221800;8.420340;8.420940;8.419230;8.420840;0
20210310 221900;8.420840;8.421520;8.419940;8.421110;0
20210310 222000;8.421120;8.421540;8.420220;8.420830;0
20210310 222100;8.420480;8.422030;8.419920;8.421060;0
20210310 222200;8.421060;8.421520;8.420120;8.420960;0
20210310 222300;8.421000;8.421620;8.420130;8.420840;0
20210310 222400;8.420800;8.421330;8.419040;8.421030;0
20210310 222500;8.421090;8.421120;8.420650;8.420840;0
20210310 222600;8.420900;8.421610;8.419100;8.420630;0
20210310 222700;8.420870;8.421060;8.419060;8.420190;0
20210310 222800;8.419920;8.421020;8.418640;8.419700;0
20210310 222900;8.419760;8.420110;8.418300;8.418670;0
20210310 223000;8.418730;8.421220;8.418730;8.420820;0
20210310 223100;8.420710;8.421820;8.420470;8.421120;0
20210310 223200;8.421020;8.422070;8.420610;8.422070;0
20210310 223300;8.422010;8.422590;8.419850;8.421220;0
20210310 223400;8.421120;8.421980;8.420770;8.421620;0
20210310 223500;8.421610;8.421910;8.420740;8.421020;0
20210310 223600;8.420920;8.421220;8.419140;8.420170;0
20210310 223700;8.420220;8.421820;8.420220;8.421190;0
20210310 223800;8.421620;8.422560;8.420150;8.421590;0
20210310 223900;8.421580;8.421990;8.420450;8.421260;0
20210310 224000;8.421290;8.422250;8.420840;8.421620;0
20210310 224100;8.421660;8.422220;8.421020;8.421720;0
20210310 224200;8.421520;8.422290;8.421220;8.422280;0
20210310 224300;8.422430;8.422520;8.420980;8.421660;0
20210310 224400;8.421610;8.421830;8.420120;8.421160;0
20210310 224500;8.421050;8.422030;8.420970;8.421110;0
20210310 224600;8.421070;8.421730;8.420330;8.420730;0
20210310 224700;8.421100;8.421620;8.420470;8.421320;0
20210310 224800;8.421220;8.422120;8.420350;8.420540;0
20210310 224900;8.420590;8.422420;8.420240;8.420920;0
20210310 225000;8.420960;8.422030;8.420680;8.421600;0
20210310 225100;8.421610;8.422030;8.420820;8.421360;0
20210310 225200;8.421280;8.421280;8.420190;8.420400;0
20210310 225300;8.420360;8.420390;8.419810;8.419960;0
20210310 225400;8.419920;8.420520;8.419530;8.420230;0
20210310 225500;8.420320;8.420450;8.418550;8.419320;0
20210310 225600;8.419320;8.420430;8.418700;8.420330;0
20210310 225700;8.420120;8.420820;8.419850;8.420300;0
20210310 225800;8.420320;8.421130;8.419650;8.420920;0
20210310 225900;8.421020;8.421320;8.419470;8.420420;0
20210310 230000;8.420320;8.421020;8.419400;8.420720;0
20210310 230100;8.420730;8.421030;8.419310;8.421030;0
20210310 230200;8.421020;8.422420;8.420250;8.422420;0
20210310 230300;8.422320;8.422730;8.420650;8.421780;0
20210310 230400;8.421770;8.421960;8.420450;8.420920;0
20210310 230500;8.420920;8.421520;8.420720;8.421520;0
20210310 230600;8.421420;8.422720;8.420520;8.421730;0
20210310 230700;8.421620;8.421820;8.419860;8.420420;0
20210310 230800;8.420620;8.420820;8.419950;8.420340;0
20210310 230900;8.420830;8.421320;8.420220;8.421160;0
20210310 231000;8.421100;8.422520;8.421010;8.421320;0
20210310 231100;8.421440;8.421820;8.420480;8.421400;0
20210310 231200;8.421400;8.422240;8.420990;8.422090;0
20210310 231300;8.421750;8.422750;8.421210;8.422520;0
20210310 231400;8.423120;8.423500;8.421860;8.422530;0
20210310 231500;8.422660;8.423920;8.422610;8.423160;0
20210310 231600;8.423090;8.423720;8.422640;8.422880;0
20210310 231700;8.422770;8.424290;8.422640;8.423390;0
20210310 231800;8.423350;8.424810;8.422570;8.423380;0
20210310 231900;8.423660;8.424030;8.422880;8.423050;0
20210310 232000;8.423390;8.423930;8.422760;8.422950;0
20210310 232100;8.423150;8.423950;8.422950;8.423130;0
20210310 232200;8.423570;8.424020;8.422670;8.423370;0
20210310 232300;8.423330;8.423610;8.422420;8.422920;0
20210310 232400;8.423150;8.423560;8.422690;8.423140;0
20210310 232500;8.423220;8.423830;8.422360;8.423020;0
20210310 232600;8.422950;8.423900;8.422890;8.423310;0
20210310 232700;8.423360;8.424170;8.422720;8.423330;0
20210310 232800;8.423440;8.423720;8.422520;8.422620;0
20210310 232900;8.422520;8.423230;8.422390;8.422830;0
20210310 233000;8.422820;8.423630;8.422530;8.422780;0
20210310 233100;8.422740;8.423820;8.422540;8.423720;0
20210310 233200;8.423620;8.423620;8.421810;8.422420;0
20210310 233300;8.422320;8.422490;8.422190;8.422400;0
20210310 233400;8.422420;8.423030;8.421960;8.422290;0
20210310 233500;8.422330;8.422720;8.421640;8.422160;0
20210310 233600;8.422160;8.422820;8.421410;8.422520;0
20210310 233700;8.422540;8.422920;8.422140;8.422710;0
20210310 233800;8.422710;8.423090;8.421920;8.422630;0
20210310 233900;8.422570;8.423930;8.421950;8.423720;0
20210310 234000;8.423720;8.423820;8.423270;8.423620;0
20210310 234100;8.423730;8.423830;8.422870;8.423420;0
20210310 234200;8.423420;8.424100;8.423110;8.423320;0
20210310 234300;8.423220;8.423650;8.422530;8.422530;0
20210310 234400;8.422510;8.424100;8.422510;8.423820;0
20210310 234500;8.423720;8.424230;8.422980;8.424230;0
20210310 234600;8.424430;8.424970;8.423560;8.424220;0
20210310 234700;8.424260;8.424820;8.423550;8.423760;0
20210310 234800;8.423820;8.424630;8.423610;8.424270;0
20210310 234900;8.424310;8.424310;8.423570;8.423910;0
20210310 235000;8.424010;8.424230;8.423630;8.423760;0
20210310 235100;8.423730;8.424040;8.423130;8.423220;0
20210310 235200;8.423250;8.423840;8.422940;8.423710;0
20210310 235300;8.424040;8.424270;8.422920;8.423550;0
20210310 235400;8.423610;8.424290;8.420850;8.421620;0
20210310 235500;8.421420;8.423130;8.420960;8.420960;0
20210310 235600;8.421050;8.422220;8.420320;8.420720;0
20210310 235700;8.420820;8.421320;8.419820;8.419820;0
20210310 235800;8.420020;8.420830;8.420020;8.420730;0
20210310 235900;8.420920;8.420920;8.419520;8.420720;0
20210311 000000;8.420820;8.422530;8.419800;8.422230;0
20210311 000100;8.422120;8.422220;8.420520;8.421320;0
20210311 000200;8.421130;8.422720;8.421130;8.421920;0
20210311 000300;8.421620;8.423020;8.421420;8.422220;0
20210311 000400;8.422320;8.422420;8.420320;8.421320;0
20210311 000500;8.421430;8.421630;8.420320;8.421030;0
20210311 000600;8.421120;8.421620;8.420520;8.421030;0
20210311 000700;8.421120;8.421330;8.420220;8.420420;0
20210311 000800;8.420420;8.421320;8.419210;8.420820;0
20210311 000900;8.420820;8.421320;8.419650;8.420620;0
20210311 001000;8.420520;8.421530;8.419820;8.421520;0
20210311 001100;8.421520;8.421820;8.420220;8.421720;0
20210311 001200;8.421720;8.422030;8.420720;8.421930;0
20210311 001300;8.421820;8.421930;8.420820;8.421020;0
20210311 001400;8.420930;8.422420;8.420720;8.421210;0
20210311 001500;8.420650;8.421930;8.420520;8.421020;0
20210311 001600;8.421120;8.422330;8.421120;8.421420;0
20210311 001700;8.421320;8.422220;8.420870;8.421220;0
20210311 001800;8.421220;8.422320;8.420520;8.421520;0
20210311 001900;8.421440;8.422630;8.421120;8.421630;0
20210311 002000;8.421630;8.422730;8.420510;8.420760;0
20210311 002100;8.420620;8.421630;8.420520;8.420520;0
20210311 002200;8.420520;8.422160;8.420520;8.421680;0
20210311 002300;8.421640;8.422620;8.421520;8.421760;0
20210311 002400;8.421750;8.422530;8.421550;8.422020;0
20210311 002500;8.421920;8.422720;8.421670;8.421900;0
20210311 002600;8.421900;8.422630;8.421630;8.422080;0
20210311 002700;8.422070;8.422080;8.421390;8.421620;0
20210311 002800;8.421790;8.422600;8.421470;8.421730;0
20210311 002900;8.421720;8.422620;8.421720;8.422430;0
20210311 003000;8.421990;8.422410;8.420760;8.421120;0
20210311 003100;8.421320;8.422690;8.420920;8.422690;0
20210311 003200;8.422940;8.422940;8.421280;8.421280;0
20210311 003300;8.421280;8.421340;8.420520;8.421100;0
20210311 003400;8.420880;8.421460;8.420610;8.421130;0
20210311 003500;8.421120;8.421770;8.420860;8.421170;0
20210311 003600;8.421210;8.421600;8.420720;8.421040;0
20210311 003700;8.421070;8.421840;8.420640;8.421210;0
20210311 003800;8.421210;8.422120;8.421020;8.421760;0
20210311 003900;8.422070;8.422180;8.420720;8.421020;0
20210311 004000;8.420870;8.421730;8.420380;8.421490;0
20210311 004100;8.421270;8.422260;8.421260;8.421740;0
20210311 004200;8.421740;8.421780;8.420620;8.421410;0
20210311 004300;8.421710;8.421930;8.421040;8.421300;0
20210311 004400;8.421590;8.422050;8.421240;8.421780;0
20210311 004500;8.421680;8.421780;8.421040;8.421200;0
20210311 004600;8.421200;8.422530;8.420890;8.421390;0
20210311 004700;8.421390;8.421720;8.420680;8.421200;0
20210311 004800;8.421200;8.421730;8.420720;8.420720;0
20210311 004900;8.420720;8.420790;8.420200;8.420630;0
20210311 005000;8.420630;8.420630;8.419150;8.419770;0
20210311 005100;8.419490;8.420220;8.419180;8.419320;0
20210311 005200;8.419460;8.420520;8.418750;8.419740;0
20210311 005300;8.419700;8.420240;8.419460;8.419920;0
20210311 005400;8.419900;8.420630;8.419900;8.420520;0
20210311 005500;8.420520;8.421630;8.420190;8.421260;0
20210311 005600;8.421420;8.421690;8.421040;8.421380;0
20210311 005700;8.421380;8.422350;8.421380;8.421780;0
20210311 005800;8.421780;8.422630;8.421340;8.422270;0
20210311 005900;8.422270;8.423220;8.421820;8.421820;0
20210311 010000;8.421920;8.425320;8.421340;8.424720;0
20210311 010100;8.424560;8.424650;8.423520;8.423930;0
20210311 010200;8.423930;8.425970;8.423930;8.425170;0
20210311 010300;8.425170;8.426660;8.425170;8.425720;0
20210311 010400;8.425630;8.426520;8.425260;8.425260;0
20210311 010500;8.425260;8.426110;8.425040;8.425090;0
20210311 010600;8.424870;8.426920;8.424870;8.426790;0
20210311 010700;8.427190;8.428320;8.426520;8.427870;0
20210311 010800;8.427800;8.429870;8.426460;8.427020;0
20210311 010900;8.426810;8.427030;8.426060;8.426060;0
20210311 011000;8.426320;8.426900;8.426320;8.426760;0
20210311 011100;8.426380;8.426380;8.426020;8.426220;0
20210311 011200;8.426500;8.427620;8.426500;8.427130;0
20210311 011300;8.427330;8.428120;8.427060;8.427420;0
20210311 011400;8.427530;8.428130;8.426990;8.427420;0
20210311 011500;8.427320;8.428720;8.427120;8.428520;0
20210311 011600;8.428620;8.428620;8.427920;8.428120;0
20210311 011700;8.428320;8.428320;8.426440;8.426930;0
20210311 011800;8.427030;8.427120;8.426520;8.426830;0
20210311 011900;8.426920;8.426930;8.426060;8.426120;0
20210311 012000;8.426130;8.426620;8.426130;8.426310;0
20210311 012100;8.426110;8.426370;8.426110;8.426240;0
20210311 012200;8.426310;8.426880;8.426310;8.426880;0
20210311 012300;8.427070;8.427150;8.426860;8.427080;0
20210311 012400;8.427010;8.427090;8.426720;8.426720;0
20210311 012500;8.426720;8.426790;8.424050;8.424180;0
20210311 012600;8.424180;8.425530;8.424000;8.425520;0
20210311 012700;8.425450;8.425960;8.425450;8.425660;0
20210311 012800;8.425660;8.425690;8.425220;8.425240;0
20210311 012900;8.425250;8.425270;8.423960;8.423960;0
20210311 013000;8.424020;8.424020;8.422940;8.422940;0
20210311 013100;8.422940;8.423090;8.422640;8.422640;0
20210311 013200;8.422640;8.423270;8.422640;8.423270;0
20210311 013300;8.423270;8.424130;8.422460;8.422500;0
20210311 013400;8.422570;8.422830;8.422240;8.422830;0
20210311 013500;8.422690;8.422700;8.421750;8.421930;0
20210311 013600;8.422080;8.422190;8.420830;8.421240;0
20210311 013700;8.421250;8.421260;8.421040;8.421250;0
20210311 013800;8.421250;8.421260;8.419720;8.419800;0
20210311 013900;8.419800;8.420490;8.419660;8.419820;0
20210311 014000;8.419820;8.420280;8.419820;8.420280;0
20210311 014100;8.420280;8.420290;8.419140;8.419350;0
20210311 014200;8.419350;8.419350;8.418900;8.419010;0
20210311 014300;8.418940;8.419500;8.418640;8.418650;0
20210311 014400;8.418640;8.418810;8.418430;8.418510;0
20210311 014500;8.418520;8.418540;8.417220;8.417470;0
20210311 014600;8.417610;8.417750;8.416440;8.416510;0
20210311 014700;8.416510;8.417000;8.416510;8.416930;0
20210311 014800;8.416720;8.416860;8.416580;8.416730;0
20210311 014900;8.416720;8.416720;8.414820;8.416360;0
20210311 015000;8.416370;8.417030;8.416370;8.417030;0
20210311 015100;8.416970;8.417220;8.416970;8.417150;0
20210311 015200;8.417230;8.418030;8.416890;8.417390;0
20210311 015300;8.417180;8.417180;8.416800;8.416800;0
20210311 015400;8.416940;8.416960;8.416800;8.416800;0
20210311 015500;8.416660;8.416970;8.416300;8.416300;0
20210311 015600;8.416360;8.417230;8.416300;8.417230;0
20210311 015700;8.417090;8.417820;8.417090;8.417820;0
20210311 015800;8.417890;8.418520;8.417430;8.417430;0
20210311 015900;8.417430;8.417650;8.417090;8.417300;0
20210311 020000;8.417860;8.417860;8.416140;8.417290;0
20210311 020100;8.417380;8.420620;8.417380;8.419340;0
20210311 020200;8.419320;8.420220;8.418800;8.418800;0
20210311 020300;8.418870;8.418870;8.418020;8.418610;0
20210311 020400;8.418190;8.418220;8.414760;8.415950;0
20210311 020500;8.416220;8.417020;8.415740;8.415900;0
20210311 020600;8.415860;8.416920;8.415650;8.416360;0
20210311 020700;8.416540;8.419370;8.416540;8.419320;0
20210311 020800;8.419080;8.420150;8.418830;8.418830;0
20210311 020900;8.418990;8.419720;8.418220;8.418220;0
20210311 021000;8.418010;8.418010;8.416890;8.416890;0
20210311 021100;8.416420;8.416720;8.415600;8.416120;0
20210311 021200;8.416320;8.417620;8.415540;8.415680;0
20210311 021300;8.415510;8.415760;8.414510;8.414510;0
20210311 021400;8.414410;8.414700;8.412600;8.412730;0
20210311 021500;8.412800;8.413250;8.412130;8.412830;0
20210311 021600;8.412840;8.413820;8.412600;8.413560;0
20210311 021700;8.413710;8.413880;8.412730;8.413020;0
20210311 021800;8.412930;8.414950;8.412930;8.413820;0
20210311 021900;8.413850;8.414580;8.412700;8.413560;0
20210311 022000;8.413620;8.413700;8.411910;8.411930;0
20210311 022100;8.411890;8.413220;8.411870;8.413130;0
20210311 022200;8.413170;8.413170;8.412210;8.412330;0
20210311 022300;8.412140;8.412280;8.410730;8.410790;0
20210311 022400;8.410830;8.411490;8.410560;8.411490;0
20210311 022500;8.411600;8.411690;8.409560;8.409950;0
20210311 022600;8.409990;8.410900;8.409160;8.409160;0
20210311 022700;8.409120;8.409740;8.408720;8.409010;0
20210311 022800;8.408960;8.409020;8.408440;8.408910;0
20210311 022900;8.408840;8.409120;8.408700;8.408830;0
20210311 023000;8.408840;8.410010;8.408770;8.409960;0
20210311 023100;8.410010;8.411430;8.408780;8.408780;0
20210311 023200;8.408640;8.408920;8.407090;8.407750;0
20210311 023300;8.407950;8.408680;8.407850;8.407980;0
20210311 023400;8.407980;8.407990;8.405610;8.405960;0
20210311 023500;8.405960;8.405960;8.405030;8.405400;0
20210311 023600;8.405460;8.406870;8.405460;8.406760;0
20210311 023700;8.406720;8.407370;8.406420;8.407310;0
20210311 023800;8.407320;8.408180;8.404640;8.404920;0
20210311 023900;8.404970;8.406710;8.404900;8.405310;0
20210311 024000;8.405310;8.405370;8.404270;8.404270;0
20210311 024100;8.404360;8.404410;8.402270;8.403400;0
20210311 024200;8.403490;8.404070;8.403060;8.404030;0
20210311 024300;8.403980;8.406890;8.403470;8.406640;0
20210311 024400;8.406630;8.408390;8.405800;8.408390;0
20210311 024500;8.408590;8.409780;8.408040;8.408730;0
20210311 024600;8.408730;8.408730;8.405770;8.405770;0
20210311 024700;8.405770;8.405770;8.397970;8.400880;0
20210311 024800;8.400880;8.404860;8.400880;8.403250;0
20210311 024900;8.403250;8.403250;8.400740;8.402160;0
20210311 025000;8.402160;8.403210;8.401440;8.402180;0
20210311 025100;8.401970;8.403000;8.401970;8.402730;0
20210311 025200;8.402730;8.405020;8.402550;8.404040;0
20210311 025300;8.404040;8.406180;8.403240;8.403560;0
20210311 025400;8.403560;8.403740;8.402660;8.402660;0
20210311 025500;8.402670;8.403150;8.401490;8.401500;0
20210311 025600;8.401360;8.402110;8.400860;8.401680;0
20210311 025700;8.401660;8.403630;8.401480;8.403510;0
20210311 025800;8.403510;8.404390;8.403240;8.404280;0
20210311 025900;8.404290;8.407210;8.402160;8.407100;0
20210311 030000;8.407130;8.407450;8.404880;8.405290;0
20210311 030100;8.405310;8.409160;8.405310;8.408940;0
20210311 030200;8.408730;8.409010;8.405820;8.406620;0
20210311 030300;8.406620;8.407030;8.405020;8.406230;0
20210311 030400;8.406430;8.406620;8.404620;8.406020;0
20210311 030500;8.405920;8.407630;8.404320;8.406320;0
20210311 030600;8.406420;8.407730;8.405030;8.407320;0
20210311 030700;8.407120;8.408680;8.404510;8.404920;0
20210311 030800;8.405020;8.405030;8.401810;8.401940;0
20210311 030900;8.401850;8.401850;8.396620;8.397120;0
20210311 031000;8.397220;8.398430;8.397020;8.397840;0
20210311 031100;8.398280;8.402720;8.398280;8.402520;0
20210311 031200;8.402510;8.402820;8.401660;8.402550;0
20210311 031300;8.402550;8.404850;8.401960;8.404740;0
20210311 031400;8.404580;8.405760;8.404460;8.405760;0
20210311 031500;8.405670;8.408130;8.405610;8.407240;0
20210311 031600;8.407160;8.407250;8.402880;8.402970;0
20210311 031700;8.402970;8.405540;8.402970;8.404970;0
20210311 031800;8.405070;8.406180;8.402630;8.404330;0
20210311 031900;8.404330;8.404580;8.402830;8.404200;0
20210311 032000;8.404200;8.404650;8.402350;8.402540;0
20210311 032100;8.402530;8.404260;8.400600;8.402180;0
20210311 032200;8.401910;8.406220;8.401560;8.406040;0
20210311 032300;8.406050;8.406260;8.401310;8.401440;0
20210311 032400;8.401120;8.403430;8.400720;8.403430;0
20210311 032500;8.403420;8.403500;8.397790;8.398350;0
20210311 032600;8.398340;8.398960;8.396960;8.397420;0
20210311 032700;8.397300;8.400900;8.396900;8.399840;0
20210311 032800;8.399840;8.400230;8.396350;8.396520;0
20210311 032900;8.396370;8.396560;8.391320;8.391720;0
20210311 033000;8.391690;8.396130;8.391220;8.395320;0
20210311 033100;8.395220;8.396330;8.393290;8.394450;0
20210311 033200;8.394500;8.397110;8.394040;8.396540;0
20210311 033300;8.396740;8.398170;8.395600;8.396370;0
20210311 033400;8.396370;8.397440;8.395520;8.397440;0
20210311 033500;8.397440;8.398590;8.396920;8.396940;0
20210311 033600;8.396940;8.398930;8.396470;8.397420;0
20210311 033700;8.397440;8.397580;8.393330;8.394160;0
20210311 033800;8.394090;8.396350;8.393630;8.394880;0
20210311 033900;8.394890;8.394890;8.392800;8.393130;0
20210311 034000;8.393140;8.393810;8.390100;8.393630;0
20210311 034100;8.393560;8.393710;8.391640;8.392040;0
20210311 034200;8.392160;8.393310;8.390460;8.391510;0
20210311 034300;8.391510;8.394230;8.390060;8.394220;0
20210311 034400;8.394220;8.395470;8.390350;8.390350;0
20210311 034500;8.390480;8.392050;8.389090;8.390100;0
20210311 034600;8.389880;8.393670;8.388970;8.393520;0
20210311 034700;8.393470;8.393920;8.391590;8.391850;0
20210311 034800;8.391700;8.392270;8.390410;8.391580;0
20210311 034900;8.391450;8.392860;8.390560;8.392600;0
20210311 035000;8.392610;8.392610;8.390810;8.391040;0
20210311 035100;8.391040;8.392980;8.390980;8.392790;0
20210311 035200;8.392960;8.395250;8.392960;8.393670;0
20210311 035300;8.393670;8.397240;8.393570;8.397230;0
20210311 035400;8.397290;8.397980;8.395720;8.396540;0
20210311 035500;8.396340;8.400640;8.395720;8.399200;0
20210311 035600;8.399300;8.399460;8.397850;8.398360;0
20210311 035700;8.398360;8.398490;8.395010;8.395620;0
20210311 035800;8.395560;8.396190;8.392690;8.396120;0
20210311 035900;8.396240;8.397020;8.393940;8.394900;0
20210311 040000;8.394750;8.396330;8.393160;8.394430;0
20210311 040100;8.394360;8.394760;8.392170;8.393730;0
20210311 040200;8.393780;8.394000;8.390260;8.390750;0
20210311 040300;8.390740;8.392490;8.390740;8.391170;0
20210311 040400;8.391150;8.391620;8.389610;8.390370;0
20210311 040500;8.390420;8.391220;8.389700;8.390390;0
20210311 040600;8.390390;8.390480;8.389150;8.389940;0
20210311 040700;8.389950;8.390130;8.389300;8.389730;0
20210311 040800;8.389730;8.389730;8.388300;8.388860;0
20210311 040900;8.388880;8.389650;8.387970;8.389650;0
20210311 041000;8.389640;8.389860;8.389020;8.389020;0
20210311 041100;8.389030;8.389810;8.387490;8.388670;0
20210311 041200;8.388760;8.388760;8.387000;8.387160;0
20210311 041300;8.387160;8.388090;8.386790;8.387800;0
20210311 041400;8.387800;8.388180;8.387250;8.387400;0
20210311 041500;8.387400;8.387460;8.385650;8.385980;0
20210311 041600;8.386120;8.386410;8.382670;8.383350;0
20210311 041700;8.383390;8.383720;8.381820;8.383220;0
20210311 041800;8.383420;8.383420;8.379100;8.379100;0
20210311 041900;8.379210;8.381080;8.377470;8.380310;0
20210311 042000;8.380320;8.381420;8.380020;8.381110;0
20210311 042100;8.381120;8.383320;8.381120;8.382920;0
20210311 042200;8.382830;8.384320;8.382720;8.384220;0
20210311 042300;8.384250;8.385320;8.383700;8.384820;0
20210311 042400;8.384720;8.386320;8.384720;8.385820;0
20210311 042500;8.385520;8.388830;8.385320;8.388520;0
20210311 042600;8.388620;8.389530;8.388220;8.389380;0
20210311 042700;8.389370;8.394730;8.389370;8.393760;0
20210311 042800;8.393760;8.394120;8.392400;8.393620;0
20210311 042900;8.393410;8.394120;8.393220;8.393950;0
20210311 043000;8.393950;8.394930;8.393070;8.394720;0
20210311 043100;8.394620;8.396030;8.393820;8.394320;0
20210311 043200;8.394420;8.395030;8.392860;8.393090;0
20210311 043300;8.393070;8.395790;8.392820;8.395770;0
20210311 043400;8.395870;8.396530;8.394690;8.394720;0
20210311 043500;8.394850;8.396900;8.394280;8.396900;0
20210311 043600;8.396700;8.397450;8.395850;8.395850;0
20210311 043700;8.395920;8.396070;8.395540;8.396070;0
20210311 043800;8.395980;8.395980;8.394920;8.395600;0
20210311 043900;8.395520;8.395520;8.388830;8.392060;0
20210311 044000;8.392060;8.394850;8.391910;8.393030;0
20210311 044100;8.392970;8.394930;8.392960;8.394930;0
20210311 044200;8.394930;8.395750;8.394470;8.394470;0
20210311 044300;8.394470;8.395720;8.393410;8.394980;0
20210311 044400;8.394960;8.395630;8.394250;8.394800;0
20210311 044500;8.395100;8.396930;8.395100;8.396010;0
20210311 044600;8.395830;8.395840;8.388830;8.388830;0
20210311 044700;8.388950;8.389800;8.388150;8.389770;0
20210311 044800;8.389860;8.393300;8.389150;8.393260;0
20210311 044900;8.393040;8.393100;8.389770;8.389770;0
20210311 045000;8.389660;8.390450;8.387440;8.389110;0
20210311 045100;8.388950;8.391850;8.388050;8.391710;0
20210311 045200;8.391740;8.393040;8.391590;8.392630;0
20210311 045300;8.392760;8.394030;8.392700;8.392700;0
20210311 045400;8.392710;8.392710;8.388960;8.389160;0
20210311 045500;8.389180;8.389330;8.387440;8.389330;0
20210311 045600;8.389430;8.389970;8.389020;8.389850;0
20210311 045700;8.389840;8.390100;8.388310;8.388310;0
20210311 045800;8.388240;8.389300;8.387800;8.388150;0
20210311 045900;8.388190;8.390330;8.387990;8.389520;0
20210311 050000;8.389530;8.391780;8.389210;8.391780;0
20210311 050100;8.391780;8.391880;8.391040;8.391590;0
20210311 050200;8.391400;8.391520;8.389720;8.389920;0
20210311 050300;8.389840;8.393280;8.389440;8.393140;0
20210311 050400;8.393140;8.395160;8.392890;8.392890;0
20210311 050500;8.392900;8.394270;8.392890;8.394270;0
20210311 050600;8.394280;8.394280;8.392180;8.392410;0
20210311 050700;8.392400;8.393090;8.392040;8.392580;0
20210311 050800;8.392580;8.393040;8.392300;8.393000;0
20210311 050900;8.393170;8.396060;8.393170;8.394700;0
20210311 051000;8.394700;8.397940;8.394700;8.397260;0
20210311 051100;8.397350;8.398420;8.397230;8.398230;0
20210311 051200;8.398310;8.398450;8.397070;8.397420;0
20210311 051300;8.397480;8.398690;8.393920;8.393930;0
20210311 051400;8.394070;8.395230;8.394070;8.394630;0
20210311 051500;8.394790;8.394830;8.393870;8.394280;0
20210311 051600;8.394410;8.394490;8.393420;8.393990;0
20210311 051700;8.393990;8.395160;8.393750;8.395160;0
20210311 051800;8.395160;8.396280;8.394760;8.395510;0
20210311 051900;8.395520;8.397660;8.395510;8.397570;0
20210311 052000;8.397570;8.398030;8.396390;8.396520;0
20210311 052100;8.396730;8.396930;8.395940;8.396390;0
20210311 052200;8.396390;8.398300;8.396390;8.398300;0
20210311 052300;8.398230;8.400380;8.398020;8.398260;0
20210311 052400;8.398250;8.399240;8.397960;8.398610;0
20210311 052500;8.398730;8.399940;8.396060;8.399120;0
20210311 052600;8.399060;8.400380;8.398760;8.400370;0
20210311 052700;8.400210;8.400560;8.399420;8.399690;0
20210311 052800;8.399560;8.399560;8.395720;8.397130;0
20210311 052900;8.397660;8.398570;8.397650;8.397750;0
20210311 053000;8.397940;8.398460;8.397140;8.397810;0
20210311 053100;8.397680;8.398060;8.396740;8.396740;0
20210311 053200;8.396620;8.397560;8.396530;8.397560;0
20210311 053300;8.397560;8.397560;8.396670;8.397150;0
20210311 053400;8.397220;8.398210;8.396910;8.396920;0
20210311 053500;8.396910;8.397700;8.396880;8.397540;0
20210311 053600;8.397550;8.397550;8.397080;8.397080;0
20210311 053700;8.397080;8.397220;8.396200;8.397060;0
20210311 053800;8.397060;8.398070;8.396960;8.398020;0
20210311 053900;8.398020;8.400380;8.398020;8.400080;0
20210311 054000;8.400080;8.400540;8.399680;8.400500;0
20210311 054100;8.400610;8.400980;8.399450;8.399460;0
20210311 054200;8.399410;8.399410;8.397130;8.397830;0
20210311 054300;8.397740;8.398630;8.397610;8.398570;0
20210311 054400;8.398570;8.399240;8.398220;8.398860;0
20210311 054500;8.398970;8.400870;8.398910;8.400170;0
20210311 054600;8.400040;8.400910;8.399750;8.400910;0
20210311 054700;8.401050;8.403610;8.397920;8.398690;0
20210311 054800;8.398690;8.400280;8.398690;8.399450;0
20210311 054900;8.399440;8.401780;8.398920;8.401680;0
20210311 055000;8.401680;8.402830;8.400270;8.400380;0
20210311 055100;8.400280;8.400410;8.397970;8.398570;0
20210311 055200;8.398670;8.398670;8.397420;8.397420;0
20210311 055300;8.397500;8.398570;8.397500;8.398160;0
20210311 055400;8.398000;8.399470;8.398000;8.399470;0
20210311 055500;8.399330;8.400300;8.399040;8.400230;0
20210311 055600;8.400290;8.402950;8.400290;8.402720;0
20210311 055700;8.402520;8.402630;8.395120;8.396120;0
20210311 055800;8.396140;8.399120;8.396140;8.399110;0
20210311 055900;8.399100;8.401670;8.398940;8.400690;0
20210311 060000;8.400700;8.400720;8.398610;8.400290;0
20210311 060100;8.400240;8.401740;8.399850;8.401740;0
20210311 060200;8.401880;8.402120;8.400530;8.402110;0
20210311 060300;8.402110;8.404690;8.400500;8.404420;0
20210311 060400;8.404420;8.410690;8.404140;8.410100;0
20210311 060500;8.410100;8.410100;8.408900;8.409740;0
20210311 060600;8.409740;8.409880;8.406990;8.407620;0
20210311 060700;8.407650;8.408250;8.406320;8.406320;0
20210311 060800;8.406290;8.407990;8.406040;8.407370;0
20210311 060900;8.407330;8.410440;8.407330;8.410340;0
20210311 061000;8.410290;8.411980;8.410090;8.411980;0
20210311 061100;8.411980;8.412570;8.410970;8.412490;0
20210311 061200;8.412430;8.412740;8.410320;8.410430;0
20210311 061300;8.410530;8.411810;8.410440;8.411780;0
20210311 061400;8.412010;8.412130;8.411550;8.411970;0
20210311 061500;8.411970;8.412860;8.411670;8.412510;0
20210311 061600;8.412510;8.413130;8.412340;8.412910;0
20210311 061700;8.412910;8.413010;8.410950;8.410950;0
20210311 061800;8.410820;8.411370;8.410620;8.410620;0
20210311 061900;8.410540;8.410620;8.406810;8.408090;0
20210311 062000;8.408210;8.409300;8.408150;8.408590;0
20210311 062100;8.408600;8.408670;8.408190;8.408520;0
20210311 062200;8.408510;8.408510;8.407260;8.407260;0
20210311 062300;8.407170;8.407170;8.405360;8.405740;0
20210311 062400;8.405730;8.410970;8.405560;8.410330;0
20210311 062500;8.410460;8.411220;8.408910;8.409470;0
20210311 062600;8.409480;8.411970;8.409480;8.411930;0
20210311 062700;8.411970;8.415710;8.411970;8.415710;0
20210311 062800;8.415720;8.419630;8.415610;8.419200;0
20210311 062900;8.419200;8.422210;8.419200;8.421940;0
20210311 063000;8.422000;8.423800;8.421720;8.423390;0
20210311 063100;8.423400;8.426600;8.423390;8.425530;0
20210311 063200;8.425580;8.426720;8.424870;8.425230;0
20210311 063300;8.425080;8.425080;8.418010;8.420280;0
20210311 063400;8.420280;8.421620;8.418800;8.421320;0
20210311 063500;8.421430;8.423020;8.421290;8.422990;0
20210311 063600;8.423170;8.427210;8.423170;8.427050;0
20210311 063700;8.426980;8.428590;8.426880;8.428180;0
20210311 063800;8.429180;8.429310;8.427510;8.427970;0
20210311 063900;8.427520;8.429330;8.427030;8.428650;0
20210311 064000;8.428630;8.429220;8.423770;8.424590;0
20210311 064100;8.424670;8.427450;8.424430;8.426170;0
20210311 064200;8.426040;8.426340;8.424700;8.425670;0
20210311 064300;8.425600;8.426520;8.425470;8.426400;0
20210311 064400;8.426330;8.426410;8.425810;8.425920;0
20210311 064500;8.425790;8.426220;8.425680;8.426010;0
20210311 064600;8.426030;8.426170;8.424460;8.424520;0
20210311 064700;8.424560;8.424560;8.423770;8.423990;0
20210311 064800;8.423950;8.424000;8.421820;8.421820;0
20210311 064900;8.421920;8.421920;8.419930;8.420820;0
20210311 065000;8.420720;8.420730;8.415670;8.415670;0
20210311 065100;8.415620;8.415900;8.411640;8.413190;0
20210311 065200;8.413110;8.415490;8.413030;8.415210;0
20210311 065300;8.415210;8.416750;8.415110;8.416630;0
20210311 065400;8.416610;8.419350;8.416490;8.419350;0
20210311 065500;8.419350;8.421370;8.419160;8.421330;0
20210311 065600;8.421470;8.422620;8.420920;8.422520;0
20210311 065700;8.422640;8.423380;8.421690;8.423130;0
20210311 065800;8.423170;8.423690;8.423020;8.423070;0
20210311 065900;8.423200;8.423740;8.421310;8.421500;0
20210311 070000;8.421860;8.426600;8.421860;8.425510;0
20210311 070100;8.425390;8.427000;8.424680;8.426960;0
20210311 070200;8.426880;8.427520;8.425570;8.427480;0
20210311 070300;8.427410;8.430020;8.427120;8.427480;0
20210311 070400;8.427620;8.430690;8.423620;8.423720;0
20210311 070500;8.423620;8.425620;8.423620;8.425260;0
20210311 070600;8.425260;8.426800;8.424720;8.426450;0
20210311 070700;8.426470;8.428430;8.426260;8.427480;0
20210311 070800;8.427460;8.429730;8.427000;8.429050;0
20210311 070900;8.429120;8.429590;8.428240;8.428770;0
20210311 071000;8.428840;8.428840;8.428090;8.428320;0
20210311 071100;8.428320;8.428830;8.427800;8.428120;0
20210311 071200;8.428510;8.429150;8.427140;8.427630;0
20210311 071300;8.427750;8.428910;8.427700;8.428720;0
20210311 071400;8.428620;8.429010;8.427820;8.428690;0
20210311 071500;8.428690;8.429050;8.424530;8.427160;0
20210311 071600;8.427170;8.431140;8.427090;8.430000;0
20210311 071700;8.429920;8.430470;8.428920;8.430020;0
20210311 071800;8.429780;8.429780;8.424820;8.426160;0
20210311 071900;8.426250;8.427570;8.426250;8.426420;0
20210311 072000;8.426490;8.426600;8.425760;8.425990;0
20210311 072100;8.426070;8.429480;8.425470;8.425710;0
20210311 072200;8.425720;8.431240;8.425500;8.429210;0
20210311 072300;8.429140;8.431190;8.429000;8.431180;0
20210311 072400;8.431180;8.432070;8.430980;8.431210;0
20210311 072500;8.431090;8.431910;8.430140;8.431240;0
20210311 072600;8.431120;8.432640;8.430990;8.432400;0
20210311 072700;8.432380;8.434240;8.431220;8.434090;0
20210311 072800;8.434270;8.434630;8.433690;8.434620;0
20210311 072900;8.434520;8.434520;8.432400;8.432890;0
20210311 073000;8.432690;8.437770;8.432690;8.435550;0
20210311 073100;8.435550;8.436380;8.435430;8.436230;0
20210311 073200;8.436080;8.438150;8.435890;8.437860;0
20210311 073300;8.438090;8.438860;8.437010;8.437700;0
20210311 073400;8.437610;8.437610;8.435010;8.436500;0
20210311 073500;8.436490;8.436750;8.433720;8.435670;0
20210311 073600;8.435560;8.437190;8.434730;8.437170;0
20210311 073700;8.437180;8.437810;8.436890;8.437080;0
20210311 073800;8.437130;8.438030;8.436170;8.438030;0
20210311 073900;8.437900;8.438900;8.435630;8.437090;0
20210311 074000;8.437130;8.437970;8.434490;8.436330;0
20210311 074100;8.436370;8.437540;8.435830;8.437350;0
20210311 074200;8.437510;8.443470;8.437220;8.439240;0
20210311 074300;8.439240;8.439750;8.438640;8.439220;0
20210311 074400;8.439140;8.440060;8.433820;8.435320;0
20210311 074500;8.435270;8.445850;8.432730;8.443510;0
20210311 074600;8.442700;8.453370;8.441760;8.450460;0
20210311 074700;8.450270;8.452380;8.443470;8.443950;0
20210311 074800;8.444270;8.445850;8.441570;8.442500;0
20210311 074900;8.442540;8.443230;8.433170;8.433290;0
20210311 075000;8.434270;8.439340;8.433730;8.438660;0
20210311 075100;8.438680;8.441250;8.437080;8.438750;0
20210311 075200;8.438750;8.440300;8.438230;8.438720;0
20210311 075300;8.438760;8.440830;8.438760;8.440320;0
20210311 075400;8.440320;8.440320;8.438090;8.439330;0
20210311 075500;8.439280;8.439290;8.431000;8.431850;0
20210311 075600;8.431930;8.431930;8.428630;8.428780;0
20210311 075700;8.428780;8.431600;8.428640;8.429720;0
20210311 075800;8.429680;8.430030;8.424420;8.429310;0
20210311 075900;8.429160;8.429170;8.424000;8.424010;0
20210311 080000;8.424000;8.432070;8.423480;8.431090;0
20210311 080100;8.430890;8.432550;8.427880;8.430990;0
20210311 080200;8.430890;8.430900;8.426140;8.426140;0
20210311 080300;8.425910;8.430780;8.425240;8.430780;0
20210311 080400;8.430770;8.435470;8.429470;8.433010;0
20210311 080500;8.433010;8.436360;8.432590;8.436360;0
20210311 080600;8.436310;8.436530;8.432020;8.434900;0
20210311 080700;8.434840;8.435240;8.431120;8.432670;0
20210311 080800;8.432630;8.432810;8.427090;8.427090;0
20210311 080900;8.427100;8.429740;8.426980;8.428790;0
20210311 081000;8.429090;8.429930;8.424730;8.425130;0
20210311 081100;8.425330;8.429270;8.423740;8.429270;0
20210311 081200;8.429250;8.431500;8.422290;8.424760;0
20210311 081300;8.424890;8.429640;8.421740;8.426190;0
20210311 081400;8.426230;8.431680;8.424570;8.429970;0
20210311 081500;8.430000;8.435440;8.427780;8.432320;0
20210311 081600;8.432320;8.436080;8.427360;8.427850;0
20210311 081700;8.428000;8.430250;8.427300;8.427510;0
20210311 081800;8.427370;8.429490;8.425080;8.428070;0
20210311 081900;8.428220;8.428220;8.424990;8.425420;0
20210311 082000;8.425410;8.434580;8.425410;8.432520;0
20210311 082100;8.432460;8.433940;8.430720;8.431890;0
20210311 082200;8.431910;8.433520;8.430580;8.433360;0
20210311 082300;8.433300;8.438020;8.431790;8.437810;0
20210311 082400;8.437830;8.439720;8.436910;8.437410;0
20210311 082500;8.437520;8.438890;8.437130;8.438610;0
20210311 082600;8.438610;8.438940;8.437300;8.437530;0
20210311 082700;8.437530;8.437640;8.434970;8.437310;0
20210311 082800;8.437410;8.438480;8.436960;8.438480;0
20210311 082900;8.438490;8.438490;8.436470;8.437470;0
20210311 083000;8.437420;8.438720;8.436820;8.438010;0
20210311 083100;8.437780;8.442020;8.437780;8.439890;0
20210311 083200;8.440090;8.441330;8.439320;8.441000;0
20210311 083300;8.440820;8.443320;8.438240;8.441650;0
20210311 083400;8.441460;8.441460;8.435110;8.439970;0
20210311 083500;8.439970;8.440040;8.436440;8.437240;0
20210311 083600;8.437490;8.444660;8.436980;8.443900;0
20210311 083700;8.443850;8.446840;8.443460;8.444380;0
20210311 083800;8.444310;8.444310;8.440860;8.443550;0
20210311 083900;8.443550;8.446330;8.441720;8.446330;0
20210311 084000;8.446280;8.446780;8.441720;8.444310;0
20210311 084100;8.444410;8.444920;8.436630;8.436630;0
20210311 084200;8.436550;8.439930;8.436260;8.439400;0
20210311 084300;8.439230;8.441100;8.437910;8.438560;0
20210311 084400;8.438520;8.440440;8.436220;8.438030;0
20210311 084500;8.437900;8.441920;8.436380;8.441840;0
20210311 084600;8.441740;8.447280;8.440480;8.445280;0
20210311 084700;8.445010;8.445010;8.438980;8.439530;0
20210311 084800;8.439530;8.439530;8.433490;8.434620;0
20210311 084900;8.434670;8.438180;8.434570;8.438060;0
20210311 085000;8.438260;8.440190;8.436860;8.438000;0
20210311 085100;8.437930;8.438220;8.434850;8.435170;0
20210311 085200;8.435190;8.441410;8.435020;8.438860;0
20210311 085300;8.438910;8.439360;8.436200;8.436380;0
20210311 085400;8.436370;8.438620;8.435430;8.437470;0
20210311 085500;8.437480;8.437960;8.435460;8.435770;0
20210311 085600;8.435800;8.436670;8.431200;8.431200;0
20210311 085700;8.431050;8.431960;8.429380;8.430490;0
20210311 085800;8.430580;8.432920;8.429840;8.432590;0
20210311 085900;8.432530;8.432570;8.430310;8.431770;0
20210311 090000;8.431980;8.439120;8.431980;8.437860;0
20210311 090100;8.437820;8.438470;8.435990;8.436570;0
20210311 090200;8.436360;8.437640;8.431020;8.431600;0
20210311 090300;8.431690;8.434420;8.431690;8.434220;0
20210311 090400;8.434320;8.435480;8.432750;8.432750;0
20210311 090500;8.432640;8.432640;8.426270;8.426930;0
20210311 090600;8.426920;8.428120;8.424550;8.427720;0
20210311 090700;8.427720;8.429420;8.425270;8.429120;0
20210311 090800;8.429220;8.430320;8.428490;8.429280;0
20210311 090900;8.429370;8.429510;8.426920;8.428420;0
20210311 091000;8.428390;8.429510;8.426950;8.429510;0
20210311 091100;8.429560;8.433060;8.427680;8.432190;0
20210311 091200;8.432360;8.434880;8.432240;8.434880;0
20210311 091300;8.434890;8.434890;8.431300;8.431340;0
20210311 091400;8.431350;8.431780;8.428910;8.430620;0
20210311 091500;8.430540;8.432150;8.428870;8.430270;0
20210311 091600;8.430320;8.431130;8.427630;8.427700;0
20210311 091700;8.427710;8.429960;8.425960;8.428900;0
20210311 091800;8.428910;8.429390;8.427520;8.427930;0
20210311 091900;8.428210;8.429820;8.428160;8.429390;0
20210311 092000;8.429460;8.433750;8.428700;8.433670;0
20210311 092100;8.433600;8.435080;8.431700;8.432520;0
20210311 092200;8.432560;8.437440;8.432400;8.437430;0
20210311 092300;8.437430;8.438820;8.436270;8.438750;0
20210311 092400;8.438530;8.442270;8.438310;8.441920;0
20210311 092500;8.442040;8.443410;8.441170;8.442160;0
20210311 092600;8.442050;8.442930;8.441310;8.442920;0
20210311 092700;8.443020;8.445720;8.442830;8.444970;0
20210311 092800;8.444770;8.445580;8.443150;8.443370;0
20210311 092900;8.443370;8.445920;8.442340;8.445750;0
20210311 093000;8.445770;8.453620;8.445770;8.448670;0
20210311 093100;8.448820;8.453050;8.447030;8.452540;0
20210311 093200;8.452170;8.455800;8.449890;8.455040;0
20210311 093300;8.454940;8.454940;8.449140;8.449150;0
20210311 093400;8.449140;8.453060;8.448630;8.453060;0
20210311 093500;8.453070;8.453970;8.451740;8.451790;0
20210311 093600;8.451740;8.458870;8.451740;8.458790;0
20210311 093700;8.458730;8.462890;8.458060;8.459550;0
20210311 093800;8.459550;8.461590;8.459140;8.461550;0
20210311 093900;8.461540;8.461570;8.458610;8.458860;0
20210311 094000;8.459120;8.460450;8.454210;8.460450;0
20210311 094100;8.460440;8.462400;8.459140;8.459970;0
20210311 094200;8.459970;8.468830;8.459690;8.466980;0
20210311 094300;8.467190;8.469340;8.463600;8.469340;0
20210311 094400;8.469340;8.477000;8.468220;8.475090;0
20210311 094500;8.475090;8.476190;8.468730;8.469550;0
20210311 094600;8.469480;8.469480;8.464810;8.466010;0
20210311 094700;8.466230;8.473250;8.465340;8.471790;0
20210311 094800;8.471920;8.472390;8.466860;8.468180;0
20210311 094900;8.468390;8.469440;8.466840;8.466840;0
20210311 095000;8.467040;8.467040;8.459000;8.459350;0
20210311 095100;8.459360;8.460750;8.456970;8.460210;0
20210311 095200;8.460410;8.460620;8.456400;8.457250;0
20210311 095300;8.457170;8.458700;8.455500;8.458330;0
20210311 095400;8.458200;8.458550;8.456570;8.456990;0
20210311 095500;8.456960;8.459680;8.455700;8.459310;0
20210311 095600;8.458900;8.459120;8.454040;8.458970;0
20210311 095700;8.458590;8.460430;8.457280;8.460110;0
20210311 095800;8.460130;8.460220;8.454480;8.458070;0
20210311 095900;8.458240;8.459680;8.456180;8.457100;0
20210311 100000;8.457220;8.457220;8.454070;8.454570;0
20210311 100100;8.454660;8.454660;8.451320;8.453120;0
20210311 100200;8.453250;8.453420;8.449350;8.452530;0
20210311 100300;8.452590;8.455740;8.452440;8.455660;0
20210311 100400;8.455650;8.458870;8.454610;8.458860;0
20210311 100500;8.458870;8.458870;8.451710;8.451710;0
20210311 100600;8.451620;8.457660;8.451560;8.457360;0
20210311 100700;8.457330;8.459940;8.455440;8.456930;0
20210311 100800;8.457100;8.461660;8.456400;8.461660;0
20210311 100900;8.461530;8.462890;8.460090;8.460290;0
20210311 101000;8.460220;8.461190;8.459010;8.459010;0
20210311 101100;8.459020;8.459810;8.455610;8.456020;0
20210311 101200;8.456170;8.457630;8.454930;8.456360;0
20210311 101300;8.456530;8.460550;8.456530;8.460260;0
20210311 101400;8.460400;8.461600;8.459210;8.461290;0
20210311 101500;8.461270;8.462090;8.459990;8.461720;0
20210311 101600;8.461620;8.464990;8.458810;8.464490;0
20210311 101700;8.464630;8.473190;8.464090;8.472990;0
20210311 101800;8.472860;8.477560;8.470610;8.477340;0
20210311 101900;8.477520;8.478590;8.473910;8.476040;0
20210311 102000;8.476040;8.476980;8.474280;8.475620;0
20210311 102100;8.475620;8.475620;8.470320;8.471370;0
20210311 102200;8.471260;8.473060;8.470410;8.472650;0
20210311 102300;8.472640;8.474460;8.472110;8.474460;0
20210311 102400;8.474490;8.474490;8.470440;8.470440;0
20210311 102500;8.470600;8.471160;8.467530;8.468510;0
20210311 102600;8.468490;8.468500;8.464390;8.464390;0
20210311 102700;8.464310;8.465160;8.463460;8.464980;0
20210311 102800;8.465080;8.465770;8.463420;8.464420;0
20210311 102900;8.464670;8.465580;8.463490;8.463650;0
20210311 103000;8.463690;8.463750;8.459750;8.459920;0
20210311 103100;8.460050;8.461270;8.458950;8.459560;0
20210311 103200;8.459660;8.459740;8.455020;8.455020;0
20210311 103300;8.454070;8.455800;8.453300;8.453520;0
20210311 103400;8.453400;8.453400;8.449820;8.449820;0
20210311 103500;8.449730;8.452620;8.447650;8.449860;0
20210311 103600;8.449960;8.450950;8.446280;8.446540;0
20210311 103700;8.446580;8.447900;8.445210;8.446700;0
20210311 103800;8.446480;8.448840;8.446420;8.447630;0
20210311 103900;8.447520;8.450590;8.446200;8.450050;0
20210311 104000;8.450040;8.450220;8.444760;8.445050;0
20210311 104100;8.445150;8.445860;8.443370;8.444320;0
20210311 104200;8.444200;8.445570;8.444180;8.444780;0
20210311 104300;8.444930;8.445300;8.440590;8.441770;0
20210311 104400;8.441770;8.444670;8.441640;8.444530;0
20210311 104500;8.444460;8.444530;8.440250;8.440250;0
20210311 104600;8.440140;8.441030;8.438710;8.438740;0
20210311 104700;8.438720;8.439580;8.436630;8.437220;0
20210311 104800;8.437290;8.439930;8.435450;8.435700;0
20210311 104900;8.435710;8.436190;8.434950;8.435090;0
20210311 105000;8.435070;8.435140;8.430130;8.430140;0
20210311 105100;8.430270;8.434830;8.429350;8.431040;0
20210311 105200;8.431050;8.438540;8.429420;8.437660;0
20210311 105300;8.437660;8.437660;8.434400;8.434970;0
20210311 105400;8.434970;8.439150;8.434880;8.439150;0
20210311 105500;8.439150;8.439360;8.432880;8.434650;0
20210311 105600;8.434650;8.440960;8.434650;8.440880;0
20210311 105700;8.440980;8.441230;8.437050;8.437240;0
20210311 105800;8.437080;8.437840;8.431270;8.431540;0
20210311 105900;8.431420;8.437450;8.430700;8.437440;0
20210311 110000;8.437460;8.437460;8.432870;8.432970;0
20210311 110100;8.432810;8.434190;8.431800;8.433000;0
20210311 110200;8.433000;8.433050;8.431400;8.431720;0
20210311 110300;8.431860;8.433930;8.430810;8.431210;0
20210311 110400;8.431180;8.435520;8.431130;8.435330;0
20210311 110500;8.435520;8.435540;8.432410;8.433220;0
20210311 110600;8.433280;8.438110;8.433220;8.436760;0
20210311 110700;8.436410;8.439360;8.434540;8.438380;0
20210311 110800;8.438520;8.440290;8.437610;8.440290;0
20210311 110900;8.440160;8.442770;8.438620;8.441820;0
20210311 111000;8.441920;8.446660;8.440520;8.441250;0
20210311 111100;8.441230;8.444000;8.440040;8.440380;0
20210311 111200;8.440560;8.441400;8.438540;8.439230;0
20210311 111300;8.439060;8.441140;8.438990;8.440890;0
20210311 111400;8.440760;8.442270;8.440720;8.441220;0
20210311 111500;8.441220;8.441990;8.440670;8.441840;0
20210311 111600;8.441770;8.443100;8.441490;8.442070;0
20210311 111700;8.441940;8.442720;8.441730;8.442720;0
20210311 111800;8.442700;8.442800;8.441770;8.441770;0
20210311 111900;8.441840;8.442960;8.441650;8.442960;0
20210311 112000;8.442940;8.443680;8.442720;8.443680;0
20210311 112100;8.443890;8.443970;8.439910;8.440070;0
20210311 112200;8.440000;8.440250;8.436880;8.437780;0
20210311 112300;8.437690;8.437690;8.435810;8.436830;0
20210311 112400;8.436870;8.438770;8.435940;8.436020;0
20210311 112500;8.436030;8.436220;8.429560;8.431850;0
20210311 112600;8.431850;8.433800;8.431360;8.433440;0
20210311 112700;8.433400;8.435440;8.433290;8.434360;0
20210311 112800;8.434320;8.434970;8.434170;8.434550;0
20210311 112900;8.434520;8.435500;8.434520;8.435160;0
20210311 113000;8.435080;8.436800;8.434640;8.436100;0
20210311 113100;8.436020;8.436020;8.433810;8.434200;0
20210311 113200;8.434090;8.434700;8.432840;8.433440;0
20210311 113300;8.433480;8.434460;8.433250;8.433630;0
20210311 113400;8.433640;8.435640;8.433000;8.434150;0
20210311 113500;8.434150;8.434150;8.432620;8.432740;0
20210311 113600;8.432960;8.434230;8.432960;8.433620;0
20210311 113700;8.433580;8.434430;8.433520;8.433880;0
20210311 113800;8.433880;8.434430;8.433130;8.433150;0
20210311 113900;8.433110;8.436110;8.433100;8.436070;0
20210311 114000;8.435700;8.435700;8.434810;8.435280;0
20210311 114100;8.435250;8.435330;8.433950;8.434730;0
20210311 114200;8.434820;8.435540;8.434370;8.434610;0
20210311 114300;8.434610;8.435540;8.425200;8.430550;0
20210311 114400;8.430850;8.431760;8.428060;8.428060;0
20210311 114500;8.428300;8.429720;8.424220;8.428620;0
20210311 114600;8.428810;8.429220;8.427950;8.428010;0
20210311 114700;8.428020;8.429730;8.427480;8.428490;0
20210311 114800;8.428440;8.429210;8.427490;8.427860;0
20210311 114900;8.427960;8.428840;8.427960;8.428800;0
20210311 115000;8.428710;8.428710;8.423030;8.423160;0
20210311 115100;8.423240;8.423640;8.417010;8.419960;0
20210311 115200;8.419570;8.422870;8.419570;8.422350;0
20210311 115300;8.422410;8.422990;8.420620;8.422650;0
20210311 115400;8.422450;8.422940;8.421460;8.422470;0
20210311 115500;8.422390;8.428340;8.421770;8.422720;0
20210311 115600;8.422670;8.422910;8.421560;8.422380;0
20210311 115700;8.422280;8.424750;8.421020;8.424750;0
20210311 115800;8.424790;8.425380;8.423210;8.424430;0
20210311 115900;8.424510;8.425570;8.424430;8.424760;0
20210311 120000;8.424840;8.425670;8.424560;8.424880;0
20210311 120100;8.424760;8.428570;8.424470;8.426610;0
20210311 120200;8.427560;8.429840;8.424560;8.425930;0
20210311 120300;8.425980;8.426490;8.424830;8.425200;0
20210311 120400;8.424980;8.424980;8.419410;8.420240;0
20210311 120500;8.420240;8.426350;8.420240;8.426350;0
20210311 120600;8.426390;8.429480;8.425960;8.426040;0
20210311 120700;8.426030;8.426630;8.425060;8.425780;0
20210311 120800;8.425590;8.426050;8.424990;8.425530;0
20210311 120900;8.425610;8.425610;8.424640;8.424800;0
20210311 121000;8.424710;8.424920;8.424220;8.424510;0
20210311 121100;8.424590;8.425450;8.424590;8.425340;0
20210311 121200;8.425380;8.427010;8.425330;8.426860;0
20210311 121300;8.426850;8.427780;8.426560;8.427500;0
20210311 121400;8.427720;8.430320;8.427720;8.430210;0
20210311 121500;8.430200;8.430360;8.429580;8.429580;0
20210311 121600;8.429660;8.429660;8.428480;8.429330;0
20210311 121700;8.429420;8.429480;8.427740;8.427740;0
20210311 121800;8.427710;8.429150;8.423090;8.428850;0
20210311 121900;8.428850;8.428960;8.424160;8.424290;0
20210311 122000;8.424290;8.424800;8.424290;8.424590;0
20210311 122100;8.424730;8.425730;8.424650;8.424830;0
20210311 122200;8.425020;8.426970;8.423390;8.425990;0
20210311 122300;8.425990;8.426260;8.424780;8.425420;0
20210311 122400;8.425210;8.425360;8.425010;8.425240;0
20210311 122500;8.425090;8.425860;8.424850;8.425790;0
20210311 122600;8.425870;8.426020;8.424910;8.424990;0
20210311 122700;8.424940;8.424940;8.423710;8.424430;0
20210311 122800;8.424470;8.425050;8.424180;8.424740;0
20210311 122900;8.424450;8.424450;8.422160;8.422210;0
20210311 123000;8.422200;8.422450;8.421550;8.422040;0
20210311 123100;8.421980;8.422380;8.421170;8.421230;0
20210311 123200;8.421240;8.425440;8.421240;8.423530;0
20210311 123300;8.423530;8.424860;8.423530;8.424330;0
20210311 123400;8.424330;8.425640;8.422970;8.424160;0
20210311 123500;8.424160;8.424400;8.416770;8.417320;0
20210311 123600;8.417810;8.418520;8.417090;8.417090;0
20210311 123700;8.417180;8.417230;8.415250;8.416610;0
20210311 123800;8.416470;8.416580;8.415870;8.416400;0
20210311 123900;8.416490;8.417250;8.416250;8.417000;0
20210311 124000;8.417050;8.417890;8.417050;8.417200;0
20210311 124100;8.417090;8.417770;8.417090;8.417410;0
20210311 124200;8.417540;8.418610;8.417310;8.417950;0
20210311 124300;8.417950;8.421680;8.417950;8.421680;0
20210311 124400;8.421490;8.423240;8.420220;8.420950;0
20210311 124500;8.421090;8.422920;8.420280;8.421630;0
20210311 124600;8.421620;8.422090;8.419850;8.420180;0
20210311 124700;8.420180;8.421600;8.420010;8.421290;0
20210311 124800;8.421200;8.421490;8.419110;8.419680;0
20210311 124900;8.419680;8.420140;8.417650;8.417780;0
20210311 125000;8.417710;8.418680;8.417050;8.418680;0
20210311 125100;8.418760;8.422760;8.418760;8.421720;0
20210311 125200;8.421560;8.421980;8.421310;8.421820;0
20210311 125300;8.421820;8.424410;8.421710;8.424410;0
20210311 125400;8.424540;8.425690;8.424490;8.425610;0
20210311 125500;8.425740;8.425940;8.425390;8.425610;0
20210311 125600;8.425600;8.425600;8.424310;8.424450;0
20210311 125700;8.424590;8.424670;8.422430;8.422500;0
20210311 125800;8.422470;8.422620;8.421630;8.421710;0
20210311 125900;8.421570;8.421570;8.417350;8.417920;0
20210311 130000;8.417820;8.418420;8.415540;8.416500;0
20210311 130100;8.416370;8.416800;8.414410;8.415210;0
20210311 130200;8.415080;8.415160;8.404840;8.407380;0
20210311 130300;8.407320;8.408040;8.403730;8.404240;0
20210311 130400;8.404250;8.405990;8.403940;8.405080;0
20210311 130500;8.405090;8.405250;8.403370;8.404290;0
20210311 130600;8.404370;8.404970;8.403740;8.404260;0
20210311 130700;8.404260;8.405040;8.403880;8.404470;0
20210311 130800;8.404460;8.406540;8.404460;8.405640;0
20210311 130900;8.405630;8.415050;8.405630;8.412940;0
20210311 131000;8.412990;8.413070;8.410540;8.412410;0
20210311 131100;8.412450;8.412450;8.409740;8.410440;0
20210311 131200;8.410230;8.410370;8.406980;8.409090;0
20210311 131300;8.409230;8.412650;8.409230;8.411660;0
20210311 131400;8.411500;8.412730;8.411170;8.412670;0
20210311 131500;8.413080;8.413510;8.412340;8.412600;0
20210311 131600;8.412340;8.412910;8.411650;8.411790;0
20210311 131700;8.411630;8.411850;8.410330;8.410610;0
20210311 131800;8.410880;8.411320;8.410590;8.411310;0
20210311 131900;8.411320;8.413530;8.410970;8.412980;0
20210311 132000;8.412800;8.418010;8.412800;8.416730;0
20210311 132100;8.416950;8.417950;8.416080;8.417570;0
20210311 132200;8.417680;8.417730;8.416620;8.416940;0
20210311 132300;8.416800;8.418900;8.416420;8.418700;0
20210311 132400;8.418630;8.421800;8.418480;8.419660;0
20210311 132500;8.419720;8.420690;8.413670;8.418430;0
20210311 132600;8.418280;8.418830;8.418090;8.418830;0
20210311 132700;8.419030;8.420040;8.418810;8.419410;0
20210311 132800;8.419260;8.419260;8.417380;8.418130;0
20210311 132900;8.418220;8.418800;8.417340;8.418140;0
20210311 133000;8.418350;8.418350;8.415120;8.416830;0
20210311 133100;8.416930;8.417730;8.416050;8.416320;0
20210311 133200;8.416370;8.417040;8.414480;8.414670;0
20210311 133300;8.414870;8.415430;8.413330;8.413930;0
20210311 133400;8.414050;8.418170;8.412340;8.418170;0
20210311 133500;8.418240;8.418660;8.414290;8.414870;0
20210311 133600;8.414710;8.414920;8.413220;8.414150;0
20210311 133700;8.414370;8.414640;8.414010;8.414090;0
20210311 133800;8.413750;8.415160;8.411630;8.415160;0
20210311 133900;8.415020;8.416330;8.414710;8.416170;0
20210311 134000;8.416170;8.416170;8.414500;8.414770;0
20210311 134100;8.414620;8.414930;8.413050;8.414930;0
20210311 134200;8.415140;8.416260;8.415070;8.416260;0
20210311 134300;8.416410;8.416990;8.415960;8.416170;0
20210311 134400;8.416040;8.416040;8.415120;8.415530;0
20210311 134500;8.415380;8.416410;8.415150;8.415370;0
20210311 134600;8.415570;8.415940;8.414900;8.415910;0
20210311 134700;8.415750;8.416070;8.415200;8.415990;0
20210311 134800;8.415940;8.415940;8.415110;8.415110;0
20210311 134900;8.415240;8.415240;8.413920;8.414060;0
20210311 135000;8.413970;8.414990;8.413320;8.414990;0
20210311 135100;8.415200;8.415210;8.412870;8.412870;0
20210311 135200;8.412980;8.413580;8.412980;8.413030;0
20210311 135300;8.413140;8.413350;8.412000;8.413160;0
20210311 135400;8.412990;8.413530;8.412850;8.412860;0
20210311 135500;8.412700;8.412790;8.411900;8.412050;0
20210311 135600;8.412240;8.412340;8.411110;8.411370;0
20210311 135700;8.411220;8.412290;8.410480;8.412170;0
20210311 135800;8.412260;8.412650;8.412190;8.412270;0
20210311 135900;8.412120;8.413340;8.411920;8.413340;0
20210311 140000;8.413410;8.413410;8.411740;8.411890;0
20210311 140100;8.411900;8.412240;8.410940;8.411190;0
20210311 140200;8.411370;8.411550;8.409550;8.410020;0
20210311 140300;8.409950;8.409950;8.408960;8.408960;0
20210311 140400;8.408860;8.408860;8.408150;8.408650;0
20210311 140500;8.408320;8.410270;8.408210;8.410190;0
20210311 140600;8.410440;8.411720;8.410160;8.411280;0
20210311 140700;8.411250;8.411250;8.410680;8.410680;0
20210311 140800;8.410660;8.411550;8.410000;8.410290;0
20210311 140900;8.410520;8.411420;8.410420;8.411290;0
20210311 141000;8.411320;8.411720;8.411240;8.411240;0
20210311 141100;8.411170;8.411390;8.410190;8.410470;0
20210311 141200;8.410650;8.411280;8.410650;8.411280;0
20210311 141300;8.411430;8.411940;8.411250;8.411890;0
20210311 141400;8.412090;8.412100;8.411280;8.411840;0
20210311 141500;8.412040;8.412310;8.411810;8.412310;0
20210311 141600;8.412460;8.412460;8.411120;8.411360;0
20210311 141700;8.411260;8.411960;8.410790;8.411790;0
20210311 141800;8.411950;8.412520;8.411600;8.412190;0
20210311 141900;8.412280;8.413530;8.412140;8.413520;0
20210311 142000;8.413360;8.413520;8.412600;8.413320;0
20210311 142100;8.413350;8.413350;8.412120;8.412570;0
20210311 142200;8.412320;8.414130;8.412290;8.414070;0
20210311 142300;8.413870;8.414400;8.413870;8.414030;0
20210311 142400;8.414060;8.414290;8.413220;8.414160;0
20210311 142500;8.414370;8.414370;8.413880;8.414040;0
20210311 142600;8.414120;8.414120;8.413430;8.413900;0
20210311 142700;8.413740;8.413900;8.412590;8.412660;0
20210311 142800;8.412730;8.412940;8.412510;8.412510;0
20210311 142900;8.412360;8.412490;8.410910;8.411700;0
20210311 143000;8.411890;8.412310;8.411890;8.412050;0
20210311 143100;8.412090;8.413570;8.412090;8.413330;0
20210311 143200;8.413310;8.413310;8.412310;8.413020;0
20210311 143300;8.412880;8.412880;8.412490;8.412790;0
20210311 143400;8.412550;8.413000;8.412220;8.412750;0
20210311 143500;8.412640;8.414430;8.412640;8.413570;0
20210311 143600;8.413160;8.413700;8.413160;8.413520;0
20210311 143700;8.413370;8.413650;8.411890;8.412270;0
20210311 143800;8.412280;8.412510;8.412000;8.412270;0
20210311 143900;8.412490;8.413000;8.412490;8.412940;0
20210311 144000;8.412920;8.413050;8.412510;8.412560;0
20210311 144100;8.412550;8.412550;8.411900;8.412280;0
20210311 144200;8.412130;8.412130;8.411890;8.412040;0
20210311 144300;8.412180;8.412280;8.411260;8.411330;0
20210311 144400;8.411240;8.412220;8.411230;8.411500;0
20210311 144500;8.411580;8.412520;8.411430;8.412240;0
20210311 144600;8.412270;8.412900;8.412270;8.412590;0
20210311 144700;8.412400;8.413260;8.411380;8.412750;0
20210311 144800;8.412780;8.413260;8.412780;8.413260;0
20210311 144900;8.413400;8.414410;8.413400;8.414410;0
20210311 145000;8.414480;8.414770;8.414360;8.414690;0
20210311 145100;8.414520;8.414750;8.413610;8.413770;0
20210311 145200;8.413850;8.414080;8.412930;8.413330;0
20210311 145300;8.413410;8.413720;8.412620;8.413520;0
20210311 145400;8.413620;8.413920;8.413200;8.413600;0
20210311 145500;8.413560;8.414620;8.413130;8.413920;0
20210311 145600;8.414030;8.414380;8.413650;8.414380;0
20210311 145700;8.414440;8.414720;8.414030;8.414170;0
20210311 145800;8.414200;8.414240;8.411640;8.413280;0
20210311 145900;8.413280;8.413830;8.412590;8.413830;0
20210311 150000;8.413900;8.414280;8.413460;8.413620;0
20210311 150100;8.413620;8.413620;8.410520;8.410660;0
20210311 150200;8.410510;8.412100;8.410510;8.411870;0
20210311 150300;8.412030;8.412710;8.412030;8.412570;0
20210311 150400;8.412650;8.412670;8.412460;8.412460;0
20210311 150500;8.412380;8.412670;8.412070;8.412620;0
20210311 150600;8.412750;8.412750;8.412120;8.412270;0
20210311 150700;8.412420;8.413250;8.412320;8.412930;0
20210311 150800;8.412830;8.412830;8.411800;8.412050;0
20210311 150900;8.411800;8.412100;8.411730;8.411960;0
20210311 151000;8.412100;8.412900;8.412100;8.412760;0
20210311 151100;8.412910;8.412910;8.411730;8.412170;0
20210311 151200;8.411740;8.412720;8.411720;8.411860;0
20210311 151300;8.411870;8.411870;8.410930;8.411130;0
20210311 151400;8.411230;8.411820;8.410350;8.410360;0
20210311 151500;8.410400;8.410550;8.409810;8.410110;0
20210311 151600;8.410050;8.410720;8.409840;8.410330;0
20210311 151700;8.410310;8.410530;8.409280;8.409400;0
20210311 151800;8.409310;8.409310;8.407880;8.407930;0
20210311 151900;8.407880;8.408250;8.407740;8.407770;0
20210311 152000;8.407810;8.408030;8.407530;8.407590;0
20210311 152100;8.407550;8.407830;8.407020;8.407570;0
20210311 152200;8.407640;8.407930;8.407020;8.407320;0
20210311 152300;8.407350;8.407830;8.407230;8.407620;0
20210311 152400;8.407720;8.408130;8.407070;8.407520;0
20210311 152500;8.407620;8.407730;8.406840;8.407320;0
20210311 152600;8.406820;8.407430;8.406620;8.407030;0
20210311 152700;8.407220;8.408620;8.407120;8.407520;0
20210311 152800;8.407620;8.408020;8.407020;8.407320;0
20210311 152900;8.407120;8.407510;8.406730;8.407460;0
20210311 153000;8.407420;8.408110;8.407220;8.407260;0
20210311 153100;8.407420;8.408630;8.407320;8.408630;0
20210311 153200;8.408520;8.408830;8.407720;8.408320;0
20210311 153300;8.408220;8.409130;8.408220;8.408420;0
20210311 153400;8.408230;8.408320;8.407270;8.407340;0
20210311 153500;8.407360;8.407930;8.407360;8.407920;0
20210311 153600;8.407750;8.408220;8.407620;8.407820;0
20210311 153700;8.407920;8.409020;8.407480;8.407490;0
20210311 153800;8.407450;8.407450;8.406430;8.406560;0
20210311 153900;8.406430;8.407820;8.406430;8.407240;0
20210311 154000;8.407250;8.407620;8.407120;8.407250;0
20210311 154100;8.407240;8.407430;8.406450;8.407120;0
20210311 154200;8.407050;8.407220;8.406630;8.406750;0
20210311 154300;8.406810;8.406930;8.406390;8.406420;0
20210311 154400;8.406480;8.407180;8.406440;8.407110;0
20210311 154500;8.407220;8.407820;8.406830;8.406860;0
20210311 154600;8.406840;8.407340;8.406720;8.406990;0
20210311 154700;8.406910;8.407360;8.406430;8.406810;0
20210311 154800;8.406890;8.406930;8.406300;8.406710;0
20210311 154900;8.406710;8.406810;8.406640;8.406810;0
20210311 155000;8.406900;8.409480;8.406760;8.407440;0
20210311 155100;8.407490;8.409140;8.406410;8.406700;0
20210311 155200;8.406820;8.407150;8.405550;8.405740;0
20210311 155300;8.405740;8.405740;8.404020;8.405120;0
20210311 155400;8.405220;8.406720;8.405220;8.405430;0
20210311 155500;8.405420;8.406620;8.405220;8.405620;0
20210311 155600;8.405620;8.406730;8.405320;8.406330;0
20210311 155700;8.406420;8.406520;8.405080;8.405820;0
20210311 155800;8.405520;8.406330;8.404220;8.404720;0
20210311 155900;8.404620;8.405320;8.403530;8.404230;0
20210311 160000;8.404230;8.405620;8.403620;8.403820;0
20210311 160100;8.403550;8.404220;8.403180;8.403420;0
20210311 160200;8.403520;8.404720;8.403170;8.403720;0
20210311 160300;8.403720;8.404930;8.403720;8.404930;0
20210311 160400;8.404820;8.404920;8.404320;8.404520;0
20210311 160500;8.404520;8.404930;8.403520;8.403730;0
20210311 160600;8.403730;8.404220;8.403420;8.403820;0
20210311 160700;8.403920;8.404330;8.403620;8.404230;0
20210311 160800;8.404320;8.404330;8.403820;8.404100;0
20210311 160900;8.404120;8.404330;8.403890;8.404120;0
20210311 161000;8.404120;8.404430;8.403190;8.403430;0
20210311 161100;8.403430;8.403820;8.403020;8.403720;0
20210311 161200;8.403830;8.404320;8.403320;8.404020;0
20210311 161300;8.404030;8.404420;8.403930;8.404020;0
20210311 161400;8.404120;8.404830;8.404120;8.404330;0
20210311 161500;8.404220;8.407030;8.404120;8.406920;0
20210311 161600;8.407020;8.407120;8.405760;8.405760;0
20210311 161700;8.405720;8.406630;8.405460;8.406120;0
20210311 161800;8.406020;8.406720;8.406020;8.406320;0
20210311 161900;8.406420;8.406620;8.406060;8.406120;0
20210311 162000;8.406220;8.406230;8.405740;8.405790;0
20210311 162100;8.405340;8.405430;8.404890;8.404890;0
20210311 162200;8.404880;8.405340;8.404880;8.405320;0
20210311 162300;8.405420;8.406530;8.405320;8.406320;0
20210311 162400;8.406330;8.407020;8.406320;8.406620;0
20210311 162500;8.406720;8.407030;8.406620;8.407020;0
20210311 162600;8.406920;8.407320;8.406650;8.406720;0
20210311 162700;8.407120;8.407240;8.406650;8.407240;0
20210311 162800;8.407170;8.407380;8.406730;8.406850;0
20210311 162900;8.407090;8.407830;8.406730;8.407220;0
20210311 163000;8.407130;8.408040;8.407020;8.407820;0
20210311 163100;8.407730;8.408590;8.407710;8.408290;0
20210311 163200;8.408240;8.408520;8.407950;8.408450;0
20210311 163300;8.408450;8.408460;8.408380;8.408390;0
20210311 163400;8.408550;8.408550;8.408470;8.408470;0
20210311 163500;8.408480;8.408640;8.408480;8.408500;0
20210311 163600;8.408380;8.410310;8.408170;8.410290;0
20210311 163700;8.410220;8.413350;8.409880;8.411310;0
20210311 163800;8.411280;8.411770;8.411270;8.411650;0
20210311 163900;8.411590;8.411870;8.411590;8.411870;0
20210311 164000;8.412070;8.412420;8.412070;8.412290;0
20210311 164100;8.413090;8.415370;8.411980;8.412340;0
20210311 164200;8.412550;8.412650;8.411180;8.411350;0
20210311 164300;8.411540;8.411960;8.411110;8.411500;0
20210311 164400;8.411370;8.412020;8.410830;8.411120;0
20210311 164500;8.411270;8.412540;8.411130;8.411930;0
20210311 164600;8.411990;8.412810;8.411570;8.412720;0
20210311 164700;8.412360;8.413260;8.412220;8.412600;0
20210311 164800;8.412570;8.413140;8.411840;8.412590;0
20210311 164900;8.412520;8.412990;8.411950;8.412600;0
20210311 165000;8.412580;8.412580;8.410520;8.411520;0
20210311 165100;8.411270;8.413330;8.410320;8.413270;0
20210311 165200;8.413080;8.413630;8.412750;8.413630;0
20210311 165300;8.413610;8.413950;8.413350;8.413430;0
20210311 165400;8.413410;8.413930;8.413410;8.413650;0
20210311 165500;8.413750;8.415620;8.413420;8.414520;0
20210311 165600;8.415130;8.415320;8.414230;8.414430;0
20210311 165700;8.414220;8.415320;8.414020;8.414230;0
20210311 165800;8.414120;8.414720;8.413830;8.413830;0
20210311 165900;8.413920;8.414630;8.411710;8.411770;0
20210311 170000;8.413020;8.413020;8.413020;8.413020;0
20210311 170100;8.419730;8.419730;8.418330;8.418330;0
20210311 170200;8.417120;8.417120;8.416720;8.417030;0
20210311 170300;8.417020;8.417020;8.417020;8.417020;0
20210311 170400;8.412380;8.417220;8.409120;8.410220;0
20210311 170500;8.410320;8.410320;8.410220;8.410320;0
20210311 170600;8.410320;8.410320;8.410220;8.410220;0
20210311 170700;8.410520;8.411020;8.410520;8.411020;0
20210311 170800;8.411020;8.411020;8.411020;8.411020;0
20210311 170900;8.411120;8.411420;8.411120;8.411220;0
20210311 171000;8.411130;8.411130;8.411020;8.411020;0
20210311 171400;8.410430;8.410620;8.410430;8.410620;0
20210311 171600;8.410730;8.410730;8.410620;8.410720;0
20210311 171700;8.411120;8.411220;8.411020;8.411020;0
20210311 171900;8.410920;8.411030;8.410920;8.410920;0
20210311 172000;8.411020;8.411020;8.411020;8.411020;0
20210311 172100;8.410920;8.410920;8.410920;8.410920;0
20210311 172300;8.410720;8.412210;8.410120;8.412210;0
20210311 172400;8.412070;8.412070;8.411220;8.411320;0
20210311 172600;8.411330;8.411330;8.411320;8.411320;0
20210311 172700;8.410640;8.410640;8.410620;8.410620;0
20210311 172800;8.410620;8.410620;8.409020;8.409320;0
20210311 172900;8.409720;8.409720;8.409720;8.409720;0
20210311 173000;8.409720;8.415680;8.409720;8.413700;0
20210311 173100;8.413710;8.413710;8.409720;8.409720;0
20210311 173200;8.409720;8.409730;8.409620;8.409720;0
20210311 173300;8.409720;8.409720;8.409620;8.409630;0
20210311 173400;8.409610;8.409610;8.409610;8.409610;0
20210311 173500;8.409730;8.409930;8.409730;8.409930;0
20210311 173800;8.409930;8.409930;8.409930;8.409930;0
20210311 173900;8.410130;8.410130;8.410120;8.410120;0
20210311 174000;8.410120;8.410130;8.410120;8.410120;0
20210311 174100;8.410120;8.410130;8.410120;8.410130;0
20210311 174200;8.410130;8.410520;8.410130;8.410520;0
20210311 174300;8.411560;8.412280;8.410520;8.412280;0
20210311 174400;8.412280;8.412480;8.412280;8.412480;0
20210311 174500;8.412480;8.412480;8.412480;8.412480;0
20210311 174600;8.412490;8.412490;8.412490;8.412490;0
20210311 174700;8.412490;8.412490;8.412480;8.412480;0
20210311 174800;8.412480;8.412480;8.411220;8.411220;0
20210311 174900;8.411220;8.411220;8.411220;8.411220;0
20210311 175000;8.411220;8.411220;8.411220;8.411220;0
20210311 175100;8.411420;8.411420;8.411220;8.411220;0
20210311 175200;8.411230;8.411820;8.411220;8.411230;0
20210311 175300;8.411220;8.411230;8.411220;8.411230;0
20210311 175400;8.411510;8.411520;8.411510;8.411510;0
20210311 175500;8.411510;8.411510;8.411510;8.411510;0
20210311 175600;8.411630;8.411770;8.411630;8.411760;0
20210311 175700;8.411760;8.411760;8.411760;8.411760;0
20210311 175800;8.411760;8.411770;8.411760;8.411760;0
20210311 175900;8.411760;8.411770;8.411760;8.411770;0
20210311 180000;8.411530;8.412760;8.411020;8.411120;0
20210311 180100;8.411220;8.414050;8.411120;8.412300;0
20210311 180200;8.412260;8.417040;8.411590;8.415600;0
20210311 180300;8.415600;8.415600;8.410000;8.414200;0
20210311 180400;8.414400;8.414400;8.414400;8.414400;0
20210311 180500;8.412720;8.412930;8.412720;8.412930;0
20210311 180600;8.412720;8.412720;8.412720;8.412720;0
20210311 180700;8.412500;8.412500;8.412500;8.412500;0
20210311 180800;8.412270;8.412270;8.412270;8.412270;0
20210311 180900;8.412470;8.412890;8.412470;8.412890;0
20210311 181000;8.412910;8.412910;8.410660;8.411020;0
20210311 181100;8.411020;8.413450;8.410820;8.412960;0
20210311 181200;8.411950;8.411950;8.410670;8.410740;0
20210311 181300;8.410730;8.411560;8.408410;8.408410;0
20210311 181400;8.408360;8.408710;8.407120;8.407420;0
20210311 181500;8.407320;8.407620;8.407120;8.407620;0
20210311 181600;8.407620;8.407930;8.407320;8.407830;0
20210311 181700;8.407720;8.407820;8.407230;8.407620;0
20210311 181800;8.407720;8.408220;8.407520;8.407720;0
20210311 181900;8.407830;8.408020;8.407430;8.407520;0
20210311 182000;8.407620;8.407620;8.407020;8.407420;0
20210311 182100;8.407420;8.408520;8.407320;8.408520;0
20210311 182200;8.408520;8.408520;8.406920;8.407320;0
20210311 182300;8.407220;8.408030;8.407220;8.407920;0
20210311 182400;8.408020;8.408430;8.407720;8.407920;0
20210311 182500;8.407920;8.408330;8.407620;8.408220;0
20210311 182600;8.408520;8.409030;8.408420;8.409030;0
20210311 182700;8.409120;8.409120;8.408230;8.408320;0
20210311 182800;8.408320;8.408620;8.407620;8.407720;0
20210311 182900;8.407520;8.407620;8.407320;8.407420;0
20210311 183000;8.407530;8.407620;8.406520;8.406820;0
20210311 183100;8.406820;8.407020;8.406520;8.406630;0
20210311 183200;8.406520;8.406920;8.406520;8.406530;0
20210311 183300;8.406620;8.406620;8.406320;8.406320;0
20210311 183400;8.406320;8.406430;8.406220;8.406320;0
20210311 183500;8.406520;8.407020;8.406420;8.406720;0
20210311 183600;8.406620;8.407620;8.406320;8.407220;0
20210311 183700;8.407120;8.408720;8.407020;8.408320;0
20210311 183800;8.408420;8.408530;8.408020;8.408220;0
20210311 183900;8.408220;8.408920;8.408220;8.408820;0
20210311 184000;8.408920;8.409220;8.408320;8.408420;0
20210311 184100;8.408520;8.409920;8.408320;8.409920;0
20210311 184200;8.409720;8.409720;8.408530;8.408820;0
20210311 184300;8.408720;8.408730;8.408420;8.408720;0
20210311 184400;8.408730;8.409830;8.408620;8.409720;0
20210311 184500;8.409620;8.411320;8.408720;8.411020;0
20210311 184600;8.411120;8.411230;8.409720;8.410220;0
20210311 184700;8.410120;8.411420;8.410120;8.411320;0
20210311 184800;8.411220;8.411720;8.411220;8.411420;0
20210311 184900;8.411320;8.411630;8.410420;8.410720;0
20210311 185000;8.410820;8.410820;8.410120;8.410430;0
20210311 185100;8.410520;8.410620;8.410330;8.410430;0
20210311 185200;8.410330;8.410520;8.410320;8.410420;0
20210311 185300;8.410520;8.411430;8.410520;8.411430;0
20210311 185400;8.411320;8.411430;8.410920;8.410920;0
20210311 185500;8.411130;8.411230;8.410920;8.411020;0
20210311 185600;8.410920;8.410920;8.410720;8.410820;0
20210311 185700;8.410920;8.411620;8.409110;8.411230;0
20210311 185800;8.411020;8.411930;8.410120;8.411820;0
20210311 185900;8.411720;8.411920;8.410820;8.411630;0
20210311 190000;8.411530;8.412520;8.411420;8.411750;0
20210311 190100;8.412430;8.412530;8.409150;8.410020;0
20210311 190200;8.410020;8.411030;8.407870;8.411030;0
20210311 190300;8.411030;8.411130;8.408970;8.411020;0
20210311 190400;8.411020;8.411320;8.407950;8.408730;0
20210311 190500;8.408620;8.408620;8.406620;8.407820;0
20210311 190600;8.407620;8.407920;8.406720;8.407250;0
20210311 190700;8.407550;8.410360;8.407250;8.410350;0
20210311 190800;8.410350;8.410930;8.407220;8.407220;0
20210311 190900;8.407320;8.409620;8.407120;8.408650;0
20210311 191000;8.407730;8.410130;8.407730;8.408960;0
20210311 191100;8.408950;8.410520;8.408420;8.409550;0
20210311 191200;8.409550;8.410330;8.408820;8.409530;0
20210311 191300;8.409620;8.411020;8.408920;8.410160;0
20210311 191400;8.410150;8.410920;8.409830;8.410350;0
20210311 191500;8.410350;8.411130;8.409870;8.409950;0
20210311 191600;8.409950;8.412330;8.409950;8.411420;0
20210311 191700;8.411320;8.411830;8.410920;8.411120;0
20210311 191800;8.411220;8.411630;8.410750;8.410820;0
20210311 191900;8.410750;8.412020;8.410720;8.410950;0
20210311 192000;8.410950;8.412520;8.410460;8.412220;0
20210311 192100;8.412220;8.412520;8.410750;8.411320;0
20210311 192200;8.411520;8.411520;8.409830;8.410730;0
20210311 192300;8.410720;8.410930;8.409020;8.410630;0
20210311 192400;8.410620;8.411520;8.410150;8.411520;0
20210311 192500;8.411620;8.411820;8.410350;8.410920;0
20210311 192600;8.410820;8.411420;8.408550;8.409720;0
20210311 192700;8.409620;8.410330;8.408220;8.410120;0
20210311 192800;8.410220;8.411030;8.408650;8.411020;0
20210311 192900;8.411120;8.411120;8.408810;8.410120;0
20210311 193000;8.410220;8.410830;8.409130;8.410520;0
20210311 193100;8.410420;8.410520;8.409220;8.409450;0
20210311 193200;8.409450;8.411460;8.409450;8.411460;0
20210311 193300;8.411920;8.411920;8.410450;8.410650;0
20210311 193400;8.410650;8.410820;8.409570;8.409760;0
20210311 193500;8.409760;8.411320;8.409760;8.409770;0
20210311 193600;8.409780;8.410630;8.409470;8.409570;0
20210311 193700;8.409580;8.411720;8.409580;8.410850;0
20210311 193800;8.410650;8.411450;8.410220;8.411450;0
20210311 193900;8.410920;8.412030;8.410720;8.411450;0
20210311 194000;8.411660;8.412820;8.411350;8.412320;0
20210311 194100;8.412420;8.413920;8.412060;8.412330;0
20210311 194200;8.412420;8.412520;8.410520;8.410620;0
20210311 194300;8.410620;8.412330;8.409720;8.411720;0
20210311 194400;8.411720;8.411930;8.410820;8.411620;0
20210311 194500;8.411530;8.412230;8.410920;8.411620;0
20210311 194600;8.411660;8.413550;8.410950;8.411920;0
20210311 194700;8.412030;8.414450;8.411420;8.413220;0
20210311 194800;8.413020;8.413020;8.411750;8.412280;0
20210311 194900;8.412270;8.412430;8.410960;8.410970;0
20210311 195000;8.411070;8.412530;8.410370;8.412420;0
20210311 195100;8.412520;8.412820;8.411590;8.412420;0
20210311 195200;8.412520;8.412530;8.411120;8.411220;0
20210311 195300;8.411120;8.412020;8.410280;8.411720;0
20210311 195400;8.411530;8.414620;8.410070;8.412770;0
20210311 195500;8.412770;8.413020;8.411050;8.412250;0
20210311 195600;8.412340;8.413020;8.411450;8.412220;0
20210311 195700;8.412120;8.412220;8.411120;8.411170;0
20210311 195800;8.411140;8.412720;8.410960;8.411230;0
20210311 195900;8.411220;8.412820;8.411120;8.411150;0
20210311 200000;8.411350;8.411860;8.407890;8.407890;0
20210311 200100;8.407940;8.409250;8.406860;8.409250;0
20210311 200200;8.409260;8.409820;8.408850;8.409420;0
20210311 200300;8.409350;8.410330;8.408650;8.410050;0
20210311 200400;8.410120;8.411630;8.410050;8.411220;0
20210311 200500;8.411220;8.411320;8.408150;8.408250;0
20210311 200600;8.408450;8.409030;8.407150;8.407350;0
20210311 200700;8.407350;8.407460;8.406050;8.406950;0
20210311 200800;8.406760;8.406760;8.405340;8.405820;0
20210311 200900;8.405820;8.406150;8.405150;8.405450;0
20210311 201000;8.405430;8.406140;8.405360;8.405620;0
20210311 201100;8.405620;8.406130;8.405520;8.405960;0
20210311 201200;8.405950;8.407430;8.405730;8.406920;0
20210311 201300;8.407000;8.408060;8.407000;8.407450;0
20210311 201400;8.407410;8.407550;8.406550;8.406850;0
20210311 201500;8.406950;8.408260;8.406150;8.406150;0
20210311 201600;8.406150;8.406550;8.405950;8.405950;0
20210311 201700;8.405960;8.406220;8.404470;8.404880;0
20210311 201800;8.404700;8.406260;8.404220;8.406250;0
20210311 201900;8.406250;8.407760;8.406250;8.407460;0
20210311 202000;8.407450;8.408320;8.405650;8.405650;0
20210311 202100;8.405750;8.406630;8.405750;8.405850;0
20210311 202200;8.405860;8.405860;8.405450;8.405630;0
20210311 202300;8.405620;8.406030;8.405110;8.405110;0
20210311 202400;8.405350;8.406930;8.405350;8.406450;0
20210311 202500;8.406530;8.406930;8.406350;8.406470;0
20210311 202600;8.406420;8.407020;8.405850;8.406300;0
20210311 202700;8.406110;8.407170;8.406110;8.406300;0
20210311 202800;8.406250;8.406250;8.406060;8.406100;0
20210311 202900;8.406160;8.406720;8.405950;8.406050;0
20210311 203000;8.406120;8.406730;8.405700;8.406520;0
20210311 203100;8.406520;8.408120;8.406520;8.407520;0
20210311 203200;8.407530;8.407530;8.406230;8.406230;0
20210311 203300;8.406420;8.407050;8.405910;8.406220;0
20210311 203400;8.406230;8.406360;8.405700;8.405900;0
20210311 203500;8.405900;8.405910;8.404440;8.404440;0
20210311 203600;8.404440;8.404760;8.403920;8.404600;0
20210311 203700;8.404610;8.407230;8.404600;8.407120;0
20210311 203800;8.406920;8.407220;8.405850;8.406050;0
20210311 203900;8.406050;8.407120;8.405390;8.405450;0
20210311 204000;8.405490;8.406130;8.405220;8.405850;0
20210311 204100;8.405550;8.406630;8.405550;8.406050;0
20210311 204200;8.405850;8.407920;8.405850;8.407050;0
20210311 204300;8.406820;8.407420;8.406250;8.406530;0
20210311 204400;8.406620;8.408320;8.405950;8.405950;0
20210311 204500;8.405750;8.408330;8.405410;8.408320;0
20210311 204600;8.408420;8.409220;8.408220;8.408850;0
20210311 204700;8.408850;8.409120;8.407520;8.407520;0
20210311 204800;8.407650;8.408920;8.406540;8.406930;0
20210311 204900;8.407060;8.407820;8.406380;8.406390;0
20210311 205000;8.406380;8.408520;8.406380;8.408260;0
20210311 205100;8.408250;8.410030;8.408250;8.409120;0
20210311 205200;8.408950;8.409160;8.407220;8.407530;0
20210311 205300;8.407520;8.407930;8.406720;8.407230;0
20210311 205400;8.407310;8.408430;8.406960;8.408120;0
20210311 205500;8.408230;8.408520;8.407550;8.408220;0
20210311 205600;8.408220;8.408490;8.407360;8.408030;0
20210311 205700;8.407800;8.408190;8.407320;8.408010;0
20210311 205800;8.408160;8.408840;8.407670;8.408120;0
20210311 205900;8.408220;8.408920;8.407710;8.408520;0
20210311 210000;8.408420;8.412620;8.407590;8.411650;0
20210311 210100;8.411650;8.411650;8.409430;8.409520;0
20210311 210200;8.410330;8.410620;8.409180;8.409230;0
20210311 210300;8.409230;8.411030;8.409230;8.410320;0
20210311 210400;8.410320;8.411230;8.410200;8.411050;0
20210311 210500;8.411170;8.411530;8.410020;8.410090;0
20210311 210600;8.410090;8.411920;8.410090;8.411250;0
20210311 210700;8.411250;8.412710;8.411150;8.411750;0
20210311 210800;8.411750;8.413620;8.411750;8.412690;0
20210311 210900;8.412690;8.413620;8.412690;8.413460;0
20210311 211000;8.413460;8.414130;8.413250;8.413810;0
20210311 211100;8.413810;8.414510;8.413430;8.414250;0
20210311 211200;8.414250;8.414440;8.413030;8.413460;0
20210311 211300;8.413790;8.414900;8.413420;8.414190;0
20210311 211400;8.414190;8.415020;8.413940;8.414020;0
20210311 211500;8.414330;8.414960;8.413710;8.414630;0
20210311 211600;8.414620;8.415830;8.413730;8.415520;0
20210311 211700;8.415530;8.416030;8.414990;8.415830;0
20210311 211800;8.415830;8.416310;8.414920;8.415650;0
20210311 211900;8.415520;8.417090;8.415520;8.416460;0
20210311 212000;8.416470;8.416850;8.415620;8.416300;0
20210311 212100;8.416300;8.418250;8.415820;8.418250;0
20210311 212200;8.418150;8.418520;8.417350;8.417700;0
20210311 212300;8.417700;8.418430;8.416810;8.416920;0
20210311 212400;8.417200;8.417950;8.415950;8.417680;0
20210311 212500;8.417680;8.418830;8.416440;8.418460;0
20210311 212600;8.418750;8.419730;8.418550;8.419250;0
20210311 212700;8.419250;8.421650;8.419250;8.420750;0
20210311 212800;8.420920;8.421560;8.420750;8.421050;0
20210311 212900;8.421050;8.421050;8.419160;8.420250;0
20210311 213000;8.420330;8.422530;8.420220;8.421850;0
20210311 213100;8.421850;8.422450;8.421150;8.422050;0
20210311 213200;8.422060;8.422630;8.420870;8.422520;0
20210311 213300;8.422520;8.423420;8.421480;8.422720;0
20210311 213400;8.422720;8.423320;8.421130;8.422350;0
20210311 213500;8.422300;8.425320;8.422250;8.424360;0
20210311 213600;8.424360;8.426290;8.423720;8.426290;0
20210311 213700;8.426410;8.427820;8.425350;8.426460;0
20210311 213800;8.426460;8.427530;8.425130;8.425760;0
20210311 213900;8.425760;8.427050;8.425200;8.426850;0
20210311 214000;8.426850;8.429530;8.426850;8.428450;0
20210311 214100;8.428350;8.429920;8.428350;8.429310;0
20210311 214200;8.429280;8.430120;8.428350;8.429620;0
20210311 214300;8.429820;8.432150;8.429600;8.430010;0
20210311 214400;8.430020;8.432450;8.429950;8.431950;0
20210311 214500;8.432250;8.432250;8.430850;8.431350;0
20210311 214600;8.431150;8.433650;8.430650;8.432620;0
20210311 214700;8.432620;8.432720;8.430860;8.432050;0
20210311 214800;8.432220;8.435350;8.432220;8.433160;0
20210311 214900;8.433050;8.433930;8.432720;8.433550;0
20210311 215000;8.433760;8.435050;8.433350;8.434890;0
20210311 215100;8.434750;8.435850;8.433950;8.435270;0
20210311 215200;8.435720;8.435820;8.433760;8.435260;0
20210311 215300;8.435460;8.437920;8.434630;8.435510;0
20210311 215400;8.435870;8.436930;8.435490;8.435930;0
20210311 215500;8.436010;8.436530;8.434030;8.435030;0
20210311 215600;8.435220;8.437000;8.434670;8.435560;0
20210311 215700;8.435260;8.437130;8.434360;8.434410;0
20210311 215800;8.434370;8.436020;8.434090;8.435070;0
20210311 215900;8.435070;8.435420;8.434300;8.435000;0
20210311 220000;8.435000;8.436220;8.434780;8.435300;0
20210311 220100;8.434780;8.435730;8.433560;8.434430;0
20210311 220200;8.434390;8.435220;8.430350;8.431320;0
20210311 220300;8.431330;8.431420;8.429190;8.429820;0
20210311 220400;8.429720;8.432130;8.429520;8.431230;0
20210311 220500;8.431320;8.432720;8.430180;8.432020;0
20210311 220600;8.431930;8.433530;8.431050;8.432620;0
20210311 220700;8.432620;8.434720;8.431490;8.433820;0
20210311 220800;8.433720;8.434320;8.431490;8.433630;0
20210311 220900;8.433530;8.434430;8.432160;8.433620;0
20210311 221000;8.433630;8.434960;8.431760;8.433620;0
20210311 221100;8.433720;8.434020;8.430800;8.432220;0
20210311 221200;8.432320;8.434590;8.431220;8.431360;0
20210311 221300;8.431300;8.433120;8.431190;8.431580;0
20210311 221400;8.431160;8.433130;8.431020;8.431160;0
20210311 221500;8.430920;8.432730;8.430630;8.431630;0
20210311 221600;8.431720;8.433420;8.431250;8.433120;0
20210311 221700;8.433020;8.435520;8.432350;8.434820;0
20210311 221800;8.434920;8.437240;8.433850;8.435420;0
20210311 221900;8.435520;8.437020;8.434860;8.435730;0
20210311 222000;8.435720;8.437220;8.434920;8.436820;0
20210311 222100;8.436820;8.436880;8.434360;8.435020;0
20210311 222200;8.434720;8.436330;8.434020;8.435020;0
20210311 222300;8.434920;8.436420;8.432800;8.433320;0
20210311 222400;8.433220;8.433420;8.430970;8.431530;0
20210311 222500;8.431720;8.431820;8.429260;8.429830;0
20210311 222600;8.429830;8.430720;8.428350;8.429820;0
20210311 222700;8.429830;8.430120;8.428320;8.429420;0
20210311 222800;8.429620;8.430320;8.429120;8.429320;0
20210311 222900;8.429330;8.430920;8.429120;8.430320;0
20210311 223000;8.430420;8.430920;8.427980;8.430620;0
20210311 223100;8.430220;8.432920;8.429620;8.432630;0
20210311 223200;8.432730;8.432730;8.431030;8.432620;0
20210311 223300;8.432730;8.432930;8.431120;8.431450;0
20210311 223400;8.431520;8.433620;8.431420;8.431820;0
20210311 223500;8.431720;8.433720;8.431620;8.431630;0
20210311 223600;8.431620;8.433030;8.430820;8.430920;0
20210311 223700;8.430820;8.432520;8.430640;8.431620;0
20210311 223800;8.431720;8.433020;8.431020;8.431030;0
20210311 223900;8.431110;8.433030;8.430690;8.430770;0
20210311 224000;8.430820;8.432730;8.430790;8.432320;0
20210311 224100;8.432420;8.432530;8.431120;8.431430;0
20210311 224200;8.431420;8.432620;8.430300;8.431820;0
20210311 224300;8.431920;8.434220;8.431850;8.433120;0
20210311 224400;8.433030;8.433230;8.431950;8.432620;0
20210311 224500;8.432620;8.433720;8.432260;8.432830;0
20210311 224600;8.432440;8.433220;8.431400;8.431930;0
20210311 224700;8.431720;8.431730;8.430050;8.430820;0
20210311 224800;8.430820;8.431530;8.430280;8.431420;0
20210311 224900;8.431430;8.432520;8.430920;8.432520;0
20210311 225000;8.432520;8.432930;8.431760;8.432820;0
20210311 225100;8.433320;8.434230;8.432450;8.434120;0
20210311 225200;8.434130;8.435030;8.432820;8.432830;0
20210311 225300;8.432830;8.434530;8.431750;8.431890;0
20210311 225400;8.431900;8.433230;8.431640;8.433130;0
20210311 225500;8.433120;8.434220;8.432650;8.432820;0
20210311 225600;8.432720;8.434230;8.432410;8.433020;0
20210311 225700;8.432920;8.433230;8.432260;8.432530;0
20210311 225800;8.432620;8.434720;8.432010;8.432820;0
20210311 225900;8.432720;8.433930;8.431930;8.432660;0
20210311 230000;8.432620;8.434020;8.432170;8.433120;0
20210311 230100;8.433020;8.433720;8.431880;8.433220;0
20210311 230200;8.433020;8.433120;8.431190;8.432130;0
20210311 230300;8.432020;8.433120;8.431270;8.432420;0
20210311 230400;8.432420;8.432920;8.431440;8.432320;0
20210311 230500;8.432500;8.433130;8.431350;8.432030;0
20210311 230600;8.432020;8.432020;8.431420;8.431820;0
20210311 230700;8.431770;8.432820;8.430130;8.431420;0
20210311 230800;8.431420;8.432170;8.430650;8.431850;0
20210311 230900;8.431810;8.432120;8.430740;8.431050;0
20210311 231000;8.431100;8.431520;8.429030;8.429190;0
20210311 231100;8.429300;8.431120;8.428940;8.430500;0
20210311 231200;8.430560;8.431020;8.428800;8.430380;0
20210311 231300;8.430430;8.431160;8.429560;8.430000;0
20210311 231400;8.429960;8.430930;8.429010;8.429220;0
20210311 231500;8.429320;8.430180;8.428490;8.428660;0
20210311 231600;8.428670;8.429420;8.426920;8.428930;0
20210311 231700;8.428320;8.429080;8.427730;8.428020;0
20210311 231800;8.428150;8.429120;8.427150;8.428020;0
20210311 231900;8.427930;8.428800;8.427640;8.428600;0
20210311 232000;8.428690;8.428820;8.426860;8.427980;0
20210311 232100;8.428020;8.428830;8.427360;8.428590;0
20210311 232200;8.428600;8.429130;8.427550;8.428060;0
20210311 232300;8.428070;8.430320;8.427710;8.430020;0
20210311 232400;8.429920;8.430820;8.428730;8.429820;0
20210311 232500;8.429820;8.430420;8.428870;8.429620;0
20210311 232600;8.429230;8.429930;8.428390;8.429420;0
20210311 232700;8.429530;8.429920;8.428040;8.429820;0
20210311 232800;8.429720;8.429920;8.428430;8.428930;0
20210311 232900;8.429020;8.429630;8.428080;8.429020;0
20210311 233000;8.429020;8.429430;8.428110;8.429220;0
20210311 233100;8.429220;8.430120;8.428220;8.429520;0
20210311 233200;8.429520;8.430830;8.428430;8.429820;0
20210311 233300;8.429720;8.429880;8.428240;8.428630;0
20210311 233400;8.428730;8.429430;8.427770;8.428850;0
20210311 233500;8.428720;8.429780;8.428420;8.429120;0
20210311 233600;8.429020;8.429820;8.428190;8.429090;0
20210311 233700;8.429080;8.429940;8.428500;8.428930;0
20210311 233800;8.428620;8.429530;8.428200;8.429010;0
20210311 233900;8.428930;8.429830;8.428050;8.429580;0
20210311 234000;8.429430;8.429630;8.428320;8.428330;0
20210311 234100;8.428330;8.429820;8.427920;8.428950;0
20210311 234200;8.429520;8.429620;8.428090;8.428370;0
20210311 234300;8.428340;8.429990;8.428080;8.429320;0
20210311 234400;8.429320;8.430070;8.428350;8.428350;0
20210311 234500;8.428320;8.429230;8.428320;8.429050;0
20210311 234600;8.429090;8.429930;8.428450;8.429340;0
20210311 234700;8.429340;8.429620;8.428630;8.428920;0
20210311 234800;8.428920;8.430120;8.428520;8.429930;0
20210311 234900;8.429920;8.429920;8.428630;8.429820;0
20210311 235000;8.429520;8.429520;8.428160;8.428930;0
20210311 235100;8.428820;8.429930;8.428180;8.429220;0
20210311 235200;8.429420;8.429460;8.428350;8.428420;0
20210311 235300;8.428810;8.429270;8.428220;8.428820;0
20210311 235400;8.429070;8.429420;8.428210;8.428720;0
20210311 235500;8.428820;8.430220;8.428720;8.430120;0
20210311 235600;8.429830;8.430050;8.428590;8.429470;0
20210311 235700;8.429470;8.430320;8.427950;8.428420;0
20210311 235800;8.428520;8.428620;8.427210;8.427950;0
20210311 235900;8.428030;8.428820;8.426950;8.427860;0
20210312 000000;8.429120;8.430070;8.428240;8.429990;0
20210312 000100;8.430320;8.430620;8.429120;8.429900;0
20210312 000200;8.429340;8.430020;8.428630;8.428760;0
20210312 000300;8.428880;8.429890;8.427880;8.429840;0
20210312 000400;8.429380;8.429720;8.428340;8.429260;0
20210312 000500;8.429220;8.430020;8.428520;8.428520;0
20210312 000600;8.429070;8.429620;8.428320;8.428620;0
20210312 000700;8.428550;8.430420;8.428550;8.428720;0
20210312 000800;8.429370;8.430030;8.428620;8.429160;0
20210312 000900;8.429230;8.430230;8.428320;8.429630;0
20210312 001000;8.429550;8.431430;8.429220;8.429620;0
20210312 001100;8.429850;8.431120;8.429420;8.429620;0
20210312 001200;8.429620;8.430920;8.429350;8.429850;0
20210312 001300;8.429850;8.431220;8.429450;8.430720;0
20210312 001400;8.430620;8.431230;8.430050;8.430420;0
20210312 001500;8.430330;8.431920;8.430250;8.430750;0
20210312 001600;8.430820;8.432220;8.430650;8.432220;0
20210312 001700;8.431500;8.432820;8.431240;8.431420;0
20210312 001800;8.431620;8.432510;8.431240;8.431720;0
20210312 001900;8.431630;8.432030;8.431120;8.431490;0
20210312 002000;8.431380;8.431840;8.431050;8.431600;0
20210312 002100;8.431400;8.432120;8.430850;8.432120;0
20210312 002200;8.432020;8.432170;8.431850;8.431920;0
20210312 002300;8.431820;8.433440;8.431820;8.432820;0
20210312 002400;8.432720;8.434360;8.432320;8.432410;0
20210312 002500;8.432400;8.433340;8.431030;8.431520;0
20210312 002600;8.431620;8.432120;8.431270;8.431320;0
20210312 002700;8.431320;8.432510;8.431220;8.431850;0
20210312 002800;8.432010;8.432610;8.431120;8.431750;0
20210312 002900;8.431750;8.432700;8.431410;8.431810;0
20210312 003000;8.431800;8.432520;8.430850;8.431150;0
20210312 003100;8.431200;8.432320;8.430720;8.432320;0
20210312 003200;8.432170;8.432550;8.431020;8.431230;0
20210312 003300;8.431320;8.432390;8.431170;8.431560;0
20210312 003400;8.431350;8.432360;8.430720;8.430720;0
20210312 003500;8.430720;8.432960;8.430720;8.432650;0
20210312 003600;8.432660;8.433350;8.431940;8.433140;0
20210312 003700;8.433280;8.433730;8.432530;8.433190;0
20210312 003800;8.433220;8.433240;8.432170;8.432830;0
20210312 003900;8.432930;8.433130;8.431780;8.433130;0
20210312 004000;8.433290;8.433630;8.432180;8.432470;0
20210312 004100;8.432570;8.433660;8.432370;8.432970;0
20210312 004200;8.433120;8.433610;8.432120;8.432510;0
20210312 004300;8.433020;8.433830;8.432750;8.432950;0
20210312 004400;8.432950;8.434330;8.432950;8.433660;0
20210312 004500;8.434220;8.435720;8.434220;8.434550;0
20210312 004600;8.434560;8.435730;8.433650;8.433650;0
20210312 004700;8.433650;8.434320;8.432720;8.433150;0
20210312 004800;8.433150;8.434720;8.433150;8.433860;0
20210312 004900;8.433850;8.434830;8.432920;8.433340;0
20210312 005000;8.433370;8.433670;8.432070;8.432520;0
20210312 005100;8.432520;8.434220;8.432050;8.433240;0
20210312 005200;8.433550;8.433910;8.432410;8.433760;0
20210312 005300;8.433840;8.434560;8.433320;8.434560;0
20210312 005400;8.434550;8.435920;8.433920;8.434020;0
20210312 005500;8.434030;8.437940;8.433790;8.436730;0
20210312 005600;8.437020;8.437250;8.434410;8.435650;0
20210312 005700;8.435650;8.437070;8.434720;8.436350;0
20210312 005800;8.437200;8.438000;8.436520;8.437420;0
20210312 005900;8.437740;8.438040;8.436060;8.437240;0
20210312 010000;8.437440;8.438280;8.436420;8.438130;0
20210312 010100;8.437980;8.439140;8.437000;8.437370;0
20210312 010200;8.437430;8.437630;8.436580;8.437220;0
20210312 010300;8.437320;8.439930;8.436860;8.439930;0
20210312 010400;8.439930;8.441820;8.439930;8.441760;0
20210312 010500;8.441850;8.442120;8.439960;8.440560;0
20210312 010600;8.440560;8.441430;8.439800;8.441120;0
20210312 010700;8.441020;8.441700;8.440520;8.440840;0
20210312 010800;8.440840;8.442920;8.440710;8.442320;0
20210312 010900;8.442220;8.442420;8.441450;8.442220;0
20210312 011000;8.442330;8.443030;8.441770;8.442620;0
20210312 011100;8.442530;8.445130;8.442020;8.445130;0
20210312 011200;8.445220;8.452520;8.445220;8.452210;0
20210312 011300;8.452210;8.452220;8.451180;8.451430;0
20210312 011400;8.451420;8.451900;8.446050;8.447350;0
20210312 011500;8.447160;8.448950;8.446590;8.448950;0
20210312 011600;8.449160;8.449560;8.448150;8.448200;0
20210312 011700;8.448200;8.451130;8.448160;8.449950;0
20210312 011800;8.450090;8.450460;8.449120;8.449430;0
20210312 011900;8.449440;8.449830;8.448820;8.449260;0
20210312 012000;8.449380;8.451230;8.449380;8.450760;0
20210312 012100;8.450710;8.451880;8.450570;8.451780;0
20210312 012200;8.451820;8.453880;8.451820;8.453650;0
20210312 012300;8.453650;8.456120;8.453230;8.455360;0
20210312 012400;8.455370;8.455370;8.452020;8.452030;0
20210312 012500;8.452020;8.453400;8.452020;8.452830;0
20210312 012600;8.452620;8.453240;8.452310;8.452690;0
20210312 012700;8.452900;8.453750;8.452270;8.453750;0
20210312 012800;8.453820;8.454720;8.453210;8.454490;0
20210312 012900;8.454340;8.456110;8.453150;8.455860;0
20210312 013000;8.455720;8.457430;8.454520;8.457320;0
20210312 013100;8.457420;8.457750;8.455180;8.455950;0
20210312 013200;8.455910;8.456750;8.454490;8.454860;0
20210312 013300;8.454860;8.455370;8.454860;8.454940;0
20210312 013400;8.454950;8.455260;8.454330;8.454330;0
20210312 013500;8.454380;8.454520;8.453920;8.454150;0
20210312 013600;8.454160;8.454440;8.453110;8.453230;0
20210312 013700;8.453090;8.453960;8.452770;8.453380;0
20210312 013800;8.453380;8.453830;8.453030;8.453550;0
20210312 013900;8.453540;8.453550;8.451760;8.452030;0
20210312 014000;8.451980;8.452460;8.451440;8.451980;0
20210312 014100;8.452000;8.453220;8.451950;8.452740;0
20210312 014200;8.452690;8.452950;8.451980;8.452290;0
20210312 014300;8.452260;8.454550;8.452260;8.454550;0
20210312 014400;8.453930;8.456720;8.453930;8.455650;0
20210312 014500;8.455530;8.455820;8.454230;8.454410;0
20210312 014600;8.454450;8.456720;8.454450;8.455320;0
20210312 014700;8.455400;8.455650;8.454180;8.454180;0
20210312 014800;8.454180;8.455460;8.454180;8.455160;0
20210312 014900;8.455230;8.455850;8.454410;8.454760;0
20210312 015000;8.454560;8.456070;8.454550;8.454820;0
20210312 015100;8.455010;8.456370;8.455010;8.456220;0
20210312 015200;8.456120;8.456950;8.455740;8.456020;0
20210312 015300;8.456120;8.457050;8.455650;8.456620;0
20210312 015400;8.456450;8.457220;8.455950;8.456710;0
20210312 015500;8.456700;8.457490;8.453460;8.457120;0
20210312 015600;8.457200;8.457440;8.454580;8.454820;0
20210312 015700;8.454720;8.455420;8.453820;8.453820;0
20210312 015800;8.453810;8.456560;8.453720;8.453920;0
20210312 015900;8.453720;8.455220;8.453520;8.454210;0
20210312 020000;8.454230;8.455910;8.453920;8.454610;0
20210312 020100;8.454880;8.456290;8.454270;8.456190;0
20210312 020200;8.456020;8.456160;8.454840;8.455340;0
20210312 020300;8.454970;8.455590;8.454770;8.455580;0
20210312 020400;8.455590;8.456160;8.455080;8.455910;0
20210312 020500;8.455760;8.455760;8.453940;8.454800;0
20210312 020600;8.454800;8.456080;8.454740;8.456070;0
20210312 020700;8.456070;8.456650;8.456070;8.456290;0
20210312 020800;8.456300;8.456800;8.456210;8.456760;0
20210312 020900;8.456770;8.457630;8.455530;8.457240;0
20210312 021000;8.457230;8.461000;8.457230;8.460130;0
20210312 021100;8.460130;8.460530;8.458000;8.458000;0
20210312 021200;8.458010;8.459260;8.457510;8.459110;0
20210312 021300;8.459000;8.461220;8.459000;8.460760;0
20210312 021400;8.460890;8.466000;8.460870;8.465960;0
20210312 021500;8.465950;8.467270;8.464150;8.465020;0
20210312 021600;8.465250;8.466450;8.465250;8.466450;0
20210312 021700;8.466440;8.467020;8.463500;8.464830;0
20210312 021800;8.464830;8.466900;8.462640;8.466900;0
20210312 021900;8.467040;8.470530;8.467030;8.470500;0
20210312 022000;8.470420;8.472660;8.469770;8.472660;0
20210312 022100;8.472650;8.473280;8.470880;8.471390;0
20210312 022200;8.471390;8.473430;8.470570;8.470790;0
20210312 022300;8.471050;8.471640;8.469250;8.469670;0
20210312 022400;8.469630;8.470040;8.468320;8.468830;0
20210312 022500;8.468820;8.473540;8.468350;8.472970;0
20210312 022600;8.472970;8.472970;8.471040;8.471040;0
20210312 022700;8.471120;8.471230;8.467440;8.468290;0
20210312 022800;8.468280;8.468280;8.466830;8.467300;0
20210312 022900;8.467320;8.467680;8.462600;8.462730;0
20210312 023000;8.462520;8.464110;8.462020;8.463990;0
20210312 023100;8.464020;8.464020;8.461800;8.461840;0
20210312 023200;8.461800;8.464520;8.461800;8.463670;0
20210312 023300;8.463720;8.465670;8.463530;8.465030;0
20210312 023400;8.465020;8.465310;8.464600;8.464820;0
20210312 023500;8.464950;8.465750;8.464810;8.464900;0
20210312 023600;8.464970;8.467430;8.464910;8.467330;0
20210312 023700;8.467420;8.471430;8.467220;8.471420;0
20210312 023800;8.471290;8.472230;8.469420;8.470830;0
20210312 023900;8.470830;8.471200;8.468840;8.469510;0
20210312 024000;8.469510;8.470440;8.468060;8.468130;0
20210312 024100;8.468130;8.468200;8.466540;8.466540;0
20210312 024200;8.466550;8.466550;8.457760;8.458970;0
20210312 024300;8.459400;8.461020;8.457300;8.457340;0
20210312 024400;8.457290;8.459330;8.456460;8.458730;0
20210312 024500;8.458730;8.460210;8.458390;8.459650;0
20210312 024600;8.459120;8.459170;8.455260;8.455790;0
20210312 024700;8.455740;8.455880;8.451890;8.452190;0
20210312 024800;8.452180;8.453860;8.452180;8.452180;0
20210312 024900;8.452180;8.454000;8.452180;8.453520;0
20210312 025000;8.453570;8.454640;8.453520;8.453990;0
20210312 025100;8.453990;8.456380;8.453920;8.456160;0
20210312 025200;8.456270;8.460820;8.456270;8.459050;0
20210312 025300;8.458940;8.460520;8.458520;8.459620;0
20210312 025400;8.459620;8.459870;8.459070;8.459770;0
20210312 025500;8.459900;8.460940;8.458760;8.460930;0
20210312 025600;8.461170;8.463000;8.459930;8.460270;0
20210312 025700;8.460220;8.460220;8.457640;8.457790;0
20210312 025800;8.457590;8.457590;8.454630;8.455780;0
20210312 025900;8.455780;8.457120;8.455540;8.456850;0
20210312 030000;8.456920;8.456920;8.446220;8.454900;0
20210312 030100;8.454920;8.458180;8.450570;8.450710;0
20210312 030200;8.450670;8.457360;8.449910;8.452440;0
20210312 030300;8.452430;8.457180;8.452430;8.457180;0
20210312 030400;8.457300;8.458950;8.456820;8.458950;0
20210312 030500;8.458790;8.468730;8.458790;8.464410;0
20210312 030600;8.464410;8.468270;8.460590;8.466030;0
20210312 030700;8.466030;8.467620;8.465470;8.465960;0
20210312 030800;8.466010;8.466020;8.462710;8.462710;0
20210312 030900;8.462730;8.464220;8.458360;8.458990;0
20210312 031000;8.458990;8.462120;8.458990;8.460250;0
20210312 031100;8.460610;8.461100;8.451140;8.457140;0
20210312 031200;8.457170;8.459880;8.456430;8.459220;0
20210312 031300;8.459330;8.465630;8.459230;8.463230;0
20210312 031400;8.463430;8.463430;8.459890;8.459940;0
20210312 031500;8.459940;8.460700;8.453040;8.454690;0
20210312 031600;8.454690;8.454870;8.451180;8.452220;0
20210312 031700;8.452130;8.452620;8.451190;8.452100;0
20210312 031800;8.452210;8.456090;8.451330;8.455930;0
20210312 031900;8.455590;8.456440;8.451360;8.455620;0
20210312 032000;8.455720;8.456000;8.451620;8.451890;0
20210312 032100;8.451850;8.454290;8.450290;8.450560;0
20210312 032200;8.450440;8.455010;8.450440;8.452250;0
20210312 032300;8.452450;8.453780;8.451040;8.451500;0
20210312 032400;8.451500;8.453510;8.451500;8.452540;0
20210312 032500;8.452670;8.453790;8.451720;8.451790;0
20210312 032600;8.451740;8.453710;8.450780;8.453710;0
20210312 032700;8.453770;8.459550;8.452290;8.458060;0
20210312 032800;8.458070;8.459520;8.457320;8.458960;0
20210312 032900;8.459110;8.459280;8.457930;8.459280;0
20210312 033000;8.459410;8.461690;8.459410;8.460760;0
20210312 033100;8.460490;8.465270;8.460490;8.463420;0
20210312 033200;8.463720;8.464730;8.461590;8.462180;0
20210312 033300;8.462170;8.462380;8.458620;8.459730;0
20210312 033400;8.459920;8.462020;8.458680;8.458680;0
20210312 033500;8.458630;8.459120;8.454520;8.457690;0
20210312 033600;8.457740;8.461140;8.456390;8.458360;0
20210312 033700;8.458370;8.462270;8.458370;8.459390;0
20210312 033800;8.459380;8.465530;8.459380;8.465520;0
20210312 033900;8.465490;8.468110;8.465490;8.468110;0
20210312 034000;8.468110;8.468110;8.464670;8.464890;0
20210312 034100;8.464930;8.466410;8.464110;8.464170;0
20210312 034200;8.464170;8.467220;8.464150;8.465420;0
20210312 034300;8.465400;8.467690;8.463820;8.463890;0
20210312 034400;8.463790;8.466690;8.463230;8.466150;0
20210312 034500;8.466160;8.466180;8.463000;8.463050;0
20210312 034600;8.463340;8.463900;8.458950;8.458950;0
20210312 034700;8.458950;8.462330;8.458070;8.459000;0
20210312 034800;8.459000;8.460650;8.458940;8.460320;0
20210312 034900;8.460420;8.467830;8.460320;8.467460;0
20210312 035000;8.467410;8.467440;8.465940;8.466370;0
20210312 035100;8.466370;8.466780;8.460280;8.463710;0
20210312 035200;8.463710;8.464220;8.462010;8.462580;0
20210312 035300;8.462370;8.465420;8.462330;8.465110;0
20210312 035400;8.465100;8.465100;8.462060;8.464660;0
20210312 035500;8.464460;8.464460;8.457980;8.458040;0
20210312 035600;8.457970;8.459920;8.457970;8.458400;0
20210312 035700;8.458410;8.464100;8.458400;8.463950;0
20210312 035800;8.464030;8.466110;8.463420;8.465590;0
20210312 035900;8.465580;8.469370;8.465290;8.468240;0
20210312 040000;8.468240;8.469900;8.466330;8.466330;0
20210312 040100;8.465620;8.467030;8.464870;8.465060;0
20210312 040200;8.465070;8.467990;8.464870;8.467230;0
20210312 040300;8.466530;8.467770;8.464880;8.465510;0
20210312 040400;8.465500;8.470930;8.463100;8.470850;0
20210312 040500;8.471050;8.471050;8.463870;8.464380;0
20210312 040600;8.464550;8.469000;8.464550;8.468020;0
20210312 040700;8.468020;8.468020;8.462460;8.462910;0
20210312 040800;8.463080;8.467470;8.461240;8.461710;0
20210312 040900;8.461790;8.464820;8.460530;8.461890;0
20210312 041000;8.461920;8.462320;8.459730;8.459930;0
20210312 041100;8.460070;8.462610;8.460070;8.462080;0
20210312 041200;8.462350;8.462450;8.461420;8.462450;0
20210312 041300;8.462480;8.462490;8.460440;8.460740;0
20210312 041400;8.460740;8.463860;8.459820;8.462430;0
20210312 041500;8.462440;8.468040;8.458940;8.467880;0
20210312 041600;8.467910;8.469720;8.464440;8.467350;0
20210312 041700;8.467350;8.469650;8.467350;8.469650;0
20210312 041800;8.469650;8.469660;8.468240;8.468260;0
20210312 041900;8.468260;8.468320;8.462640;8.464960;0
20210312 042000;8.464950;8.472620;8.464900;8.472540;0
20210312 042100;8.472380;8.474580;8.472380;8.473710;0
20210312 042200;8.473710;8.474520;8.470080;8.473760;0
20210312 042300;8.473770;8.478080;8.473620;8.477890;0
20210312 042400;8.477880;8.477880;8.474420;8.474770;0
20210312 042500;8.474740;8.478870;8.473340;8.478860;0
20210312 042600;8.478860;8.479780;8.476850;8.478700;0
20210312 042700;8.478580;8.482830;8.478490;8.479960;0
20210312 042800;8.480060;8.480450;8.476110;8.478820;0
20210312 042900;8.478780;8.480110;8.476360;8.479790;0
20210312 043000;8.479660;8.480170;8.475690;8.476130;0
20210312 043100;8.476330;8.479340;8.476160;8.478270;0
20210312 043200;8.478260;8.478260;8.470440;8.471210;0
20210312 043300;8.471210;8.473100;8.469740;8.472480;0
20210312 043400;8.472480;8.474270;8.470830;8.473010;0
20210312 043500;8.473110;8.475850;8.472440;8.472550;0
20210312 043600;8.472320;8.476530;8.471800;8.476130;0
20210312 043700;8.476130;8.477680;8.475240;8.475240;0
20210312 043800;8.474900;8.478420;8.474710;8.478420;0
20210312 043900;8.478420;8.480990;8.478420;8.480810;0
20210312 044000;8.480940;8.482900;8.478870;8.481370;0
20210312 044100;8.481500;8.483000;8.479200;8.480170;0
20210312 044200;8.480230;8.483340;8.479950;8.482100;0
20210312 044300;8.482040;8.484090;8.477300;8.483800;0
20210312 044400;8.483750;8.484940;8.482760;8.483200;0
20210312 044500;8.483200;8.483380;8.478120;8.481870;0
20210312 044600;8.481870;8.482570;8.479930;8.481630;0
20210312 044700;8.481630;8.483650;8.481240;8.481430;0
20210312 044800;8.481420;8.483580;8.481210;8.483580;0
20210312 044900;8.483580;8.484490;8.482790;8.483180;0
20210312 045000;8.483110;8.483980;8.481780;8.483170;0
20210312 045100;8.483200;8.484300;8.480990;8.481130;0
20210312 045200;8.481240;8.482130;8.476040;8.481750;0
20210312 045300;8.481750;8.487420;8.479350;8.487260;0
20210312 045400;8.487260;8.487260;8.482070;8.486570;0
20210312 045500;8.486570;8.486590;8.483320;8.483840;0
20210312 045600;8.483800;8.484180;8.483690;8.483890;0
20210312 045700;8.483940;8.484430;8.482790;8.482790;0
20210312 045800;8.482850;8.485080;8.481860;8.481860;0
20210312 045900;8.481830;8.482040;8.480670;8.480700;0
20210312 050000;8.480700;8.483440;8.480700;8.483050;0
20210312 050100;8.483050;8.483860;8.482640;8.483850;0
20210312 050200;8.483840;8.487630;8.483830;8.487630;0
20210312 050300;8.487920;8.490410;8.487590;8.488750;0
20210312 050400;8.488810;8.488980;8.487350;8.487350;0
20210312 050500;8.487330;8.488550;8.483180;8.487460;0
20210312 050600;8.487480;8.487480;8.482440;8.484410;0
20210312 050700;8.484410;8.485350;8.482790;8.483910;0
20210312 050800;8.484030;8.487150;8.484000;8.486290;0
20210312 050900;8.486330;8.487530;8.485330;8.486170;0
20210312 051000;8.486090;8.486090;8.484010;8.484750;0
20210312 051100;8.484610;8.486410;8.482850;8.482850;0
20210312 051200;8.482720;8.482830;8.481980;8.482540;0
20210312 051300;8.482420;8.484170;8.482420;8.484070;0
20210312 051400;8.484220;8.485510;8.483580;8.485220;0
20210312 051500;8.485200;8.485200;8.484000;8.484640;0
20210312 051600;8.484480;8.485360;8.484110;8.484110;0
20210312 051700;8.484110;8.485600;8.483420;8.485540;0
20210312 051800;8.485450;8.486030;8.484290;8.484390;0
20210312 051900;8.484390;8.484670;8.483250;8.483290;0
20210312 052000;8.483340;8.483960;8.482110;8.482730;0
20210312 052100;8.482730;8.482800;8.482160;8.482300;0
20210312 052200;8.482360;8.483680;8.480900;8.481100;0
20210312 052300;8.481090;8.482740;8.478510;8.479970;0
20210312 052400;8.479970;8.480590;8.477260;8.477260;0
20210312 052500;8.477260;8.478850;8.476690;8.477240;0
20210312 052600;8.477230;8.477240;8.475260;8.476230;0
20210312 052700;8.476280;8.476610;8.475400;8.476540;0
20210312 052800;8.476540;8.477950;8.476240;8.477280;0
20210312 052900;8.477290;8.477480;8.476460;8.476590;0
20210312 053000;8.476430;8.477000;8.474930;8.475040;0
20210312 053100;8.475050;8.476710;8.474140;8.474550;0
20210312 053200;8.474670;8.475890;8.472080;8.473910;0
20210312 053300;8.473910;8.473960;8.472400;8.472830;0
20210312 053400;8.472550;8.472880;8.468950;8.469390;0
20210312 053500;8.469340;8.469520;8.466510;8.468500;0
20210312 053600;8.468470;8.472370;8.467560;8.470960;0
20210312 053700;8.470960;8.470970;8.468700;8.468810;0
20210312 053800;8.468790;8.469030;8.468450;8.468590;0
20210312 053900;8.468600;8.469460;8.468340;8.469080;0
20210312 054000;8.468900;8.469930;8.468550;8.469470;0
20210312 054100;8.469460;8.469770;8.468830;8.468840;0
20210312 054200;8.468840;8.471100;8.465020;8.469390;0
20210312 054300;8.469390;8.470220;8.468210;8.468790;0
20210312 054400;8.468800;8.469960;8.468550;8.469720;0
20210312 054500;8.469690;8.472470;8.469690;8.472110;0
20210312 054600;8.472110;8.472330;8.468390;8.469410;0
20210312 054700;8.469410;8.470460;8.469250;8.469600;0
20210312 054800;8.469600;8.469760;8.468660;8.469450;0
20210312 054900;8.469430;8.470960;8.469340;8.470600;0
20210312 055000;8.470530;8.470530;8.466900;8.469070;0
20210312 055100;8.469070;8.473530;8.469070;8.473250;0
20210312 055200;8.473330;8.473670;8.471820;8.471820;0
20210312 055300;8.471860;8.476320;8.471860;8.475630;0
20210312 055400;8.475670;8.475780;8.474110;8.474760;0
20210312 055500;8.474910;8.474920;8.471420;8.471820;0
20210312 055600;8.471810;8.471940;8.469700;8.471810;0
20210312 055700;8.472020;8.472150;8.471460;8.471920;0
20210312 055800;8.471910;8.474170;8.471680;8.473370;0
20210312 055900;8.473380;8.474070;8.473370;8.473680;0
20210312 060000;8.473620;8.476920;8.473620;8.476430;0
20210312 060100;8.476490;8.478080;8.476350;8.478060;0
20210312 060200;8.478110;8.478480;8.477930;8.478210;0
20210312 060300;8.478040;8.479980;8.477820;8.478280;0
20210312 060400;8.478200;8.478860;8.476720;8.477640;0
20210312 060500;8.477640;8.477970;8.475540;8.477970;0
20210312 060600;8.478150;8.479850;8.473710;8.474900;0
20210312 060700;8.475290;8.476940;8.474240;8.476410;0
20210312 060800;8.476410;8.476920;8.473870;8.473870;0
20210312 060900;8.473870;8.477670;8.473670;8.477510;0
20210312 061000;8.477540;8.478530;8.474200;8.474460;0
20210312 061100;8.474460;8.474810;8.472520;8.472520;0
20210312 061200;8.472540;8.472820;8.468680;8.469200;0
20210312 061300;8.469190;8.472520;8.468340;8.471050;0
20210312 061400;8.470520;8.471720;8.468280;8.469530;0
20210312 061500;8.469480;8.471690;8.469480;8.470570;0
20210312 061600;8.470580;8.473420;8.470400;8.472160;0
20210312 061700;8.472120;8.475690;8.471470;8.471680;0
20210312 061800;8.471590;8.471590;8.470270;8.470310;0
20210312 061900;8.470470;8.473410;8.470470;8.471510;0
20210312 062000;8.471510;8.473180;8.471420;8.472890;0
20210312 062100;8.472970;8.475190;8.472970;8.474850;0
20210312 062200;8.474980;8.476080;8.473620;8.476080;0
20210312 062300;8.476170;8.476170;8.472560;8.474440;0
20210312 062400;8.474580;8.478460;8.474510;8.478330;0
20210312 062500;8.478470;8.480030;8.477210;8.477290;0
20210312 062600;8.477220;8.477800;8.476980;8.477800;0
20210312 062700;8.477870;8.480800;8.477860;8.480580;0
20210312 062800;8.480790;8.481020;8.479400;8.481020;0
20210312 062900;8.481020;8.481250;8.475400;8.479020;0
20210312 063000;8.479190;8.479390;8.474980;8.477670;0
20210312 063100;8.477730;8.477730;8.475010;8.476670;0
20210312 063200;8.476720;8.479590;8.476710;8.478710;0
20210312 063300;8.478880;8.478880;8.476440;8.477800;0
20210312 063400;8.477850;8.477850;8.474060;8.474520;0
20210312 063500;8.474560;8.475820;8.473600;8.475820;0
20210312 063600;8.475840;8.476400;8.473810;8.474730;0
20210312 063700;8.474430;8.475560;8.473410;8.474420;0
20210312 063800;8.474460;8.475370;8.472000;8.473100;0
20210312 063900;8.473110;8.473200;8.470580;8.470580;0
20210312 064000;8.470860;8.472820;8.469520;8.472440;0
20210312 064100;8.472440;8.475100;8.472440;8.474260;0
20210312 064200;8.474100;8.475920;8.473640;8.475920;0
20210312 064300;8.476020;8.480710;8.475820;8.479820;0
20210312 064400;8.479830;8.481060;8.479520;8.480660;0
20210312 064500;8.480790;8.484220;8.480700;8.483810;0
20210312 064600;8.484010;8.488870;8.481230;8.481530;0
20210312 064700;8.481920;8.484600;8.479790;8.483330;0
20210312 064800;8.483370;8.484120;8.479120;8.480140;0
20210312 064900;8.480160;8.480550;8.478430;8.479260;0
20210312 065000;8.479260;8.480620;8.479080;8.480600;0
20210312 065100;8.480650;8.480830;8.478620;8.478930;0
20210312 065200;8.478990;8.479130;8.477920;8.478110;0
20210312 065300;8.478090;8.479350;8.477940;8.478330;0
20210312 065400;8.478400;8.480260;8.478400;8.479700;0
20210312 065500;8.479700;8.480850;8.479430;8.480320;0
20210312 065600;8.480410;8.481310;8.479670;8.481080;0
20210312 065700;8.481080;8.482170;8.480900;8.482170;0
20210312 065800;8.482100;8.488680;8.479590;8.488390;0
20210312 065900;8.488410;8.488480;8.483050;8.486280;0
20210312 070000;8.486260;8.486540;8.483730;8.486180;0
20210312 070100;8.486180;8.486190;8.480420;8.480790;0
20210312 070200;8.480700;8.480700;8.479130;8.479660;0
20210312 070300;8.479660;8.479760;8.477190;8.478730;0
20210312 070400;8.478590;8.478880;8.477260;8.477800;0
20210312 070500;8.477720;8.477880;8.473940;8.474110;0
20210312 070600;8.474400;8.474460;8.472700;8.472830;0
20210312 070700;8.472830;8.473300;8.472080;8.472460;0
20210312 070800;8.472460;8.474150;8.471430;8.472030;0
20210312 070900;8.472080;8.472160;8.467060;8.467060;0
20210312 071000;8.467020;8.467240;8.464730;8.466800;0
20210312 071100;8.466750;8.469710;8.465180;8.465180;0
20210312 071200;8.465390;8.469190;8.465200;8.467150;0
20210312 071300;8.467300;8.469520;8.466070;8.466070;0
20210312 071400;8.466240;8.469330;8.465970;8.467490;0
20210312 071500;8.467490;8.467490;8.462720;8.464090;0
20210312 071600;8.464050;8.464050;8.463010;8.463540;0
20210312 071700;8.463550;8.465070;8.462420;8.462420;0
20210312 071800;8.462340;8.462830;8.461290;8.462520;0
20210312 071900;8.462620;8.464700;8.462020;8.464530;0
20210312 072000;8.464180;8.465270;8.464050;8.465070;0
20210312 072100;8.464870;8.465380;8.464530;8.465380;0
20210312 072200;8.465300;8.465560;8.463780;8.464350;0
20210312 072300;8.464420;8.464550;8.461700;8.461700;0
20210312 072400;8.461640;8.465470;8.461090;8.465270;0
20210312 072500;8.465380;8.466590;8.464230;8.464640;0
20210312 072600;8.464640;8.465450;8.463820;8.464960;0
20210312 072700;8.464750;8.467100;8.463610;8.464660;0
20210312 072800;8.464690;8.468070;8.464690;8.467900;0
20210312 072900;8.467930;8.467990;8.465120;8.466300;0
20210312 073000;8.466090;8.466850;8.464910;8.465010;0
20210312 073100;8.465000;8.465820;8.464320;8.465080;0
20210312 073200;8.465050;8.465060;8.463890;8.463890;0
20210312 073300;8.463890;8.466080;8.463890;8.465150;0
20210312 073400;8.465260;8.466490;8.464180;8.466350;0
20210312 073500;8.466290;8.467720;8.465170;8.465870;0
20210312 073600;8.465860;8.466110;8.462300;8.462670;0
20210312 073700;8.462570;8.465310;8.462570;8.462770;0
20210312 073800;8.462900;8.464210;8.461310;8.464210;0
20210312 073900;8.464200;8.466530;8.464200;8.465160;0
20210312 074000;8.465160;8.467540;8.464410;8.464410;0
20210312 074100;8.464340;8.465640;8.464340;8.464870;0
20210312 074200;8.464820;8.464960;8.460630;8.462890;0
20210312 074300;8.462900;8.462900;8.459930;8.459930;0
20210312 074400;8.459960;8.461830;8.459340;8.461830;0
20210312 074500;8.461990;8.463700;8.460900;8.460900;0
20210312 074600;8.460860;8.462480;8.460400;8.461930;0
20210312 074700;8.461620;8.462490;8.461160;8.461740;0
20210312 074800;8.461740;8.461800;8.458140;8.458800;0
20210312 074900;8.458900;8.458900;8.455970;8.456370;0
20210312 075000;8.456380;8.459790;8.456380;8.459690;0
20210312 075100;8.459560;8.460490;8.459560;8.459590;0
20210312 075200;8.459590;8.460270;8.457960;8.457960;0
20210312 075300;8.459010;8.459020;8.454070;8.455320;0
20210312 075400;8.455310;8.456230;8.453050;8.453050;0
20210312 075500;8.453380;8.453640;8.451160;8.452600;0
20210312 075600;8.452640;8.452850;8.449580;8.450150;0
20210312 075700;8.450470;8.450640;8.448680;8.448680;0
20210312 075800;8.448900;8.451530;8.448580;8.451260;0
20210312 075900;8.451460;8.454000;8.451160;8.453780;0
20210312 080000;8.453780;8.455470;8.453530;8.454600;0
20210312 080100;8.454550;8.454790;8.453520;8.454390;0
20210312 080200;8.454260;8.454490;8.454140;8.454190;0
20210312 080300;8.454140;8.454380;8.450430;8.451440;0
20210312 080400;8.451410;8.452420;8.450320;8.450950;0
20210312 080500;8.450890;8.451010;8.449380;8.450790;0
20210312 080600;8.450810;8.452120;8.449880;8.450340;0
20210312 080700;8.450440;8.452500;8.450440;8.451130;0
20210312 080800;8.450940;8.455860;8.450300;8.455860;0
20210312 080900;8.455750;8.459430;8.454520;8.459240;0
20210312 081000;8.458940;8.460500;8.458060;8.459950;0
20210312 081100;8.459810;8.459830;8.456040;8.457630;0
20210312 081200;8.457580;8.457720;8.455010;8.457010;0
20210312 081300;8.457010;8.457910;8.451800;8.452540;0
20210312 081400;8.452450;8.453760;8.451500;8.451950;0
20210312 081500;8.451940;8.455190;8.449900;8.453980;0
20210312 081600;8.453980;8.454070;8.450660;8.451560;0
20210312 081700;8.451560;8.451870;8.451080;8.451660;0
20210312 081800;8.451660;8.452140;8.449100;8.451510;0
20210312 081900;8.451500;8.451500;8.450100;8.450180;0
20210312 082000;8.449960;8.451130;8.443850;8.444080;0
20210312 082100;8.443930;8.445250;8.443530;8.443820;0
20210312 082200;8.443780;8.446880;8.443700;8.445270;0
20210312 082300;8.445320;8.449750;8.445320;8.449470;0
20210312 082400;8.449540;8.451840;8.449470;8.451420;0
20210312 082500;8.451810;8.454020;8.451810;8.452590;0
20210312 082600;8.452450;8.452450;8.450580;8.451660;0
20210312 082700;8.451550;8.452310;8.451500;8.451570;0
20210312 082800;8.451680;8.453300;8.451400;8.452990;0
20210312 082900;8.453140;8.453140;8.452550;8.453010;0
20210312 083000;8.453640;8.454610;8.448710;8.449700;0
20210312 083100;8.449490;8.450030;8.447990;8.449130;0
20210312 083200;8.449110;8.449780;8.446730;8.446730;0
20210312 083300;8.446800;8.449520;8.446570;8.448210;0
20210312 083400;8.448000;8.448550;8.446370;8.446950;0
20210312 083500;8.446950;8.447180;8.438820;8.441820;0
20210312 083600;8.441620;8.445680;8.440770;8.442100;0
20210312 083700;8.442100;8.442950;8.437090;8.437340;0
20210312 083800;8.437430;8.438740;8.434940;8.435610;0
20210312 083900;8.435610;8.438360;8.435610;8.437010;0
20210312 084000;8.437000;8.439500;8.436850;8.437090;0
20210312 084100;8.437090;8.437090;8.432000;8.432000;0
20210312 084200;8.432110;8.435470;8.431700;8.435060;0
20210312 084300;8.435060;8.440380;8.435060;8.440380;0
20210312 084400;8.440360;8.443690;8.440360;8.443690;0
20210312 084500;8.443720;8.447720;8.443680;8.445530;0
20210312 084600;8.445450;8.450180;8.445450;8.449890;0
20210312 084700;8.449600;8.453370;8.448190;8.453170;0
20210312 084800;8.453290;8.457390;8.452880;8.456900;0
20210312 084900;8.457060;8.460970;8.457060;8.460530;0
20210312 085000;8.460360;8.463630;8.460360;8.463620;0
20210312 085100;8.463520;8.466370;8.463230;8.465260;0
20210312 085200;8.465160;8.465720;8.458710;8.458740;0
20210312 085300;8.458810;8.459410;8.452780;8.455010;0
20210312 085400;8.454940;8.455140;8.451070;8.451500;0
20210312 085500;8.451590;8.451860;8.450230;8.451530;0
20210312 085600;8.451580;8.453610;8.451540;8.452570;0
20210312 085700;8.452510;8.455660;8.452380;8.455660;0
20210312 085800;8.455760;8.458850;8.455760;8.457530;0
20210312 085900;8.457520;8.458920;8.456010;8.458380;0
20210312 090000;8.458480;8.460010;8.458090;8.458190;0
20210312 090100;8.458340;8.458540;8.453400;8.455320;0
20210312 090200;8.455480;8.456520;8.452190;8.453650;0
20210312 090300;8.453690;8.457720;8.453690;8.457530;0
20210312 090400;8.457810;8.463720;8.457350;8.459340;0
20210312 090500;8.459340;8.459350;8.457420;8.458530;0
20210312 090600;8.458530;8.459390;8.456760;8.458410;0
20210312 090700;8.458510;8.460030;8.455290;8.455900;0
20210312 090800;8.455700;8.457790;8.454060;8.454190;0
20210312 090900;8.454190;8.454680;8.452990;8.453020;0
20210312 091000;8.453110;8.456420;8.452780;8.456320;0
20210312 091100;8.456430;8.465260;8.456320;8.463730;0
20210312 091200;8.463700;8.465810;8.461530;8.465460;0
20210312 091300;8.465490;8.467650;8.463810;8.466820;0
20210312 091400;8.466540;8.467110;8.465560;8.466000;0
20210312 091500;8.465910;8.465910;8.462630;8.464840;0
20210312 091600;8.464900;8.465300;8.462920;8.464950;0
20210312 091700;8.464960;8.466390;8.462410;8.462720;0
20210312 091800;8.462810;8.464530;8.461710;8.463460;0
20210312 091900;8.463670;8.464310;8.462380;8.464000;0
20210312 092000;8.463830;8.463940;8.460750;8.461210;0
20210312 092100;8.461370;8.465130;8.460570;8.464870;0
20210312 092200;8.464880;8.465610;8.462460;8.464020;0
20210312 092300;8.464020;8.465470;8.463040;8.463230;0
20210312 092400;8.463360;8.464310;8.463150;8.463330;0
20210312 092500;8.463410;8.464620;8.462790;8.464550;0
20210312 092600;8.464590;8.465520;8.459690;8.460950;0
20210312 092700;8.461000;8.464570;8.459520;8.463730;0
20210312 092800;8.463640;8.464560;8.462210;8.463700;0
20210312 092900;8.463630;8.463650;8.459840;8.462080;0
20210312 093000;8.462090;8.465580;8.461490;8.463330;0
20210312 093100;8.463330;8.465340;8.462940;8.465180;0
20210312 093200;8.465130;8.467170;8.463530;8.465560;0
20210312 093300;8.465690;8.468430;8.463070;8.466810;0
20210312 093400;8.467000;8.467160;8.464190;8.465460;0
20210312 093500;8.465390;8.466290;8.460780;8.461400;0
20210312 093600;8.461550;8.467840;8.461550;8.467840;0
20210312 093700;8.468140;8.474220;8.467750;8.472390;0
20210312 093800;8.472580;8.473030;8.467550;8.468800;0
20210312 093900;8.468860;8.470320;8.468100;8.468290;0
20210312 094000;8.468360;8.469110;8.464530;8.465300;0
20210312 094100;8.465300;8.465310;8.457850;8.458940;0
20210312 094200;8.458940;8.460140;8.456770;8.459330;0
20210312 094300;8.459330;8.459860;8.455270;8.456420;0
20210312 094400;8.456300;8.457330;8.453760;8.453890;0
20210312 094500;8.453990;8.455180;8.450700;8.454730;0
20210312 094600;8.454730;8.456700;8.453780;8.456290;0
20210312 094700;8.456170;8.457980;8.454440;8.457130;0
20210312 094800;8.456890;8.456890;8.453930;8.454670;0
20210312 094900;8.454590;8.454900;8.451910;8.452460;0
20210312 095000;8.452410;8.453490;8.451680;8.451690;0
20210312 095100;8.451730;8.452020;8.446940;8.448680;0
20210312 095200;8.448730;8.449320;8.447020;8.448530;0
20210312 095300;8.448330;8.450650;8.447720;8.450650;0
20210312 095400;8.450960;8.451570;8.448810;8.449530;0
20210312 095500;8.449720;8.451340;8.449490;8.450640;0
20210312 095600;8.450560;8.450660;8.449680;8.450500;0
20210312 095700;8.450700;8.451350;8.450310;8.451120;0
20210312 095800;8.451090;8.451750;8.450660;8.450660;0
20210312 095900;8.450660;8.452820;8.450500;8.451220;0
20210312 100000;8.451330;8.455740;8.450730;8.453920;0
20210312 100100;8.453970;8.455880;8.453240;8.455050;0
20210312 100200;8.455050;8.455110;8.452220;8.452900;0
20210312 100300;8.452790;8.452790;8.448000;8.450530;0
20210312 100400;8.450500;8.450500;8.446360;8.448280;0
20210312 100500;8.448420;8.448880;8.447710;8.448230;0
20210312 100600;8.448310;8.451850;8.448310;8.449930;0
20210312 100700;8.449830;8.453450;8.448460;8.453420;0
20210312 100800;8.453420;8.456460;8.450020;8.455790;0
20210312 100900;8.455820;8.459920;8.455200;8.459820;0
20210312 101000;8.459930;8.464030;8.456890;8.462810;0
20210312 101100;8.462700;8.463550;8.456220;8.458420;0
20210312 101200;8.458380;8.460660;8.457650;8.457660;0
20210312 101300;8.457680;8.461440;8.454340;8.456930;0
20210312 101400;8.457010;8.462040;8.457010;8.460710;0
20210312 101500;8.460830;8.462520;8.460830;8.461670;0
20210312 101600;8.461690;8.462230;8.456800;8.460710;0
20210312 101700;8.460820;8.466650;8.460820;8.462850;0
20210312 101800;8.462720;8.464490;8.461100;8.462510;0
20210312 101900;8.462510;8.464360;8.461410;8.464190;0
20210312 102000;8.464350;8.466910;8.463500;8.465160;0
20210312 102100;8.465190;8.465190;8.460700;8.461360;0
20210312 102200;8.461500;8.467960;8.461500;8.467580;0
20210312 102300;8.467580;8.469780;8.466710;8.468440;0
20210312 102400;8.468400;8.469170;8.466920;8.469170;0
20210312 102500;8.469290;8.471560;8.468890;8.470280;0
20210312 102600;8.470200;8.471370;8.468760;8.471150;0
20210312 102700;8.471390;8.474210;8.471390;8.473100;0
20210312 102800;8.473000;8.478230;8.473000;8.478230;0
20210312 102900;8.478220;8.478240;8.469040;8.469040;0
20210312 103000;8.469160;8.475650;8.469160;8.475490;0
20210312 103100;8.475880;8.476130;8.468050;8.470680;0
20210312 103200;8.470600;8.470600;8.466910;8.469290;0
20210312 103300;8.469380;8.469870;8.463580;8.465760;0
20210312 103400;8.465580;8.468380;8.463000;8.466730;0
20210312 103500;8.466810;8.466970;8.464170;8.464370;0
20210312 103600;8.464040;8.466670;8.461600;8.463610;0
20210312 103700;8.463470;8.463950;8.461030;8.461840;0
20210312 103800;8.461840;8.464120;8.454620;8.458710;0
20210312 103900;8.458860;8.458890;8.456730;8.457500;0
20210312 104000;8.457750;8.460010;8.457620;8.458780;0
20210312 104100;8.458940;8.459850;8.457490;8.459770;0
20210312 104200;8.459910;8.461420;8.457420;8.457930;0
20210312 104300;8.457740;8.460800;8.456080;8.459410;0
20210312 104400;8.459340;8.460130;8.454640;8.455610;0
20210312 104500;8.455550;8.459130;8.455220;8.458610;0
20210312 104600;8.458580;8.458630;8.455440;8.456630;0
20210312 104700;8.456710;8.457840;8.455730;8.456590;0
20210312 104800;8.456730;8.456730;8.453570;8.453910;0
20210312 104900;8.454060;8.454060;8.447670;8.449750;0
20210312 105000;8.449870;8.455250;8.449550;8.453490;0
20210312 105100;8.453540;8.453720;8.450260;8.451570;0
20210312 105200;8.451580;8.453080;8.450240;8.452530;0
20210312 105300;8.452520;8.455310;8.451190;8.455100;0
20210312 105400;8.455020;8.456610;8.454070;8.455140;0
20210312 105500;8.455150;8.455150;8.448420;8.449780;0
20210312 105600;8.449780;8.452360;8.447760;8.451850;0
20210312 105700;8.451850;8.451860;8.447050;8.449590;0
20210312 105800;8.449600;8.452830;8.448700;8.450090;0
20210312 105900;8.449950;8.452120;8.445840;8.449470;0
20210312 110000;8.449460;8.450640;8.447490;8.447660;0
20210312 110100;8.447780;8.450490;8.446700;8.447440;0
20210312 110200;8.447320;8.451040;8.447320;8.450000;0
20210312 110300;8.450000;8.453750;8.446450;8.453750;0
20210312 110400;8.453570;8.457870;8.451390;8.453800;0
20210312 110500;8.453890;8.454920;8.451150;8.452950;0
20210312 110600;8.453000;8.455330;8.450880;8.451340;0
20210312 110700;8.451350;8.451390;8.448650;8.450010;0
20210312 110800;8.450320;8.454550;8.449280;8.449530;0
20210312 110900;8.449540;8.450560;8.449110;8.450470;0
20210312 111000;8.450480;8.452080;8.450030;8.450280;0
20210312 111100;8.450240;8.451580;8.448070;8.449600;0
20210312 111200;8.449590;8.449590;8.447040;8.447590;0
20210312 111300;8.447600;8.448050;8.447040;8.447620;0
20210312 111400;8.447660;8.448860;8.447020;8.448490;0
20210312 111500;8.448520;8.449070;8.447060;8.447170;0
20210312 111600;8.447170;8.447170;8.441320;8.441620;0
20210312 111700;8.441770;8.445120;8.441720;8.443470;0
20210312 111800;8.443410;8.446920;8.442380;8.442560;0
20210312 111900;8.442590;8.447720;8.442590;8.447220;0
20210312 112000;8.447200;8.447200;8.443170;8.443390;0
20210312 112100;8.443370;8.446580;8.441710;8.441710;0
20210312 112200;8.441790;8.441790;8.436730;8.438170;0
20210312 112300;8.438190;8.438350;8.432610;8.438000;0
20210312 112400;8.438030;8.438590;8.437590;8.437970;0
20210312 112500;8.437440;8.437690;8.433610;8.435100;0
20210312 112600;8.435100;8.435770;8.435100;8.435680;0
20210312 112700;8.435670;8.436030;8.434670;8.434900;0
20210312 112800;8.434900;8.435720;8.434430;8.435330;0
20210312 112900;8.435330;8.435820;8.435160;8.435280;0
20210312 113000;8.435280;8.437070;8.434860;8.436640;0
20210312 113100;8.436640;8.436870;8.435210;8.436410;0
20210312 113200;8.436440;8.436710;8.435130;8.435220;0
20210312 113300;8.435190;8.435190;8.433740;8.434020;0
20210312 113400;8.433900;8.433900;8.429340;8.431980;0
20210312 113500;8.431860;8.432120;8.427300;8.430000;0
20210312 113600;8.429900;8.434440;8.429670;8.433990;0
20210312 113700;8.433970;8.434000;8.433080;8.433140;0
20210312 113800;8.433140;8.433300;8.432670;8.432830;0
20210312 113900;8.432920;8.433230;8.432650;8.432970;0
20210312 114000;8.433050;8.433520;8.432190;8.433220;0
20210312 114100;8.433150;8.433620;8.429910;8.432450;0
20210312 114200;8.432540;8.432540;8.423330;8.424280;0
20210312 114300;8.424430;8.429520;8.423890;8.428960;0
20210312 114400;8.428960;8.429140;8.426560;8.426830;0
20210312 114500;8.426850;8.427440;8.425820;8.425820;0
20210312 114600;8.424550;8.424880;8.423630;8.423870;0
20210312 114700;8.423910;8.425120;8.423840;8.425120;0
20210312 114800;8.424930;8.425830;8.421930;8.423570;0
20210312 114900;8.423690;8.427390;8.423690;8.425000;0
20210312 115000;8.424900;8.424930;8.423110;8.423730;0
20210312 115100;8.423730;8.425460;8.420940;8.421420;0
20210312 115200;8.421360;8.422830;8.420790;8.421230;0
20210312 115300;8.421170;8.421500;8.416820;8.419300;0
20210312 115400;8.419330;8.420260;8.418050;8.418050;0
20210312 115500;8.418060;8.418680;8.415420;8.417960;0
20210312 115600;8.418030;8.418760;8.417290;8.418370;0
20210312 115700;8.418340;8.420360;8.417640;8.419280;0
20210312 115800;8.419220;8.419410;8.414720;8.417260;0
20210312 115900;8.417220;8.420580;8.417220;8.419460;0
20210312 120000;8.419450;8.420540;8.413840;8.415300;0
20210312 120100;8.415180;8.415780;8.414230;8.415440;0
20210312 120200;8.415460;8.420400;8.415460;8.419060;0
20210312 120300;8.418990;8.419710;8.417570;8.417570;0
20210312 120400;8.417380;8.418130;8.416590;8.416590;0
20210312 120500;8.416660;8.416990;8.415800;8.416480;0
20210312 120600;8.416680;8.417740;8.416210;8.417690;0
20210312 120700;8.417670;8.417810;8.416890;8.417400;0
20210312 120800;8.417590;8.417590;8.416290;8.416290;0
20210312 120900;8.416390;8.419760;8.416250;8.417970;0
20210312 121000;8.417770;8.417770;8.416070;8.416070;0
20210312 121100;8.416070;8.419220;8.415990;8.418700;0
20210312 121200;8.418580;8.418850;8.418490;8.418690;0
20210312 121300;8.418750;8.420110;8.418620;8.419880;0
20210312 121400;8.419970;8.420130;8.411410;8.411490;0
20210312 121500;8.411420;8.413740;8.411410;8.412860;0
20210312 121600;8.412750;8.413870;8.412180;8.413840;0
20210312 121700;8.413910;8.416110;8.412880;8.412880;0
20210312 121800;8.412920;8.413140;8.412140;8.413140;0
20210312 121900;8.413190;8.415460;8.411870;8.415460;0
20210312 122000;8.415550;8.417000;8.415550;8.416530;0
20210312 122100;8.416620;8.419410;8.413580;8.418720;0
20210312 122200;8.418800;8.422870;8.414840;8.419400;0
20210312 122300;8.418320;8.422690;8.418320;8.422470;0
20210312 122400;8.422590;8.424360;8.420610;8.421340;0
20210312 122500;8.421620;8.421720;8.420730;8.421400;0
20210312 122600;8.421420;8.422020;8.421140;8.421750;0
20210312 122700;8.421670;8.422620;8.421390;8.422300;0
20210312 122800;8.422120;8.422290;8.420790;8.421950;0
20210312 122900;8.421740;8.422770;8.421680;8.422620;0
20210312 123000;8.422550;8.423040;8.422130;8.422540;0
20210312 123100;8.422480;8.422480;8.420580;8.420900;0
20210312 123200;8.420940;8.421270;8.420470;8.420730;0
20210312 123300;8.420770;8.421020;8.420440;8.420580;0
20210312 123400;8.420510;8.420760;8.420220;8.420310;0
20210312 123500;8.420200;8.420720;8.419300;8.419470;0
20210312 123600;8.419530;8.420570;8.419330;8.420540;0
20210312 123700;8.420490;8.421620;8.420400;8.421220;0
20210312 123800;8.421020;8.421200;8.420470;8.420470;0
20210312 123900;8.420470;8.420840;8.419720;8.420620;0
20210312 124000;8.420540;8.421740;8.420450;8.421650;0
20210312 124100;8.421690;8.422430;8.421240;8.421560;0
20210312 124200;8.421610;8.422490;8.420970;8.422490;0
20210312 124300;8.422570;8.423140;8.422500;8.423070;0
20210312 124400;8.423010;8.424310;8.421490;8.421710;0
20210312 124500;8.421670;8.423400;8.421100;8.421100;0
20210312 124600;8.421140;8.421230;8.419860;8.420090;0
20210312 124700;8.420300;8.422180;8.417430;8.417460;0
20210312 124800;8.417530;8.418630;8.413000;8.413020;0
20210312 124900;8.413100;8.415660;8.412960;8.415650;0
20210312 125000;8.415660;8.418760;8.415660;8.418760;0
20210312 125100;8.418690;8.420980;8.418690;8.420370;0
20210312 125200;8.420490;8.425310;8.420410;8.424920;0
20210312 125300;8.425070;8.425440;8.418040;8.419680;0
20210312 125400;8.419840;8.421770;8.419640;8.421770;0
20210312 125500;8.421900;8.422060;8.421630;8.421970;0
20210312 125600;8.422100;8.423050;8.422100;8.422640;0
20210312 125700;8.422720;8.424580;8.422720;8.423620;0
20210312 125800;8.423820;8.424490;8.423510;8.424490;0
20210312 125900;8.424630;8.425720;8.424630;8.425640;0
20210312 130000;8.425830;8.426220;8.425100;8.425450;0
20210312 130100;8.425300;8.426610;8.425080;8.426310;0
20210312 130200;8.426130;8.427430;8.426120;8.427360;0
20210312 130300;8.427730;8.427990;8.427310;8.427330;0
20210312 130400;8.427330;8.427910;8.426650;8.426810;0
20210312 130500;8.426710;8.426720;8.425430;8.425430;0
20210312 130600;8.425440;8.426610;8.425050;8.426310;0
20210312 130700;8.426350;8.426580;8.426110;8.426310;0
20210312 130800;8.426530;8.427870;8.426530;8.427620;0
20210312 130900;8.427740;8.429160;8.427290;8.428060;0
20210312 131000;8.428340;8.429120;8.427930;8.428350;0
20210312 131100;8.428320;8.428480;8.427290;8.427490;0
20210312 131200;8.427390;8.430240;8.425990;8.426240;0
20210312 131300;8.426090;8.426550;8.425150;8.425780;0
20210312 131400;8.425980;8.427990;8.425980;8.426660;0
20210312 131500;8.426730;8.426960;8.426330;8.426640;0
20210312 131600;8.426660;8.426790;8.426290;8.426290;0
20210312 131700;8.426360;8.426360;8.425780;8.425780;0
20210312 131800;8.425960;8.427210;8.425960;8.427180;0
20210312 131900;8.427320;8.427670;8.426840;8.427050;0
20210312 132000;8.427260;8.427350;8.426020;8.426650;0
20210312 132100;8.426580;8.426650;8.425420;8.426410;0
20210312 132200;8.426490;8.426650;8.425720;8.425910;0
20210312 132300;8.425830;8.426290;8.425740;8.426290;0
20210312 132400;8.426220;8.426640;8.426220;8.426580;0
20210312 132500;8.426570;8.426570;8.425060;8.425210;0
20210312 132600;8.425130;8.426390;8.424910;8.426230;0
20210312 132700;8.425810;8.426650;8.425470;8.426110;0
20210312 132800;8.425960;8.426620;8.424320;8.424890;0
20210312 132900;8.424940;8.425160;8.424020;8.424480;0
20210312 133000;8.424520;8.425130;8.424020;8.424940;0
20210312 133100;8.425080;8.425650;8.424300;8.424350;0
20210312 133200;8.424380;8.424380;8.422790;8.422870;0
20210312 133300;8.422860;8.423550;8.422860;8.423400;0
20210312 133400;8.423530;8.423590;8.422720;8.423100;0
20210312 133500;8.423050;8.423650;8.422890;8.423380;0
20210312 133600;8.423530;8.423750;8.423370;8.423610;0
20210312 133700;8.423320;8.424790;8.423320;8.424560;0
20210312 133800;8.424420;8.425300;8.424000;8.425300;0
20210312 133900;8.425250;8.425250;8.424920;8.425020;0
20210312 134000;8.425090;8.425100;8.425090;8.425100;0
20210312 134100;8.424960;8.424960;8.424020;8.424360;0
20210312 134200;8.424510;8.425160;8.424450;8.425000;0
20210312 134300;8.425020;8.425300;8.424940;8.425300;0
20210312 134400;8.425230;8.426200;8.425230;8.425800;0
20210312 134500;8.425710;8.427770;8.425710;8.427590;0
20210312 134600;8.427190;8.427190;8.424610;8.425750;0
20210312 134700;8.425790;8.427580;8.425430;8.427450;0
20210312 134800;8.427520;8.427970;8.426480;8.426490;0
20210312 134900;8.426500;8.427450;8.426390;8.427270;0
20210312 135000;8.427250;8.427560;8.426820;8.426940;0
20210312 135100;8.427050;8.427130;8.426030;8.426030;0
20210312 135200;8.426120;8.426240;8.423620;8.423620;0
20210312 135300;8.423430;8.423430;8.422070;8.422180;0
20210312 135400;8.422260;8.423610;8.422260;8.423410;0
20210312 135500;8.423490;8.423810;8.423310;8.423460;0
20210312 135600;8.423450;8.426370;8.423050;8.426370;0
20210312 135700;8.426510;8.427360;8.425680;8.425880;0
20210312 135800;8.425790;8.425790;8.423460;8.423820;0
20210312 135900;8.423510;8.425490;8.423510;8.424870;0
20210312 140000;8.424860;8.425790;8.423410;8.424230;0
20210312 140100;8.424240;8.426180;8.423350;8.425600;0
20210312 140200;8.425420;8.429400;8.425170;8.428120;0
20210312 140300;8.428260;8.428790;8.428040;8.428620;0
20210312 140400;8.428600;8.428600;8.428190;8.428190;0
20210312 140500;8.428250;8.428250;8.427310;8.427790;0
20210312 140600;8.427910;8.428040;8.427020;8.427360;0
20210312 140700;8.427490;8.427490;8.426160;8.426390;0
20210312 140800;8.426530;8.426950;8.426140;8.426790;0
20210312 140900;8.426730;8.427040;8.424060;8.425020;0
20210312 141000;8.425040;8.425810;8.425040;8.425360;0
20210312 141100;8.425230;8.425590;8.424940;8.425120;0
20210312 141200;8.425090;8.425190;8.424770;8.424970;0
20210312 141300;8.424900;8.427170;8.424850;8.427170;0
20210312 141400;8.427290;8.427520;8.424270;8.425840;0
20210312 141500;8.425980;8.426150;8.425680;8.426150;0
20210312 141600;8.426270;8.426580;8.426010;8.426240;0
20210312 141700;8.426160;8.426500;8.426160;8.426500;0
20210312 141800;8.426660;8.426810;8.426290;8.426500;0
20210312 141900;8.426650;8.427080;8.426600;8.426810;0
20210312 142000;8.426790;8.426790;8.426090;8.426100;0
20210312 142100;8.425870;8.426780;8.425490;8.425740;0
20210312 142200;8.425740;8.426010;8.424980;8.425170;0
20210312 142300;8.425240;8.425930;8.425150;8.425770;0
20210312 142400;8.425570;8.425570;8.424970;8.424970;0
20210312 142500;8.425110;8.427010;8.425110;8.426540;0
20210312 142600;8.426530;8.426530;8.425010;8.425010;0
20210312 142700;8.425140;8.425290;8.424830;8.425000;0
20210312 142800;8.425080;8.425220;8.424880;8.424880;0
20210312 142900;8.424900;8.425080;8.424700;8.425000;0
20210312 143000;8.425030;8.427290;8.424780;8.426350;0
20210312 143100;8.426180;8.427380;8.426180;8.426750;0
20210312 143200;8.426950;8.427450;8.426950;8.427450;0
20210312 143300;8.427640;8.427640;8.426880;8.427360;0
20210312 143400;8.427230;8.427480;8.427120;8.427330;0
20210312 143500;8.427410;8.427700;8.425790;8.426370;0
20210312 143600;8.426290;8.426290;8.425420;8.425420;0
20210312 143700;8.425560;8.425750;8.425470;8.425560;0
20210312 143800;8.425670;8.426600;8.425480;8.426350;0
20210312 143900;8.426080;8.426740;8.426080;8.426340;0
20210312 144000;8.426510;8.426710;8.425590;8.426260;0
20210312 144100;8.426030;8.426220;8.425400;8.425400;0
20210312 144200;8.425240;8.425240;8.423680;8.424540;0
20210312 144300;8.424740;8.426030;8.424510;8.425820;0
20210312 144400;8.425770;8.425910;8.425330;8.425510;0
20210312 144500;8.425270;8.425270;8.424940;8.424940;0
20210312 144600;8.425140;8.425140;8.424910;8.424910;0
20210312 144700;8.425110;8.425110;8.423900;8.424130;0
20210312 144800;8.423970;8.425340;8.422360;8.425340;0
20210312 144900;8.425150;8.425150;8.424390;8.424540;0
20210312 145000;8.424540;8.425990;8.423460;8.425990;0
20210312 145100;8.425840;8.426410;8.425840;8.426360;0
20210312 145200;8.426200;8.426350;8.425900;8.425900;0
20210312 145300;8.425860;8.425860;8.424970;8.425430;0
20210312 145400;8.425340;8.425340;8.424380;8.424390;0
20210312 145500;8.424580;8.424730;8.420020;8.422410;0
20210312 145600;8.422500;8.424070;8.422420;8.422720;0
20210312 145700;8.422810;8.422960;8.422600;8.422960;0
20210312 145800;8.423160;8.425990;8.422830;8.425470;0
20210312 145900;8.425490;8.426190;8.424480;8.426000;0
20210312 150000;8.426050;8.427440;8.425520;8.427440;0
20210312 150100;8.427380;8.427860;8.427060;8.427410;0
20210312 150200;8.427510;8.427760;8.425860;8.426020;0
20210312 150300;8.426020;8.426030;8.425800;8.426000;0
20210312 150400;8.425960;8.426010;8.425660;8.425970;0
20210312 150500;8.425820;8.426360;8.425720;8.426160;0
20210312 150600;8.426100;8.426100;8.425600;8.425650;0
20210312 150700;8.425650;8.425700;8.424810;8.424810;0
20210312 150800;8.425010;8.425100;8.424010;8.424010;0
20210312 150900;8.423870;8.423980;8.423740;8.423740;0
20210312 151000;8.423750;8.424310;8.423580;8.424030;0
20210312 151100;8.424230;8.425120;8.424130;8.424820;0
20210312 151200;8.424650;8.424650;8.424010;8.424300;0
20210312 151300;8.424450;8.424450;8.424190;8.424350;0
20210312 151400;8.424200;8.424590;8.424150;8.424500;0
20210312 151500;8.424640;8.424640;8.424170;8.424290;0
20210312 151600;8.424150;8.424700;8.423960;8.424260;0
20210312 151700;8.424160;8.424290;8.423880;8.424290;0
20210312 151800;8.424120;8.424490;8.423950;8.424490;0
20210312 151900;8.424420;8.424420;8.423860;8.424230;0
20210312 152000;8.424170;8.426110;8.424170;8.425710;0
20210312 152100;8.425720;8.425970;8.425330;8.425780;0
20210312 152200;8.425780;8.425790;8.424910;8.424910;0
20210312 152300;8.424870;8.425030;8.424320;8.424670;0
20210312 152400;8.424670;8.426070;8.424670;8.425710;0
20210312 152500;8.425580;8.425580;8.425170;8.425370;0
20210312 152600;8.425370;8.425660;8.424440;8.424540;0
20210312 152700;8.424750;8.424880;8.424010;8.424550;0
20210312 152800;8.424400;8.424450;8.423720;8.423800;0
20210312 152900;8.423620;8.424750;8.423510;8.424130;0
20210312 153000;8.424130;8.424330;8.423540;8.423650;0
20210312 153100;8.423960;8.424200;8.423370;8.423490;0
20210312 153200;8.423710;8.423710;8.423440;8.423440;0
20210312 153300;8.423450;8.424220;8.423450;8.423870;0
20210312 153400;8.423870;8.423870;8.423430;8.423430;0
20210312 153500;8.423520;8.423520;8.422760;8.422960;0
20210312 153600;8.422960;8.422960;8.421460;8.421790;0
20210312 153700;8.421600;8.421600;8.420430;8.420990;0
20210312 153800;8.420790;8.421480;8.420790;8.421480;0
20210312 153900;8.421330;8.421670;8.421180;8.421670;0
20210312 154000;8.421460;8.421550;8.421420;8.421420;0
20210312 154100;8.421540;8.422360;8.421410;8.421490;0
20210312 154200;8.421360;8.421810;8.421350;8.421570;0
20210312 154300;8.421390;8.422890;8.421390;8.422850;0
20210312 154400;8.422850;8.423200;8.422480;8.422480;0
20210312 154500;8.422420;8.422910;8.422420;8.422580;0
20210312 154600;8.422760;8.422760;8.421810;8.421810;0
20210312 154700;8.421850;8.421850;8.420590;8.420620;0
20210312 154800;8.420480;8.420550;8.419570;8.419890;0
20210312 154900;8.419890;8.420260;8.419560;8.419560;0
20210312 155000;8.419570;8.420370;8.419570;8.420220;0
20210312 155100;8.420440;8.421160;8.420440;8.421010;0
20210312 155200;8.421200;8.421240;8.420740;8.421010;0
20210312 155300;8.420860;8.421530;8.420710;8.421370;0
20210312 155400;8.421160;8.422740;8.420980;8.422430;0
20210312 155500;8.422300;8.422300;8.420170;8.420230;0
20210312 155600;8.420480;8.420560;8.419460;8.419460;0
20210312 155700;8.419500;8.421030;8.419440;8.421030;0
20210312 155800;8.420830;8.421290;8.419940;8.419940;0
20210312 155900;8.419790;8.422040;8.419790;8.422020;0
20210312 160000;8.421750;8.422590;8.420290;8.420290;0
20210312 160100;8.420300;8.421210;8.420300;8.420570;0
20210312 160200;8.420570;8.421650;8.420090;8.420620;0
20210312 160300;8.420550;8.421090;8.419530;8.420010;0
20210312 160400;8.420300;8.421520;8.420050;8.420740;0
20210312 160500;8.420600;8.421930;8.420600;8.421720;0
20210312 160600;8.421620;8.421930;8.420920;8.421220;0
20210312 160700;8.421320;8.421320;8.420520;8.420720;0
20210312 160800;8.420820;8.421320;8.420610;8.421020;0
20210312 160900;8.420930;8.421820;8.420930;8.421530;0
20210312 161000;8.421420;8.422520;8.420640;8.422520;0
20210312 161100;8.422740;8.423330;8.422740;8.423290;0
20210312 161200;8.423210;8.423550;8.423190;8.423310;0
20210312 161300;8.423440;8.423460;8.423130;8.423430;0
20210312 161400;8.423370;8.423580;8.423230;8.423430;0
20210312 161500;8.423510;8.428600;8.423280;8.427560;0
20210312 161600;8.427560;8.428250;8.426050;8.427270;0
20210312 161700;8.427360;8.427690;8.425890;8.427520;0
20210312 161800;8.427520;8.429010;8.425930;8.429000;0
20210312 161900;8.429010;8.429140;8.426750;8.427930;0
20210312 162000;8.427940;8.428250;8.426630;8.427400;0
20210312 162100;8.427460;8.427460;8.426710;8.427220;0
20210312 162200;8.427210;8.427240;8.426740;8.427240;0
20210312 162300;8.427240;8.427660;8.426560;8.427320;0
20210312 162400;8.427400;8.428260;8.426620;8.427760;0
20210312 162500;8.427770;8.428510;8.426730;8.428430;0
20210312 162600;8.428430;8.431400;8.427270;8.431400;0
20210312 162700;8.431410;8.432050;8.431160;8.431800;0
20210312 162800;8.431710;8.432100;8.430490;8.431860;0
20210312 162900;8.431760;8.431770;8.430370;8.431390;0
20210312 163000;8.431390;8.432130;8.429820;8.431880;0
20210312 163100;8.431280;8.432120;8.429600;8.429810;0
20210312 163200;8.429870;8.433240;8.429130;8.432120;0
20210312 163300;8.432250;8.433840;8.432140;8.433310;0
20210312 163400;8.433270;8.435990;8.433100;8.435070;0
20210312 163500;8.435190;8.435770;8.434300;8.434750;0
20210312 163600;8.434970;8.435180;8.434970;8.435070;0
20210312 163700;8.434980;8.434980;8.434580;8.434580;0
20210312 163800;8.434590;8.434810;8.433480;8.433480;0
20210312 163900;8.433490;8.433540;8.432860;8.433110;0
20210312 164000;8.433330;8.433700;8.433050;8.433670;0
20210312 164100;8.433810;8.434180;8.433630;8.433670;0
20210312 164200;8.433950;8.434350;8.433690;8.434160;0
20210312 164300;8.434160;8.434360;8.433930;8.433930;0
20210312 164400;8.434120;8.434610;8.433500;8.434370;0
20210312 164500;8.434370;8.434460;8.434020;8.434250;0
20210312 164600;8.434030;8.434050;8.434030;8.434040;0
20210312 164700;8.434040;8.434310;8.434040;8.434310;0
20210312 164800;8.434100;8.440280;8.434090;8.436180;0
20210312 164900;8.436190;8.437400;8.435880;8.437400;0
20210312 165000;8.437400;8.437810;8.437400;8.437420;0
20210312 165100;8.437620;8.437680;8.437620;8.437620;0
20210312 165200;8.437620;8.437620;8.436580;8.436670;0
20210312 165300;8.436580;8.436970;8.436580;8.436970;0
20210312 165400;8.436780;8.436980;8.436240;8.436240;0
20210312 165500;8.435980;8.436430;8.414580;8.427080;0
20210312 165600;8.427480;8.428190;8.414180;8.425090;0
20210312 165700;8.424880;8.424880;8.418790;8.419870;0
20210312 165800;8.419970;8.420380;8.409920;8.419070;0
20210312 165900;8.419070;8.419070;8.419070;8.419070;0
20210314 161000;8.416420;8.416420;8.416420;8.416420;0
20210314 161100;8.419920;8.419930;8.416720;8.419920;0
20210314 161200;8.419620;8.419620;8.419620;8.419620;0
20210314 161300;8.416720;8.417020;8.416720;8.417020;0
20210314 161400;8.416020;8.417030;8.416020;8.417020;0
20210314 162200;8.418220;8.418530;8.417020;8.417020;0
20210314 163000;8.416020;8.416020;8.416020;8.416020;0
20210314 163100;8.417020;8.417020;8.417020;8.417020;0
20210314 163200;8.416420;8.417020;8.416420;8.417020;0
20210314 163300;8.416020;8.416020;8.416020;8.416020;0
20210314 163800;8.415020;8.415020;8.415020;8.415020;0
20210314 164200;8.414920;8.415020;8.414920;8.415020;0
20210314 164400;8.414930;8.416230;8.414930;8.416230;0
20210314 165100;8.416320;8.416320;8.416120;8.416120;0
20210314 165200;8.416320;8.416320;8.416320;8.416320;0
20210314 171000;8.414520;8.414530;8.414520;8.414520;0
20210314 171100;8.414520;8.416100;8.414520;8.414520;0
20210314 171200;8.415220;8.415220;8.415220;8.415220;0
20210314 171300;8.415220;8.415220;8.415220;8.415220;0
20210314 171500;8.416130;8.416130;8.414620;8.414620;0
20210314 171600;8.415020;8.415020;8.415020;8.415020;0
20210314 171700;8.414620;8.415030;8.414620;8.415030;0
20210314 171800;8.415020;8.418050;8.415020;8.415020;0
20210314 171900;8.415020;8.416150;8.413620;8.414020;0
20210314 172000;8.414020;8.415220;8.413630;8.413630;0
20210314 172100;8.413620;8.414430;8.413320;8.414420;0
20210314 172200;8.414420;8.414420;8.414420;8.414420;0
20210314 172300;8.414430;8.414430;8.413620;8.414320;0
20210314 172400;8.414320;8.415820;8.414320;8.415820;0
20210314 172500;8.415820;8.415830;8.415820;8.415830;0
20210314 172600;8.415820;8.415830;8.415820;8.415820;0
20210314 172700;8.415820;8.415820;8.415120;8.415120;0
20210314 172800;8.415120;8.415930;8.415120;8.415930;0
20210314 172900;8.415920;8.419630;8.415820;8.419630;0
20210314 173000;8.419620;8.420820;8.416520;8.418820;0
20210314 173100;8.418830;8.420620;8.418820;8.420320;0
20210314 173200;8.420320;8.420930;8.419120;8.420020;0
20210314 173300;8.420020;8.420180;8.419620;8.420130;0
20210314 173400;8.420120;8.420930;8.419820;8.420920;0
20210314 173500;8.420920;8.420920;8.419820;8.420530;0
20210314 173600;8.420530;8.420530;8.419720;8.420020;0
20210314 173700;8.420030;8.420130;8.419620;8.420120;0
20210314 173800;8.420130;8.420130;8.419420;8.419720;0
20210314 173900;8.419720;8.419730;8.419420;8.419520;0
20210314 174000;8.419520;8.419820;8.418820;8.418820;0
20210314 174100;8.418820;8.418820;8.418120;8.418120;0
20210314 174200;8.418120;8.418830;8.418120;8.418720;0
20210314 174300;8.418720;8.418830;8.418220;8.418320;0
20210314 174400;8.418320;8.418520;8.417920;8.418230;0
20210314 174500;8.418220;8.418820;8.418120;8.418530;0
20210314 174600;8.418730;8.418730;8.418120;8.418120;0
20210314 174700;8.418120;8.419520;8.418120;8.418820;0
20210314 174800;8.418820;8.419520;8.418820;8.418920;0
20210314 174900;8.418930;8.419330;8.418820;8.418820;0
20210314 175000;8.418830;8.419330;8.418820;8.418920;0
20210314 175100;8.418920;8.419330;8.418820;8.418920;0
20210314 175200;8.418920;8.418930;8.418820;8.418820;0
20210314 175300;8.418830;8.419520;8.418820;8.418820;0
20210314 175400;8.418820;8.419520;8.418820;8.418820;0
20210314 175500;8.418830;8.419530;8.418820;8.418820;0
20210314 175600;8.418820;8.418830;8.417920;8.418030;0
20210314 175700;8.418020;8.419420;8.417930;8.419030;0
20210314 175800;8.419020;8.419030;8.418220;8.418220;0
20210314 175900;8.418220;8.428230;8.418020;8.428080;0
20210314 180000;8.428220;8.429230;8.427380;8.428420;0
20210314 180100;8.428430;8.429230;8.428220;8.428620;0
20210314 180200;8.428630;8.429130;8.427420;8.428320;0
20210314 180300;8.428320;8.428830;8.424700;8.425190;0
20210314 180400;8.424800;8.425200;8.416720;8.424590;0
20210314 180500;8.423900;8.424690;8.422890;8.424390;0
20210314 180600;8.422990;8.424890;8.422890;8.424290;0
20210314 180700;8.424210;8.431270;8.416760;8.427080;0
20210314 180800;8.427080;8.427090;8.417720;8.419220;0
20210314 180900;8.419130;8.419130;8.418450;8.418650;0
20210314 181000;8.418500;8.418520;8.417930;8.418060;0
20210314 181100;8.418100;8.426520;8.416520;8.416570;0
20210314 181200;8.416520;8.419030;8.416520;8.416880;0
20210314 181300;8.416820;8.416820;8.415710;8.416200;0
20210314 181400;8.416330;8.416730;8.414920;8.415350;0
20210314 181500;8.415350;8.429570;8.415350;8.421490;0
20210314 181600;8.421890;8.422890;8.418100;8.418610;0
20210314 181700;8.419090;8.426220;8.418220;8.419490;0
20210314 181800;8.419500;8.419990;8.418300;8.419990;0
20210314 181900;8.419990;8.422100;8.419720;8.421570;0
20210314 182000;8.421590;8.422000;8.419800;8.420790;0
20210314 182100;8.421070;8.421500;8.419270;8.420210;0
20210314 182200;8.419800;8.420590;8.418960;8.420590;0
20210314 182300;8.419300;8.421690;8.419300;8.420990;0
20210314 182400;8.420630;8.420700;8.419850;8.420390;0
20210314 182500;8.420390;8.422500;8.419700;8.421400;0
20210314 182600;8.420830;8.427700;8.420200;8.427620;0
20210314 182700;8.427630;8.427700;8.426940;8.427080;0
20210314 182800;8.426950;8.427250;8.419820;8.420320;0
20210314 182900;8.420320;8.421420;8.419820;8.421220;0
20210314 183000;8.421220;8.421920;8.419920;8.420820;0
20210314 183100;8.420430;8.421120;8.418920;8.420120;0
20210314 183200;8.420120;8.421930;8.420020;8.421620;0
20210314 183300;8.421630;8.421630;8.419470;8.419720;0
20210314 183400;8.419720;8.420430;8.417800;8.420420;0
20210314 183500;8.419920;8.421730;8.419620;8.421220;0
20210314 183600;8.421220;8.422020;8.419730;8.421020;0
20210314 183700;8.421330;8.421920;8.421320;8.421320;0
20210314 183800;8.421120;8.423330;8.420120;8.423220;0
20210314 183900;8.423520;8.423920;8.420420;8.421820;0
20210314 184000;8.422420;8.423030;8.421720;8.422020;0
20210314 184100;8.422320;8.422330;8.419330;8.420730;0
20210314 184200;8.420820;8.421520;8.420020;8.421220;0
20210314 184300;8.420520;8.421130;8.419220;8.420520;0
20210314 184400;8.418720;8.421720;8.418720;8.421230;0
20210314 184500;8.421220;8.421720;8.420420;8.421420;0
20210314 184600;8.421420;8.422820;8.421420;8.422220;0
20210314 184700;8.422220;8.423520;8.421820;8.422020;0
20210314 184800;8.421620;8.422230;8.420900;8.421420;0
20210314 184900;8.421420;8.422230;8.419820;8.420720;0
20210314 185000;8.420330;8.421430;8.419670;8.420220;0
20210314 185100;8.420920;8.421130;8.420120;8.421020;0
20210314 185200;8.421020;8.421020;8.419620;8.419930;0
20210314 185300;8.419920;8.420320;8.418830;8.419320;0
20210314 185400;8.418930;8.419920;8.417720;8.419920;0
20210314 185500;8.419520;8.420330;8.419220;8.419530;0
20210314 185600;8.419520;8.420430;8.419520;8.420120;0
20210314 185700;8.420120;8.420430;8.418220;8.420030;0
20210314 185800;8.420020;8.420620;8.418720;8.419320;0
20210314 185900;8.419020;8.420130;8.417820;8.419620;0
20210314 190000;8.419620;8.420020;8.418420;8.420020;0
20210314 190100;8.420020;8.421720;8.417320;8.421230;0
20210314 190200;8.421530;8.425920;8.420920;8.424220;0
20210314 190300;8.423920;8.424820;8.423020;8.424320;0
20210314 190400;8.424320;8.425620;8.423620;8.424420;0
20210314 190500;8.424420;8.426020;8.422220;8.423530;0
20210314 190600;8.423520;8.424120;8.422020;8.423420;0
20210314 190700;8.423420;8.424520;8.417030;8.424320;0
20210314 190800;8.424330;8.425020;8.422820;8.424520;0
20210314 190900;8.425020;8.425620;8.421420;8.422620;0
20210314 191000;8.422920;8.423630;8.418420;8.419420;0
20210314 191100;8.419420;8.422130;8.419120;8.421520;0
20210314 191200;8.421530;8.421530;8.414420;8.421120;0
20210314 191300;8.421130;8.423890;8.420720;8.423750;0
20210314 191400;8.423500;8.423800;8.419420;8.419420;0
20210314 191500;8.420950;8.423020;8.420740;8.422050;0
20210314 191600;8.422040;8.422430;8.420250;8.420720;0
20210314 191700;8.420920;8.421520;8.419170;8.420720;0
20210314 191800;8.420620;8.421220;8.418530;8.418620;0
20210314 191900;8.418920;8.421030;8.418320;8.419290;0
20210314 192000;8.418750;8.420820;8.418750;8.419520;0
20210314 192100;8.419740;8.422920;8.418690;8.421620;0
20210314 192200;8.421720;8.424130;8.421220;8.424120;0
20210314 192300;8.424130;8.424130;8.419940;8.421130;0
20210314 192400;8.420830;8.421240;8.418550;8.418640;0
20210314 192500;8.418720;8.419920;8.418230;8.418240;0
20210314 192600;8.418230;8.419130;8.417220;8.418540;0
20210314 192700;8.418540;8.422250;8.417420;8.419120;0
20210314 192800;8.419320;8.420420;8.418540;8.419920;0
20210314 192900;8.419730;8.421620;8.419420;8.421120;0
20210314 193000;8.420620;8.422420;8.419740;8.422220;0
20210314 193100;8.422120;8.422420;8.420340;8.422220;0
20210314 193200;8.421920;8.421920;8.416420;8.418420;0
20210314 193300;8.418530;8.419320;8.417020;8.419220;0
20210314 193400;8.419130;8.419130;8.415750;8.416620;0
20210314 193500;8.416520;8.418850;8.416320;8.418650;0
20210314 193600;8.420550;8.420550;8.418010;8.419420;0
20210314 193700;8.419160;8.422030;8.418950;8.421920;0
20210314 193800;8.422120;8.425130;8.421620;8.422680;0
20210314 193900;8.423320;8.425200;8.420720;8.422350;0
20210314 194000;8.422060;8.422520;8.421620;8.422430;0
20210314 194100;8.422020;8.422730;8.421420;8.421500;0
20210314 194200;8.421520;8.423620;8.421520;8.422870;0
20210314 194300;8.422850;8.422850;8.419840;8.420520;0
20210314 194400;8.420670;8.421080;8.419960;8.420840;0
20210314 194500;8.420680;8.421480;8.420170;8.421160;0
20210314 194600;8.421160;8.421160;8.420510;8.420630;0
20210314 194700;8.420840;8.422830;8.420680;8.422320;0
20210314 194800;8.422220;8.422730;8.421220;8.422430;0
20210314 194900;8.422420;8.422820;8.421320;8.421730;0
20210314 195000;8.421420;8.422930;8.421120;8.422620;0
20210314 195100;8.422620;8.423630;8.421520;8.421820;0
20210314 195200;8.421920;8.422020;8.420720;8.421520;0
20210314 195300;8.421720;8.423130;8.421720;8.423020;0
20210314 195400;8.422820;8.426220;8.422820;8.425420;0
20210314 195500;8.425220;8.427530;8.425020;8.426420;0
20210314 195600;8.426530;8.426830;8.424530;8.425620;0
20210314 195700;8.425730;8.425820;8.424920;8.425820;0
20210314 195800;8.425920;8.426130;8.424110;8.424720;0
20210314 195900;8.424620;8.425560;8.423410;8.425550;0
20210314 200000;8.425550;8.427220;8.423600;8.423720;0
20210314 200100;8.423720;8.424930;8.422570;8.424660;0
20210314 200200;8.424790;8.424940;8.423730;8.423840;0
20210314 200300;8.423900;8.424540;8.423900;8.424370;0
20210314 200400;8.424440;8.424520;8.423320;8.423320;0
20210314 200500;8.423390;8.423670;8.423100;8.423250;0
20210314 200600;8.423250;8.423270;8.422900;8.423190;0
20210314 200700;8.423060;8.423240;8.422490;8.423120;0
20210314 200800;8.422970;8.423250;8.422870;8.422970;0
20210314 200900;8.422760;8.422760;8.420590;8.421850;0
20210314 201000;8.421710;8.423340;8.421430;8.422980;0
20210314 201100;8.422840;8.423550;8.422770;8.423460;0
20210314 201200;8.423320;8.423320;8.422540;8.422690;0
20210314 201300;8.422820;8.422820;8.422050;8.422050;0
20210314 201400;8.421830;8.421830;8.419990;8.421060;0
20210314 201500;8.420990;8.421140;8.420270;8.420860;0
20210314 201600;8.420570;8.420610;8.411520;8.414620;0
20210314 201700;8.414730;8.415130;8.412220;8.412220;0
20210314 201800;8.412130;8.412270;8.408980;8.410220;0
20210314 201900;8.410330;8.410720;8.408250;8.409020;0
20210314 202000;8.409120;8.409730;8.407720;8.408630;0
20210314 202100;8.408830;8.411720;8.408220;8.410920;0
20210314 202200;8.410920;8.412320;8.409620;8.411920;0
20210314 202300;8.411920;8.412320;8.410320;8.411520;0
20210314 202400;8.411420;8.412530;8.410920;8.412220;0
20210314 202500;8.412420;8.412580;8.410720;8.411420;0
20210314 202600;8.411420;8.411530;8.410020;8.411420;0
20210314 202700;8.411420;8.412230;8.409360;8.409400;0
20210314 202800;8.409410;8.411220;8.406310;8.408030;0
20210314 202900;8.408020;8.408920;8.405850;8.406620;0
20210314 203000;8.406630;8.408690;8.404200;8.406700;0
20210314 203100;8.406710;8.408890;8.406420;8.408890;0
20210314 203200;8.408890;8.412290;8.408500;8.411180;0
20210314 203300;8.411010;8.411390;8.409000;8.409590;0
20210314 203400;8.409990;8.410310;8.407800;8.409300;0
20210314 203500;8.409390;8.410280;8.407900;8.408580;0
20210314 203600;8.408530;8.409320;8.406630;8.408700;0
20210314 203700;8.408700;8.410810;8.408600;8.409120;0
20210314 203800;8.409320;8.410920;8.407510;8.410520;0
20210314 203900;8.410230;8.412080;8.409220;8.411890;0
20210314 204000;8.411710;8.413380;8.411000;8.412300;0
20210314 204100;8.412300;8.414300;8.412300;8.413590;0
20210314 204200;8.413410;8.415160;8.413200;8.415160;0
20210314 204300;8.415020;8.415800;8.413000;8.413200;0
20210314 204400;8.413380;8.414550;8.410450;8.413700;0
20210314 204500;8.414090;8.414680;8.411200;8.411890;0
20210314 204600;8.412090;8.414110;8.411200;8.413300;0
20210314 204700;8.413100;8.413400;8.412120;8.412980;0
20210314 204800;8.412990;8.414190;8.412090;8.413300;0
20210314 204900;8.413210;8.413400;8.412100;8.412990;0
20210314 205000;8.412990;8.413300;8.410880;8.411380;0
20210314 205100;8.411380;8.412720;8.410830;8.410880;0
20210314 205200;8.410990;8.413820;8.410990;8.411910;0
20210314 205300;8.411730;8.413520;8.411560;8.412300;0
20210314 205400;8.412180;8.414220;8.412070;8.413050;0
20210314 205500;8.413050;8.414520;8.412620;8.413810;0
20210314 205600;8.414350;8.415030;8.412980;8.413430;0
20210314 205700;8.413430;8.414420;8.413250;8.413350;0
20210314 205800;8.413300;8.414360;8.412950;8.414350;0
20210314 205900;8.414350;8.415020;8.413370;8.413950;0
20210314 210000;8.413950;8.415820;8.413340;8.414990;0
20210314 210100;8.414980;8.415080;8.413120;8.413720;0
20210314 210200;8.413620;8.413920;8.410030;8.410220;0
20210314 210300;8.410430;8.412930;8.410430;8.411720;0
20210314 210400;8.411530;8.412130;8.409750;8.411720;0
20210314 210500;8.411820;8.411820;8.409950;8.411220;0
20210314 210600;8.411320;8.411920;8.410530;8.410780;0
20210314 210700;8.410550;8.412030;8.410550;8.411410;0
20210314 210800;8.411280;8.413540;8.411210;8.413250;0
20210314 210900;8.413250;8.414320;8.412280;8.412700;0
20210314 211000;8.412660;8.414320;8.412450;8.413660;0
20210314 211100;8.413390;8.414670;8.412750;8.414550;0
20210314 211200;8.414550;8.415630;8.414060;8.415120;0
20210314 211300;8.415020;8.415820;8.413310;8.413770;0
20210314 211400;8.413680;8.415330;8.412720;8.414050;0
20210314 211500;8.414050;8.414230;8.411950;8.412570;0
20210314 211600;8.412910;8.413150;8.411850;8.413090;0
20210314 211700;8.413090;8.416820;8.412150;8.416330;0
20210314 211800;8.416420;8.420620;8.416120;8.419430;0
20210314 211900;8.419230;8.420130;8.416370;8.418030;0
20210314 212000;8.417920;8.420430;8.417150;8.419020;0
20210314 212100;8.418920;8.420720;8.418300;8.419320;0
20210314 212200;8.419220;8.421220;8.418520;8.421020;0
20210314 212300;8.420930;8.421320;8.418860;8.420420;0
20210314 212400;8.420320;8.422580;8.418420;8.420450;0
20210314 212500;8.421520;8.421620;8.419140;8.419950;0
20210314 212600;8.419930;8.422020;8.418690;8.418740;0
20210314 212700;8.418830;8.422520;8.418680;8.420850;0
20210314 212800;8.420860;8.422430;8.420220;8.422150;0
20210314 212900;8.422150;8.427530;8.422150;8.423550;0
20210314 213000;8.423550;8.425520;8.421660;8.424320;0
20210314 213100;8.424220;8.424620;8.421070;8.422650;0
20210314 213200;8.422650;8.423820;8.421040;8.421090;0
20210314 213300;8.421090;8.423420;8.421090;8.421850;0
20210314 213400;8.421850;8.423730;8.421350;8.421750;0
20210314 213500;8.421760;8.423620;8.421150;8.421650;0
20210314 213600;8.421650;8.423930;8.421250;8.422620;0
20210314 213700;8.422620;8.426120;8.422420;8.425530;0
20210314 213800;8.425130;8.427030;8.424820;8.426620;0
20210314 213900;8.426520;8.427830;8.425150;8.427020;0
20210314 214000;8.426920;8.426920;8.424750;8.425720;0
20210314 214100;8.425820;8.426620;8.424030;8.425520;0
20210314 214200;8.425620;8.427830;8.424420;8.426830;0
20210314 214300;8.427220;8.428030;8.425650;8.427120;0
20210314 214400;8.426920;8.427820;8.424550;8.425550;0
20210314 214500;8.426820;8.428020;8.425650;8.427420;0
20210314 214600;8.427330;8.427720;8.425550;8.426820;0
20210314 214700;8.426920;8.430220;8.426220;8.428620;0
20210314 214800;8.428220;8.429120;8.425050;8.427120;0
20210314 214900;8.427020;8.427530;8.424850;8.426820;0
20210314 215000;8.426620;8.427420;8.423150;8.425220;0
20210314 215100;8.425120;8.425720;8.423210;8.425020;0
20210314 215200;8.425120;8.426830;8.423650;8.425920;0
20210314 215300;8.426020;8.426220;8.423720;8.425520;0
20210314 215400;8.425120;8.425220;8.423350;8.424330;0
20210314 215500;8.425220;8.425820;8.423420;8.423730;0
20210314 215600;8.424720;8.426220;8.424520;8.425070;0
20210314 215700;8.425070;8.426530;8.424020;8.424510;0
20210314 215800;8.424290;8.426320;8.424290;8.424740;0
20210314 215900;8.424730;8.426720;8.424620;8.425790;0
20210314 220000;8.425780;8.426720;8.424920;8.426290;0
20210314 220100;8.426280;8.428030;8.425590;8.426950;0
20210314 220200;8.426950;8.427230;8.425140;8.426090;0
20210314 220300;8.426100;8.426370;8.424940;8.426250;0
20210314 220400;8.426250;8.427020;8.425350;8.425840;0
20210314 220500;8.425840;8.427020;8.425020;8.426290;0
20210314 220600;8.426380;8.426660;8.424950;8.426050;0
20210314 220700;8.426260;8.430530;8.425540;8.429820;0
20210314 220800;8.429920;8.431020;8.429120;8.429220;0
20210314 220900;8.429320;8.429720;8.428720;8.428830;0
20210314 221000;8.428640;8.430620;8.428560;8.430220;0
20210314 221100;8.430120;8.430320;8.427040;8.428840;0
20210314 221200;8.428850;8.429490;8.427430;8.428140;0
20210314 221300;8.428140;8.429520;8.427520;8.429290;0
20210314 221400;8.429290;8.429530;8.420520;8.420520;0
20210314 221500;8.421030;8.424820;8.419350;8.422810;0
20210314 221600;8.422180;8.427520;8.419480;8.426620;0
20210314 221700;8.426830;8.427420;8.424950;8.425620;0
20210314 221800;8.425730;8.428820;8.425730;8.428220;0
20210314 221900;8.428320;8.428920;8.427420;8.428120;0
20210314 222000;8.428020;8.429320;8.426870;8.428620;0
20210314 222100;8.428530;8.430720;8.428170;8.430720;0
20210314 222200;8.430530;8.430720;8.428870;8.429620;0
20210314 222300;8.429720;8.430020;8.428920;8.429830;0
20210314 222400;8.429870;8.434220;8.428220;8.428430;0
20210314 222500;8.428530;8.433130;8.428420;8.433120;0
20210314 222600;8.433230;8.433920;8.431320;8.432030;0
20210314 222700;8.432020;8.432920;8.428970;8.430720;0
20210314 222800;8.430520;8.430870;8.427930;8.429030;0
20210314 222900;8.429020;8.433230;8.427650;8.433050;0
20210314 223000;8.432920;8.433750;8.432520;8.432960;0
20210314 223100;8.433250;8.433660;8.432150;8.433020;0
20210314 223200;8.433020;8.433220;8.431850;8.432630;0
20210314 223300;8.432550;8.433350;8.431350;8.431620;0
20210314 223400;8.431520;8.431820;8.429450;8.429620;0
20210314 223500;8.429720;8.430430;8.428090;8.428920;0
20210314 223600;8.429020;8.430530;8.428550;8.430450;0
20210314 223700;8.430460;8.431660;8.430450;8.430850;0
20210314 223800;8.430750;8.431230;8.430250;8.430750;0
20210314 223900;8.430750;8.430960;8.428750;8.428950;0
20210314 224000;8.428950;8.429160;8.427420;8.428370;0
20210314 224100;8.428380;8.428760;8.428380;8.428620;0
20210314 224200;8.428550;8.429320;8.428470;8.428550;0
20210314 224300;8.428540;8.429650;8.428540;8.429460;0
20210314 224400;8.429260;8.429620;8.428410;8.428850;0
20210314 224500;8.428850;8.430950;8.428850;8.430760;0
20210314 224600;8.430750;8.431120;8.429970;8.430460;0
20210314 224700;8.430390;8.430470;8.430250;8.430420;0
20210314 224800;8.430350;8.430820;8.430350;8.430700;0
20210314 224900;8.430560;8.430850;8.429750;8.430450;0
20210314 225000;8.430450;8.431920;8.429210;8.431320;0
20210314 225100;8.431520;8.431620;8.429530;8.429720;0
20210314 225200;8.429620;8.430130;8.429050;8.430020;0
20210314 225300;8.430020;8.430130;8.429220;8.429420;0
20210314 225400;8.429520;8.429620;8.427920;8.428320;0
20210314 225500;8.428420;8.428620;8.427920;8.428140;0
20210314 225600;8.428150;8.429070;8.428030;8.429000;0
20210314 225700;8.429090;8.429710;8.428550;8.429160;0
20210314 225800;8.429290;8.429290;8.427830;8.427830;0
20210314 225900;8.427830;8.427920;8.427630;8.427780;0
20210314 230000;8.427740;8.428520;8.427550;8.428210;0
20210314 230100;8.428070;8.429220;8.428060;8.429150;0
20210314 230200;8.429150;8.429230;8.428680;8.428920;0
20210314 230300;8.428750;8.429330;8.428550;8.428990;0
20210314 230400;8.428950;8.430260;8.428750;8.430250;0
20210314 230500;8.429810;8.430530;8.429320;8.430250;0
20210314 230600;8.430250;8.430850;8.429950;8.430750;0
20210314 230700;8.430750;8.431120;8.430050;8.430050;0
20210314 230800;8.430060;8.431320;8.429560;8.430550;0
20210314 230900;8.430650;8.431630;8.430520;8.431320;0
20210314 231000;8.431420;8.431920;8.431050;8.431550;0
20210314 231100;8.431450;8.431760;8.431050;8.431150;0
20210314 231200;8.431050;8.431720;8.430510;8.430920;0
20210314 231300;8.430920;8.431350;8.430650;8.430760;0
20210314 231400;8.430950;8.431330;8.430370;8.431320;0
20210314 231500;8.431250;8.432350;8.430730;8.432120;0
20210314 231600;8.432050;8.432050;8.430420;8.431450;0
20210314 231700;8.431520;8.432030;8.430550;8.430750;0
20210314 231800;8.430750;8.431130;8.430450;8.430930;0
20210314 231900;8.431020;8.431150;8.429870;8.430430;0
20210314 232000;8.430420;8.430850;8.429770;8.429770;0
20210314 232100;8.429910;8.430680;8.429750;8.430580;0
20210314 232200;8.430550;8.431560;8.430020;8.430850;0
20210314 232300;8.430830;8.431620;8.429850;8.430150;0
20210314 232400;8.430150;8.430540;8.429350;8.430450;0
20210314 232500;8.430250;8.430620;8.429100;8.429740;0
20210314 232600;8.429700;8.430090;8.429160;8.429380;0
20210314 232700;8.429440;8.429440;8.429260;8.429380;0
20210314 232800;8.429390;8.429820;8.429220;8.429750;0
20210314 232900;8.429410;8.429780;8.429000;8.429470;0
20210314 233000;8.429340;8.429340;8.428820;8.428870;0
20210314 233100;8.428870;8.429770;8.428870;8.429650;0
20210314 233200;8.429780;8.429990;8.429080;8.429180;0
20210314 233300;8.429320;8.429380;8.429290;8.429290;0
20210314 233400;8.429290;8.430830;8.429260;8.430420;0
20210314 233500;8.430520;8.430830;8.429340;8.430120;0
20210314 233600;8.430120;8.430820;8.429810;8.430820;0
20210314 233700;8.430620;8.432320;8.430550;8.431920;0
20210314 233800;8.431720;8.433130;8.431720;8.432720;0
20210314 233900;8.432720;8.433320;8.432520;8.432720;0
20210314 234000;8.432820;8.433730;8.432390;8.433320;0
20210314 234100;8.433420;8.433520;8.432550;8.433420;0
20210314 234200;8.433520;8.433530;8.432360;8.433120;0
20210314 234300;8.432920;8.434320;8.432920;8.434220;0
20210314 234400;8.434220;8.434320;8.432620;8.433050;0
20210314 234500;8.433050;8.433820;8.432590;8.433250;0
20210314 234600;8.433450;8.434320;8.433120;8.433260;0
20210314 234700;8.433210;8.434020;8.432640;8.432790;0
20210314 234800;8.432790;8.433120;8.431860;8.432510;0
20210314 234900;8.432510;8.433520;8.432150;8.433250;0
20210314 235000;8.433250;8.434420;8.432920;8.433530;0
20210314 235100;8.433370;8.434320;8.433170;8.433750;0
20210314 235200;8.433760;8.434520;8.433110;8.434030;0
20210314 235300;8.433880;8.434670;8.433300;8.433920;0
20210314 235400;8.433940;8.434820;8.433670;8.433820;0
20210314 235500;8.433750;8.434230;8.433300;8.433960;0
20210314 235600;8.434020;8.434410;8.433090;8.433770;0
20210314 235700;8.433770;8.434250;8.432780;8.433910;0
20210314 235800;8.433860;8.434650;8.433860;8.434630;0
20210314 235900;8.434280;8.434410;8.432120;8.434110;0
20210315 000000;8.434110;8.434230;8.433300;8.433990;0
20210315 000100;8.434050;8.434170;8.431780;8.433100;0
20210315 000200;8.432920;8.433430;8.432010;8.433430;0
20210315 000300;8.433220;8.435430;8.431820;8.435220;0
20210315 000400;8.435220;8.435220;8.433920;8.434530;0
20210315 000500;8.434650;8.435750;8.434640;8.434960;0
20210315 000600;8.435360;8.436110;8.434420;8.436000;0
20210315 000700;8.436090;8.436760;8.435550;8.436760;0
20210315 000800;8.436750;8.437120;8.436100;8.436430;0
20210315 000900;8.436430;8.436520;8.433950;8.435310;0
20210315 001000;8.435360;8.436920;8.434260;8.435850;0
20210315 001100;8.435720;8.440070;8.434910;8.439860;0
20210315 001200;8.439820;8.440870;8.438810;8.440840;0
20210315 001300;8.440840;8.440840;8.436070;8.437770;0
20210315 001400;8.437770;8.438650;8.436770;8.438420;0
20210315 001500;8.438090;8.440020;8.438010;8.440020;0
20210315 001600;8.440120;8.440330;8.438160;8.438560;0
20210315 001700;8.438940;8.440130;8.438760;8.439750;0
20210315 001800;8.439750;8.440530;8.438330;8.439920;0
20210315 001900;8.439850;8.440220;8.439090;8.439780;0
20210315 002000;8.439830;8.440020;8.438300;8.439400;0
20210315 002100;8.439350;8.440220;8.438370;8.438760;0
20210315 002200;8.438880;8.440320;8.437820;8.439920;0
20210315 002300;8.439920;8.444340;8.439850;8.442770;0
20210315 002400;8.442770;8.444670;8.442690;8.444280;0
20210315 002500;8.444280;8.444280;8.438020;8.438320;0
20210315 002600;8.438320;8.439620;8.437950;8.439280;0
20210315 002700;8.439240;8.440220;8.438740;8.439530;0
20210315 002800;8.439610;8.441530;8.439020;8.441400;0
20210315 002900;8.441920;8.446190;8.441330;8.443120;0
20210315 003000;8.442900;8.444770;8.441260;8.442900;0
20210315 003100;8.442860;8.443560;8.441050;8.443250;0
20210315 003200;8.443190;8.443350;8.441430;8.442540;0
20210315 003300;8.442530;8.444520;8.442420;8.443740;0
20210315 003400;8.443790;8.447120;8.442750;8.446420;0
20210315 003500;8.446330;8.447660;8.446020;8.446920;0
20210315 003600;8.447030;8.447390;8.445100;8.445620;0
20210315 003700;8.445660;8.446820;8.445420;8.446090;0
20210315 003800;8.446090;8.446320;8.444340;8.445450;0
20210315 003900;8.445400;8.446310;8.445400;8.445740;0
20210315 004000;8.445790;8.445790;8.443520;8.444150;0
20210315 004100;8.444150;8.448600;8.443820;8.447430;0
20210315 004200;8.447620;8.447870;8.445130;8.445660;0
20210315 004300;8.445540;8.446430;8.443320;8.443990;0
20210315 004400;8.443990;8.443990;8.442560;8.443420;0
20210315 004500;8.443860;8.447810;8.442100;8.445780;0
20210315 004600;8.445920;8.447230;8.443980;8.444520;0
20210315 004700;8.444520;8.445320;8.443860;8.445070;0
20210315 004800;8.445080;8.445520;8.444740;8.445170;0
20210315 004900;8.445220;8.448410;8.444420;8.447290;0
20210315 005000;8.447270;8.448740;8.447150;8.447930;0
20210315 005100;8.448410;8.448410;8.445120;8.445250;0
20210315 005200;8.445490;8.445580;8.442730;8.443290;0
20210315 005300;8.443450;8.444100;8.442450;8.443830;0
20210315 005400;8.443790;8.446060;8.443370;8.445450;0
20210315 005500;8.445480;8.445850;8.444580;8.445100;0
20210315 005600;8.445090;8.445920;8.441550;8.443920;0
20210315 005700;8.443820;8.445150;8.443440;8.444140;0
20210315 005800;8.443870;8.447620;8.443850;8.446590;0
20210315 005900;8.446590;8.447830;8.446590;8.447010;0
20210315 010000;8.447220;8.448100;8.445710;8.446290;0
20210315 010100;8.446300;8.448820;8.445330;8.447950;0
20210315 010200;8.447960;8.449360;8.447520;8.448030;0
20210315 010300;8.447920;8.450960;8.447550;8.447930;0
20210315 010400;8.448360;8.450620;8.448360;8.450430;0
20210315 010500;8.450410;8.450830;8.449270;8.449820;0
20210315 010600;8.449970;8.450680;8.449150;8.450130;0
20210315 010700;8.450210;8.455240;8.449720;8.455160;0
20210315 010800;8.454640;8.455190;8.450820;8.454950;0
20210315 010900;8.455090;8.456250;8.449780;8.449980;0
20210315 011000;8.450200;8.450290;8.448130;8.448130;0
20210315 011100;8.448230;8.452240;8.448220;8.452240;0
20210315 011200;8.452460;8.453300;8.452310;8.452790;0
20210315 011300;8.452580;8.452720;8.452080;8.452080;0
20210315 011400;8.452230;8.453240;8.450770;8.450780;0
20210315 011500;8.450940;8.451430;8.450620;8.451360;0
20210315 011600;8.451450;8.457140;8.451450;8.456370;0
20210315 011700;8.456530;8.456630;8.455050;8.455970;0
20210315 011800;8.455830;8.456420;8.454950;8.455730;0
20210315 011900;8.455720;8.455830;8.454770;8.455080;0
20210315 012000;8.454970;8.455870;8.453260;8.455870;0
20210315 012100;8.455870;8.456420;8.454340;8.455750;0
20210315 012200;8.455750;8.456070;8.454020;8.454190;0
20210315 012300;8.454260;8.456160;8.452310;8.452310;0
20210315 012400;8.452210;8.454990;8.451880;8.454570;0
20210315 012500;8.454570;8.455060;8.452090;8.453660;0
20210315 012600;8.453800;8.454490;8.449850;8.450210;0
20210315 012700;8.450350;8.450360;8.435790;8.440610;0
20210315 012800;8.440650;8.443870;8.440300;8.443230;0
20210315 012900;8.443240;8.445230;8.442500;8.445010;0
20210315 013000;8.445040;8.445580;8.442620;8.442620;0
20210315 013100;8.442560;8.444120;8.441610;8.442820;0
20210315 013200;8.442920;8.444220;8.441950;8.442320;0
20210315 013300;8.442320;8.443120;8.441940;8.442120;0
20210315 013400;8.442220;8.443120;8.440860;8.441920;0
20210315 013500;8.442020;8.442740;8.440210;8.440210;0
20210315 013600;8.440220;8.444840;8.440210;8.444630;0
20210315 013700;8.444630;8.448730;8.443220;8.444750;0
20210315 013800;8.444880;8.450750;8.442300;8.442950;0
20210315 013900;8.443160;8.444330;8.439720;8.440160;0
20210315 014000;8.439880;8.446410;8.436220;8.442540;0
20210315 014100;8.442610;8.444690;8.442610;8.444690;0
20210315 014200;8.444680;8.446290;8.444680;8.445510;0
20210315 014300;8.445510;8.452650;8.443280;8.448540;0
20210315 014400;8.448690;8.450490;8.447620;8.447760;0
20210315 014500;8.447450;8.447460;8.441940;8.443250;0
20210315 014600;8.443420;8.445920;8.442250;8.445750;0
20210315 014700;8.445520;8.446800;8.443300;8.444020;0
20210315 014800;8.443920;8.449520;8.443720;8.448780;0
20210315 014900;8.448820;8.448920;8.447950;8.448530;0
20210315 015000;8.448430;8.449620;8.446520;8.446530;0
20210315 015100;8.446520;8.446620;8.443820;8.443820;0
20210315 015200;8.443920;8.445130;8.442720;8.443720;0
20210315 015300;8.443820;8.444220;8.441650;8.443420;0
20210315 015400;8.443420;8.443720;8.441910;8.443130;0
20210315 015500;8.443020;8.443130;8.440750;8.440760;0
20210315 015600;8.440820;8.442720;8.440820;8.441130;0
20210315 015700;8.441130;8.442330;8.441120;8.441480;0
20210315 015800;8.441490;8.443330;8.441320;8.441430;0
20210315 015900;8.441480;8.442920;8.440770;8.440770;0
20210315 020000;8.441250;8.445020;8.441060;8.442930;0
20210315 020100;8.442830;8.445130;8.442390;8.442610;0
20210315 020200;8.442630;8.444220;8.441310;8.441970;0
20210315 020300;8.441930;8.442510;8.440210;8.441080;0
20210315 020400;8.441160;8.441300;8.439780;8.441020;0
20210315 020500;8.441020;8.442220;8.438670;8.441320;0
20210315 020600;8.441420;8.448430;8.441420;8.448340;0
20210315 020700;8.448350;8.449300;8.447990;8.449220;0
20210315 020800;8.449040;8.449370;8.447280;8.447760;0
20210315 020900;8.447820;8.448760;8.443700;8.444020;0
20210315 021000;8.444130;8.448410;8.444130;8.448360;0
20210315 021100;8.448550;8.451850;8.447580;8.451850;0
20210315 021200;8.451930;8.453530;8.451300;8.453040;0
20210315 021300;8.452900;8.455120;8.452700;8.455120;0
20210315 021400;8.455220;8.455320;8.451190;8.451720;0
20210315 021500;8.452030;8.454030;8.451380;8.453160;0
20210315 021600;8.453240;8.453240;8.451790;8.451790;0
20210315 021700;8.451730;8.451900;8.451270;8.451540;0
20210315 021800;8.451400;8.451540;8.448620;8.449510;0
20210315 021900;8.449680;8.449970;8.449060;8.449530;0
20210315 022000;8.449530;8.450550;8.447540;8.450240;0
20210315 022100;8.450400;8.452020;8.450400;8.451870;0
20210315 022200;8.452050;8.453380;8.451790;8.452810;0
20210315 022300;8.453230;8.454350;8.452350;8.454290;0
20210315 022400;8.454180;8.454340;8.451250;8.453960;0
20210315 022500;8.453960;8.456770;8.453550;8.456770;0
20210315 022600;8.456650;8.457870;8.453840;8.454370;0
20210315 022700;8.454410;8.455870;8.454230;8.454420;0
20210315 022800;8.454380;8.454450;8.451270;8.452320;0
20210315 022900;8.452230;8.455460;8.452120;8.453690;0
20210315 023000;8.453750;8.454360;8.451230;8.452630;0
20210315 023100;8.452690;8.454260;8.452690;8.453040;0
20210315 023200;8.453000;8.454160;8.451700;8.453270;0
20210315 023300;8.453080;8.453080;8.451530;8.451940;0
20210315 023400;8.451940;8.452280;8.441950;8.443690;0
20210315 023500;8.444010;8.446360;8.441850;8.446110;0
20210315 023600;8.446210;8.446880;8.442360;8.443630;0
20210315 023700;8.443640;8.445580;8.441530;8.444130;0
20210315 023800;8.444130;8.447070;8.443740;8.447070;0
20210315 023900;8.447070;8.448190;8.446830;8.448000;0
20210315 024000;8.447930;8.448060;8.445720;8.445760;0
20210315 024100;8.445750;8.448470;8.444880;8.448280;0
20210315 024200;8.448370;8.449440;8.446570;8.448890;0
20210315 024300;8.448800;8.450830;8.448710;8.450700;0
20210315 024400;8.450510;8.450640;8.449230;8.449950;0
20210315 024500;8.450000;8.451610;8.449640;8.451530;0
20210315 024600;8.451560;8.452560;8.451560;8.452270;0
20210315 024700;8.452260;8.453650;8.451980;8.453570;0
20210315 024800;8.453570;8.460540;8.453530;8.454810;0
20210315 024900;8.454920;8.456210;8.451940;8.454560;0
20210315 025000;8.454620;8.457100;8.454310;8.457100;0
20210315 025100;8.457290;8.458660;8.456970;8.458490;0
20210315 025200;8.458300;8.458420;8.455720;8.456230;0
20210315 025300;8.456220;8.456220;8.452770;8.453950;0
20210315 025400;8.453950;8.457800;8.453470;8.457290;0
20210315 025500;8.457250;8.457810;8.456830;8.457480;0
20210315 025600;8.457470;8.457680;8.452700;8.455820;0
20210315 025700;8.456080;8.456270;8.453230;8.453230;0
20210315 025800;8.453150;8.454820;8.452560;8.454640;0
20210315 025900;8.454640;8.458740;8.453550;8.458700;0
20210315 030000;8.458470;8.458730;8.455740;8.456170;0
20210315 030100;8.456170;8.456190;8.446250;8.447680;0
20210315 030200;8.447940;8.447940;8.445090;8.446320;0
20210315 030300;8.446420;8.449020;8.446420;8.448600;0
20210315 030400;8.448540;8.448610;8.444450;8.445320;0
20210315 030500;8.445320;8.446030;8.439130;8.439130;0
20210315 030600;8.439100;8.439370;8.433170;8.433170;0
20210315 030700;8.433070;8.434820;8.432460;8.433920;0
20210315 030800;8.433920;8.435620;8.433060;8.434920;0
20210315 030900;8.435020;8.436020;8.432980;8.435020;0
20210315 031000;8.435120;8.435330;8.433410;8.434220;0
20210315 031100;8.434270;8.434470;8.429980;8.430510;0
20210315 031200;8.430730;8.433020;8.430730;8.432620;0
20210315 031300;8.432920;8.432920;8.431120;8.431720;0
20210315 031400;8.431620;8.431720;8.430310;8.430410;0
20210315 031500;8.430380;8.431660;8.430050;8.431270;0
20210315 031600;8.431410;8.439170;8.431410;8.436370;0
20210315 031700;8.436370;8.436370;8.433350;8.435050;0
20210315 031800;8.434980;8.436020;8.433150;8.436000;0
20210315 031900;8.436020;8.440110;8.435370;8.440110;0
20210315 032000;8.440200;8.442940;8.440100;8.442460;0
20210315 032100;8.442680;8.444770;8.442370;8.444640;0
20210315 032200;8.444450;8.446350;8.444370;8.445580;0
20210315 032300;8.445580;8.445580;8.443400;8.443400;0
20210315 032400;8.443400;8.443400;8.440690;8.440690;0
20210315 032500;8.440700;8.440880;8.438210;8.438650;0
20210315 032600;8.438700;8.440420;8.436520;8.436520;0
20210315 032700;8.436420;8.438330;8.435190;8.436430;0
20210315 032800;8.436940;8.436940;8.434520;8.435550;0
20210315 032900;8.435670;8.441480;8.435100;8.440320;0
20210315 033000;8.440810;8.441080;8.434700;8.435480;0
20210315 033100;8.435470;8.437070;8.433470;8.434710;0
20210315 033200;8.434800;8.434800;8.431920;8.432230;0
20210315 033300;8.432330;8.433430;8.431030;8.431080;0
20210315 033400;8.430910;8.434930;8.430420;8.434920;0
20210315 033500;8.434920;8.435320;8.433760;8.434920;0
20210315 033600;8.434920;8.436520;8.434240;8.434240;0
20210315 033700;8.434230;8.434320;8.432240;8.433270;0
20210315 033800;8.433270;8.433270;8.432120;8.432620;0
20210315 033900;8.432520;8.432520;8.430230;8.430520;0
20210315 034000;8.430510;8.431430;8.429910;8.430160;0
20210315 034100;8.430020;8.430320;8.427720;8.427970;0
20210315 034200;8.428020;8.430820;8.421220;8.422680;0
20210315 034300;8.422800;8.423200;8.417300;8.420350;0
20210315 034400;8.420500;8.420660;8.416740;8.418890;0
20210315 034500;8.418890;8.419080;8.416320;8.417260;0
20210315 034600;8.417270;8.418430;8.416490;8.417060;0
20210315 034700;8.417060;8.419670;8.417060;8.419240;0
20210315 034800;8.419230;8.419500;8.416720;8.418360;0
20210315 034900;8.418410;8.418640;8.415090;8.416290;0
20210315 035000;8.416430;8.416430;8.415220;8.415850;0
20210315 035100;8.415910;8.416440;8.414530;8.415530;0
20210315 035200;8.415320;8.415320;8.412020;8.412020;0
20210315 035300;8.412140;8.412900;8.409770;8.411280;0
20210315 035400;8.411270;8.412640;8.410520;8.411940;0
20210315 035500;8.412220;8.417230;8.412220;8.416590;0
20210315 035600;8.416720;8.417990;8.415690;8.415910;0
20210315 035700;8.415720;8.417420;8.414710;8.416550;0
20210315 035800;8.416410;8.418320;8.416120;8.417400;0
20210315 035900;8.417270;8.417270;8.414350;8.414350;0
20210315 040000;8.414250;8.415310;8.413640;8.414120;0
20210315 040100;8.414020;8.416000;8.413410;8.414950;0
20210315 040200;8.414940;8.415230;8.411640;8.414530;0
20210315 040300;8.414480;8.415930;8.414480;8.415630;0
20210315 040400;8.415550;8.417310;8.414770;8.417170;0
20210315 040500;8.417030;8.418110;8.415790;8.416570;0
20210315 040600;8.416440;8.416790;8.415100;8.415980;0
20210315 040700;8.415980;8.417730;8.415650;8.417250;0
20210315 040800;8.417380;8.421980;8.416810;8.420080;0
20210315 040900;8.420040;8.421790;8.418300;8.421720;0
20210315 041000;8.421850;8.423380;8.421770;8.422330;0
20210315 041100;8.422330;8.425870;8.420400;8.424280;0
20210315 041200;8.423990;8.424000;8.420490;8.422100;0
20210315 041300;8.421910;8.422380;8.417020;8.418920;0
20210315 041400;8.418880;8.419330;8.417170;8.419240;0
20210315 041500;8.419150;8.423760;8.419120;8.423760;0
20210315 041600;8.423810;8.428220;8.423080;8.427810;0
20210315 041700;8.427860;8.428240;8.426280;8.426830;0
20210315 041800;8.426830;8.427830;8.426580;8.426790;0
20210315 041900;8.426920;8.429620;8.426800;8.428010;0
20210315 042000;8.428000;8.428720;8.426740;8.426800;0
20210315 042100;8.426780;8.428030;8.426590;8.426710;0
20210315 042200;8.426670;8.426710;8.424330;8.424330;0
20210315 042300;8.424320;8.424320;8.422640;8.422780;0
20210315 042400;8.422710;8.422770;8.420640;8.420940;0
20210315 042500;8.420940;8.423300;8.417960;8.423300;0
20210315 042600;8.423300;8.423310;8.421460;8.422000;0
20210315 042700;8.422020;8.423130;8.417420;8.417420;0
20210315 042800;8.417380;8.418550;8.417020;8.417620;0
20210315 042900;8.417720;8.418430;8.415760;8.415920;0
20210315 043000;8.415930;8.420330;8.415320;8.420330;0
20210315 043100;8.420370;8.420730;8.418730;8.419300;0
20210315 043200;8.419300;8.421080;8.419300;8.421040;0
20210315 043300;8.421130;8.422120;8.418550;8.422040;0
20210315 043400;8.421960;8.423680;8.421720;8.423410;0
20210315 043500;8.423450;8.425910;8.423380;8.425910;0
20210315 043600;8.425860;8.426690;8.425640;8.426690;0
20210315 043700;8.426500;8.429280;8.426500;8.428190;0
20210315 043800;8.428190;8.429530;8.428010;8.428500;0
20210315 043900;8.428600;8.429490;8.428010;8.428010;0
20210315 044000;8.428070;8.430300;8.428010;8.429870;0
20210315 044100;8.429950;8.431320;8.429950;8.430750;0
20210315 044200;8.430640;8.432820;8.430640;8.432690;0
20210315 044300;8.432690;8.436390;8.431840;8.434760;0
20210315 044400;8.434650;8.434960;8.432230;8.432780;0
20210315 044500;8.432760;8.435420;8.432170;8.435370;0
20210315 044600;8.435420;8.438310;8.435370;8.437560;0
20210315 044700;8.437340;8.439280;8.436860;8.439280;0
20210315 044800;8.439510;8.440270;8.439170;8.439940;0
20210315 044900;8.439870;8.441270;8.438440;8.438550;0
20210315 045000;8.438670;8.440610;8.438670;8.440580;0
20210315 045100;8.440660;8.440810;8.439940;8.440470;0
20210315 045200;8.440470;8.442220;8.439070;8.441620;0
20210315 045300;8.442090;8.442380;8.439080;8.439500;0
20210315 045400;8.439500;8.440490;8.438450;8.439600;0
20210315 045500;8.439120;8.439180;8.435500;8.437100;0
20210315 045600;8.437210;8.440650;8.437210;8.440000;0
20210315 045700;8.440000;8.440480;8.439460;8.440110;0
20210315 045800;8.440170;8.441150;8.440170;8.440900;0
20210315 045900;8.440830;8.441100;8.439220;8.439920;0
20210315 050000;8.439810;8.442520;8.439810;8.442020;0
20210315 050100;8.441910;8.441910;8.439420;8.441620;0
20210315 050200;8.441630;8.446950;8.441630;8.444460;0
20210315 050300;8.444490;8.448060;8.444490;8.445300;0
20210315 050400;8.445440;8.448270;8.443380;8.447450;0
20210315 050500;8.447530;8.451060;8.447340;8.447740;0
20210315 050600;8.447540;8.447540;8.441560;8.441890;0
20210315 050700;8.441950;8.444690;8.441360;8.443350;0
20210315 050800;8.443380;8.444990;8.440850;8.444950;0
20210315 050900;8.444820;8.446430;8.443740;8.446270;0
20210315 051000;8.446270;8.446270;8.440970;8.441910;0
20210315 051100;8.441930;8.442820;8.441360;8.441810;0
20210315 051200;8.441700;8.445840;8.441700;8.444970;0
20210315 051300;8.444970;8.445030;8.442640;8.445030;0
20210315 051400;8.445030;8.445040;8.440850;8.440930;0
20210315 051500;8.441090;8.448300;8.441090;8.447890;0
20210315 051600;8.447860;8.448060;8.446700;8.447160;0
20210315 051700;8.447150;8.450510;8.447150;8.448270;0
20210315 051800;8.447990;8.449720;8.447790;8.449250;0
20210315 051900;8.449210;8.450470;8.448390;8.448820;0
20210315 052000;8.448790;8.448920;8.447100;8.447100;0
20210315 052100;8.447220;8.447810;8.446590;8.446650;0
20210315 052200;8.446690;8.447190;8.444220;8.444540;0
20210315 052300;8.445270;8.446090;8.441150;8.441440;0
20210315 052400;8.441480;8.441570;8.439940;8.439940;0
20210315 052500;8.440000;8.440750;8.439590;8.440620;0
20210315 052600;8.440800;8.441960;8.440610;8.441780;0
20210315 052700;8.441720;8.444210;8.440650;8.442000;0
20210315 052800;8.442030;8.442450;8.441520;8.442440;0
20210315 052900;8.442440;8.447510;8.441850;8.447100;0
20210315 053000;8.447100;8.447200;8.444950;8.446850;0
20210315 053100;8.446850;8.446910;8.445420;8.445420;0
20210315 053200;8.445420;8.445420;8.442920;8.443010;0
20210315 053300;8.442930;8.442930;8.441180;8.441180;0
20210315 053400;8.441040;8.441190;8.439650;8.441120;0
20210315 053500;8.441080;8.442210;8.440760;8.442020;0
20210315 053600;8.442170;8.442230;8.440120;8.440390;0
20210315 053700;8.440280;8.441930;8.439450;8.439780;0
20210315 053800;8.439790;8.440110;8.437430;8.437520;0
20210315 053900;8.437440;8.438430;8.435790;8.435790;0
20210315 054000;8.435830;8.437930;8.435830;8.437620;0
20210315 054100;8.437620;8.437630;8.436200;8.436590;0
20210315 054200;8.436520;8.437930;8.435790;8.437520;0
20210315 054300;8.437520;8.437930;8.435790;8.436720;0
20210315 054400;8.436830;8.439190;8.436680;8.439100;0
20210315 054500;8.439030;8.440000;8.436670;8.436670;0
20210315 054600;8.436580;8.438820;8.436550;8.437700;0
20210315 054700;8.437700;8.437810;8.436120;8.436480;0
20210315 054800;8.436300;8.438210;8.436230;8.438200;0
20210315 054900;8.438210;8.438490;8.436750;8.438290;0
20210315 055000;8.438290;8.441130;8.437190;8.440860;0
20210315 055100;8.441050;8.442600;8.441050;8.441560;0
20210315 055200;8.441570;8.441570;8.439240;8.439310;0
20210315 055300;8.439240;8.442480;8.438990;8.441390;0
20210315 055400;8.441390;8.445690;8.441390;8.444090;0
20210315 055500;8.444080;8.445860;8.443930;8.445860;0
20210315 055600;8.445860;8.445980;8.444020;8.444020;0
20210315 055700;8.443790;8.443980;8.442210;8.442290;0
20210315 055800;8.442290;8.443820;8.442290;8.443010;0
20210315 055900;8.443020;8.443020;8.440470;8.440640;0
20210315 060000;8.440760;8.443130;8.440600;8.443130;0
20210315 060100;8.443220;8.444230;8.442420;8.444200;0
20210315 060200;8.444190;8.445590;8.442630;8.443100;0
20210315 060300;8.443310;8.444780;8.441830;8.443790;0
20210315 060400;8.443910;8.445830;8.443910;8.445700;0
20210315 060500;8.445720;8.446480;8.445360;8.446420;0
20210315 060600;8.446370;8.446810;8.445970;8.446660;0
20210315 060700;8.446510;8.448720;8.444850;8.446000;0
20210315 060800;8.445860;8.445860;8.444300;8.445500;0
20210315 060900;8.445520;8.445770;8.443330;8.443330;0
20210315 061000;8.443330;8.447520;8.443330;8.447520;0
20210315 061100;8.447590;8.447770;8.442550;8.442690;0
20210315 061200;8.442690;8.442840;8.440700;8.440950;0
20210315 061300;8.440950;8.443280;8.440950;8.442370;0
20210315 061400;8.442460;8.443700;8.442460;8.443580;0
20210315 061500;8.443790;8.445460;8.439620;8.440870;0
20210315 061600;8.440820;8.442830;8.439680;8.442670;0
20210315 061700;8.442720;8.442730;8.439430;8.440680;0
20210315 061800;8.440920;8.444730;8.440720;8.444720;0
20210315 061900;8.444520;8.444620;8.442140;8.442880;0
20210315 062000;8.442920;8.445220;8.441430;8.444930;0
20210315 062100;8.445020;8.446630;8.444890;8.446500;0
20210315 062200;8.446400;8.447990;8.446340;8.447460;0
20210315 062300;8.447600;8.449040;8.447370;8.448980;0
20210315 062400;8.448900;8.450430;8.448900;8.449690;0
20210315 062500;8.449620;8.449690;8.444110;8.445700;0
20210315 062600;8.445610;8.445610;8.442260;8.442950;0
20210315 062700;8.442750;8.444930;8.442230;8.444200;0
20210315 062800;8.444140;8.445010;8.444020;8.444820;0
20210315 062900;8.444920;8.447080;8.443420;8.444990;0
20210315 063000;8.444990;8.447640;8.444990;8.446460;0
20210315 063100;8.446520;8.449820;8.446520;8.449820;0
20210315 063200;8.449720;8.452030;8.449240;8.452030;0
20210315 063300;8.451760;8.453830;8.451760;8.453740;0
20210315 063400;8.453760;8.453980;8.452000;8.452350;0
20210315 063500;8.452270;8.452580;8.449280;8.451020;0
20210315 063600;8.451000;8.451050;8.447350;8.449720;0
20210315 063700;8.449840;8.450800;8.447450;8.447480;0
20210315 063800;8.447450;8.448730;8.447450;8.448350;0
20210315 063900;8.448420;8.449820;8.446630;8.449410;0
20210315 064000;8.449520;8.452830;8.449300;8.449390;0
20210315 064100;8.449420;8.450620;8.449400;8.450490;0
20210315 064200;8.450380;8.450380;8.446660;8.447830;0
20210315 064300;8.447900;8.448420;8.444610;8.446500;0
20210315 064400;8.446500;8.447200;8.445210;8.447170;0
20210315 064500;8.447220;8.448900;8.445050;8.445560;0
20210315 064600;8.445490;8.447630;8.444680;8.446080;0
20210315 064700;8.446110;8.446110;8.444180;8.445720;0
20210315 064800;8.445740;8.449890;8.445740;8.447160;0
20210315 064900;8.447220;8.448650;8.447130;8.447560;0
20210315 065000;8.447680;8.448640;8.445160;8.445560;0
20210315 065100;8.445740;8.447730;8.445740;8.447470;0
20210315 065200;8.447520;8.450280;8.447460;8.450280;0
20210315 065300;8.450350;8.452220;8.450210;8.451680;0
20210315 065400;8.451640;8.455510;8.451390;8.453670;0
20210315 065500;8.453520;8.453520;8.450850;8.453130;0
20210315 065600;8.453030;8.454810;8.452610;8.454150;0
20210315 065700;8.454150;8.455050;8.450410;8.450870;0
20210315 065800;8.450870;8.453240;8.450390;8.451530;0
20210315 065900;8.451530;8.452910;8.451230;8.452840;0
20210315 070000;8.452720;8.454550;8.452720;8.454340;0
20210315 070100;8.454210;8.454210;8.449860;8.452090;0
20210315 070200;8.452530;8.454710;8.449660;8.450770;0
20210315 070300;8.450920;8.452510;8.450230;8.452110;0
20210315 070400;8.451900;8.451900;8.450110;8.450110;0
20210315 070500;8.450110;8.453840;8.449950;8.453490;0
20210315 070600;8.453660;8.455770;8.452830;8.455100;0
20210315 070700;8.455100;8.457100;8.451880;8.454540;0
20210315 070800;8.454540;8.457520;8.454490;8.457220;0
20210315 070900;8.457340;8.457550;8.454720;8.457200;0
20210315 071000;8.457270;8.459830;8.457270;8.459500;0
20210315 071100;8.459520;8.466620;8.459080;8.459820;0
20210315 071200;8.459820;8.463120;8.459630;8.459630;0
20210315 071300;8.459610;8.462760;8.458020;8.461950;0
20210315 071400;8.462020;8.463120;8.458500;8.458830;0
20210315 071500;8.459150;8.463210;8.458100;8.461220;0
20210315 071600;8.461190;8.461190;8.454990;8.456320;0
20210315 071700;8.456130;8.457610;8.455960;8.457520;0
20210315 071800;8.457610;8.458000;8.453540;8.456160;0
20210315 071900;8.456280;8.459310;8.455840;8.458980;0
20210315 072000;8.459100;8.459420;8.451610;8.454650;0
20210315 072100;8.454520;8.457030;8.454320;8.455740;0
20210315 072200;8.455800;8.456920;8.455040;8.456810;0
20210315 072300;8.456860;8.456860;8.455150;8.455410;0
20210315 072400;8.455330;8.456790;8.455210;8.455950;0
20210315 072500;8.455950;8.458140;8.455780;8.458040;0
20210315 072600;8.458040;8.462700;8.457820;8.460670;0
20210315 072700;8.459550;8.462220;8.459550;8.461710;0
20210315 072800;8.462020;8.464120;8.462020;8.463600;0
20210315 072900;8.463590;8.466160;8.460060;8.460460;0
20210315 073000;8.460470;8.464080;8.460250;8.463000;0
20210315 073100;8.462940;8.464670;8.462660;8.464670;0
20210315 073200;8.464850;8.466310;8.464840;8.466310;0
20210315 073300;8.466360;8.470180;8.466270;8.468280;0
20210315 073400;8.468160;8.468160;8.460640;8.465760;0
20210315 073500;8.465850;8.465940;8.460120;8.461210;0
20210315 073600;8.461780;8.465970;8.461770;8.462500;0
20210315 073700;8.462400;8.463250;8.458640;8.461940;0
20210315 073800;8.461940;8.466100;8.460350;8.463820;0
20210315 073900;8.463950;8.469390;8.463950;8.469390;0
20210315 074000;8.469510;8.472340;8.469370;8.471390;0
20210315 074100;8.471480;8.472570;8.466660;8.467110;0
20210315 074200;8.467110;8.468070;8.465680;8.467850;0
20210315 074300;8.467920;8.468200;8.466770;8.467420;0
20210315 074400;8.467390;8.469800;8.466610;8.468900;0
20210315 074500;8.468900;8.471120;8.467840;8.470020;0
20210315 074600;8.470080;8.470260;8.468870;8.469470;0
20210315 074700;8.469470;8.471360;8.469470;8.470920;0
20210315 074800;8.470960;8.471690;8.468600;8.471050;0
20210315 074900;8.471060;8.473770;8.471050;8.471220;0
20210315 075000;8.471260;8.471690;8.466370;8.469370;0
20210315 075100;8.469350;8.470200;8.463700;8.465880;0
20210315 075200;8.466000;8.469530;8.465980;8.468640;0
20210315 075300;8.468710;8.469570;8.464660;8.465730;0
20210315 075400;8.465720;8.468750;8.465580;8.468580;0
20210315 075500;8.468580;8.468590;8.463000;8.465580;0
20210315 075600;8.465700;8.465860;8.462810;8.465680;0
20210315 075700;8.465730;8.466780;8.464020;8.466330;0
20210315 075800;8.466270;8.466360;8.463120;8.464030;0
20210315 075900;8.464150;8.467130;8.463770;8.467040;0
20210315 080000;8.466920;8.468900;8.466400;8.468200;0
20210315 080100;8.468060;8.468650;8.467020;8.467850;0
20210315 080200;8.468070;8.471820;8.468070;8.470220;0
20210315 080300;8.470240;8.471140;8.469240;8.469660;0
20210315 080400;8.469660;8.471920;8.469490;8.471120;0
20210315 080500;8.471120;8.471410;8.469860;8.469980;0
20210315 080600;8.470100;8.470110;8.465850;8.467030;0
20210315 080700;8.467100;8.467450;8.466880;8.467390;0
20210315 080800;8.467310;8.468130;8.467010;8.468130;0
20210315 080900;8.468270;8.469550;8.467750;8.469070;0
20210315 081000;8.469070;8.469080;8.467010;8.467510;0
20210315 081100;8.467440;8.471150;8.467270;8.471150;0
20210315 081200;8.471110;8.471640;8.470240;8.470270;0
20210315 081300;8.470250;8.470370;8.467330;8.469420;0
20210315 081400;8.469720;8.474310;8.469620;8.471730;0
20210315 081500;8.471670;8.473600;8.468200;8.470360;0
20210315 081600;8.470490;8.473980;8.470490;8.473830;0
20210315 081700;8.473870;8.474200;8.472300;8.473110;0
20210315 081800;8.473110;8.474750;8.471510;8.474750;0
20210315 081900;8.474890;8.475210;8.469670;8.474590;0
20210315 082000;8.474520;8.475660;8.472570;8.475610;0
20210315 082100;8.475610;8.476110;8.473520;8.475690;0
20210315 082200;8.475690;8.477600;8.471310;8.472610;0
20210315 082300;8.472620;8.475450;8.472090;8.474230;0
20210315 082400;8.474220;8.475320;8.472270;8.475320;0
20210315 082500;8.475320;8.475350;8.472940;8.473440;0
20210315 082600;8.473400;8.475140;8.472990;8.474530;0
20210315 082700;8.474530;8.477430;8.474230;8.475810;0
20210315 082800;8.475720;8.476910;8.473570;8.476250;0
20210315 082900;8.476250;8.476370;8.473260;8.473260;0
20210315 083000;8.473260;8.473490;8.466490;8.469150;0
20210315 083100;8.469280;8.471300;8.466550;8.467090;0
20210315 083200;8.467130;8.468830;8.467130;8.468560;0
20210315 083300;8.468500;8.471240;8.467760;8.468350;0
20210315 083400;8.468340;8.468900;8.467250;8.467880;0
20210315 083500;8.467850;8.472930;8.466820;8.468050;0
20210315 083600;8.468110;8.468110;8.464490;8.465760;0
20210315 083700;8.465890;8.468480;8.465410;8.467230;0
20210315 083800;8.467520;8.470610;8.466770;8.470030;0
20210315 083900;8.469960;8.470850;8.468820;8.469150;0
20210315 084000;8.469150;8.470090;8.468450;8.468890;0
20210315 084100;8.468470;8.470240;8.468080;8.470190;0
20210315 084200;8.470280;8.471770;8.467590;8.471720;0
20210315 084300;8.471720;8.471940;8.468240;8.468500;0
20210315 084400;8.468430;8.469120;8.464100;8.469120;0
20210315 084500;8.469190;8.469770;8.465780;8.466570;0
20210315 084600;8.466520;8.469720;8.466400;8.469340;0
20210315 084700;8.469350;8.475490;8.469350;8.473180;0
20210315 084800;8.473230;8.473230;8.465710;8.471910;0
20210315 084900;8.471910;8.472820;8.470290;8.472640;0
20210315 085000;8.472650;8.476860;8.470630;8.475880;0
20210315 085100;8.475890;8.477620;8.475180;8.477010;0
20210315 085200;8.477010;8.477010;8.473150;8.473370;0
20210315 085300;8.473440;8.476630;8.473440;8.476550;0
20210315 085400;8.476540;8.479870;8.476490;8.479180;0
20210315 085500;8.479220;8.479640;8.476640;8.477620;0
20210315 085600;8.477700;8.477700;8.473340;8.476380;0
20210315 085700;8.476340;8.481070;8.476170;8.480050;0
20210315 085800;8.480050;8.485220;8.479880;8.482800;0
20210315 085900;8.482950;8.485650;8.477720;8.477720;0
20210315 090000;8.477360;8.477480;8.472690;8.473820;0
20210315 090100;8.473720;8.479630;8.473720;8.478530;0
20210315 090200;8.478520;8.479500;8.477340;8.479320;0
20210315 090300;8.479230;8.480020;8.474370;8.475850;0
20210315 090400;8.475700;8.475830;8.473620;8.474830;0
20210315 090500;8.475010;8.479780;8.475010;8.479320;0
20210315 090600;8.479250;8.479940;8.478850;8.479410;0
20210315 090700;8.479420;8.481740;8.478240;8.478240;0
20210315 090800;8.478330;8.479840;8.478330;8.479690;0
20210315 090900;8.479900;8.481740;8.477030;8.477740;0
20210315 091000;8.477790;8.479180;8.475800;8.478370;0
20210315 091100;8.478370;8.478370;8.475270;8.475700;0
20210315 091200;8.475830;8.478370;8.475670;8.478130;0
20210315 091300;8.478130;8.478180;8.471150;8.471310;0
20210315 091400;8.471280;8.472210;8.471150;8.471580;0
20210315 091500;8.471590;8.474390;8.471530;8.474320;0
20210315 091600;8.474230;8.474980;8.472580;8.474650;0
20210315 091700;8.474660;8.474660;8.472550;8.473450;0
20210315 091800;8.473450;8.473750;8.471060;8.471470;0
20210315 091900;8.471280;8.471650;8.468460;8.470880;0
20210315 092000;8.470880;8.473280;8.470500;8.472530;0
20210315 092100;8.472630;8.475560;8.472490;8.475560;0
20210315 092200;8.475770;8.482160;8.475770;8.481890;0
20210315 092300;8.482090;8.482600;8.478700;8.478700;0
20210315 092400;8.478570;8.478590;8.475010;8.476440;0
20210315 092500;8.476440;8.476950;8.473660;8.474340;0
20210315 092600;8.474340;8.479040;8.474210;8.477110;0
20210315 092700;8.477000;8.477270;8.469940;8.471230;0
20210315 092800;8.471340;8.477440;8.471340;8.474810;0
20210315 092900;8.474680;8.478810;8.474310;8.475150;0
20210315 093000;8.475110;8.478430;8.474910;8.477260;0
20210315 093100;8.477280;8.485850;8.476230;8.481090;0
20210315 093200;8.481230;8.481520;8.477420;8.478140;0
20210315 093300;8.478180;8.479130;8.474140;8.475400;0
20210315 093400;8.475350;8.476680;8.475260;8.475530;0
20210315 093500;8.475490;8.476770;8.473400;8.475440;0
20210315 093600;8.475410;8.478820;8.472910;8.476600;0
20210315 093700;8.476390;8.480050;8.475940;8.479750;0
20210315 093800;8.480150;8.481670;8.478500;8.478710;0
20210315 093900;8.478860;8.480600;8.478830;8.480050;0
20210315 094000;8.480050;8.480320;8.478600;8.479870;0
20210315 094100;8.479710;8.484270;8.477800;8.478130;0
20210315 094200;8.478250;8.480870;8.476670;8.480870;0
20210315 094300;8.480940;8.483590;8.480930;8.483300;0
20210315 094400;8.483230;8.484040;8.482930;8.483490;0
20210315 094500;8.483340;8.483340;8.481350;8.481950;0
20210315 094600;8.482030;8.483830;8.481680;8.482020;0
20210315 094700;8.482090;8.482880;8.482030;8.482140;0
20210315 094800;8.482140;8.482270;8.480930;8.480930;0
20210315 094900;8.480910;8.481890;8.480720;8.481540;0
20210315 095000;8.481540;8.481930;8.480820;8.481540;0
20210315 095100;8.481620;8.481670;8.479410;8.480800;0
20210315 095200;8.480620;8.481730;8.480460;8.480520;0
20210315 095300;8.480510;8.480510;8.477530;8.479440;0
20210315 095400;8.479440;8.479990;8.479440;8.479740;0
20210315 095500;8.479740;8.479900;8.478260;8.478260;0
20210315 095600;8.477800;8.477960;8.477270;8.477430;0
20210315 095700;8.477350;8.478850;8.476480;8.477810;0
20210315 095800;8.477680;8.479750;8.477530;8.478690;0
20210315 095900;8.478680;8.481980;8.478680;8.481940;0
20210315 100000;8.481940;8.485390;8.481610;8.485240;0
20210315 100100;8.485310;8.485920;8.483800;8.485920;0
20210315 100200;8.485920;8.487490;8.484980;8.486100;0
20210315 100300;8.486110;8.486110;8.483230;8.483230;0
20210315 100400;8.483170;8.483170;8.478840;8.479320;0
20210315 100500;8.479310;8.479490;8.478140;8.478140;0
20210315 100600;8.478080;8.479050;8.477380;8.478670;0
20210315 100700;8.478440;8.478440;8.475680;8.476460;0
20210315 100800;8.476350;8.477990;8.476350;8.477910;0
20210315 100900;8.477810;8.478600;8.477080;8.477080;0
20210315 101000;8.476930;8.478260;8.476570;8.478260;0
20210315 101100;8.478400;8.478400;8.477770;8.477860;0
20210315 101200;8.477860;8.478540;8.476610;8.478310;0
20210315 101300;8.478310;8.478320;8.477020;8.478000;0
20210315 101400;8.477990;8.479650;8.477850;8.479640;0
20210315 101500;8.479640;8.480300;8.479020;8.479780;0
20210315 101600;8.479780;8.480220;8.479650;8.479870;0
20210315 101700;8.479870;8.480920;8.479870;8.480540;0
20210315 101800;8.480540;8.480560;8.479360;8.479610;0
20210315 101900;8.479630;8.479970;8.477780;8.478290;0
20210315 102000;8.478290;8.478770;8.477000;8.477460;0
20210315 102100;8.477650;8.478310;8.476780;8.477970;0
20210315 102200;8.478010;8.478150;8.477070;8.477650;0
20210315 102300;8.477630;8.482470;8.477360;8.482050;0
20210315 102400;8.482050;8.482750;8.481130;8.481890;0
20210315 102500;8.481780;8.482040;8.481340;8.481990;0
20210315 102600;8.481990;8.481990;8.481270;8.481780;0
20210315 102700;8.481780;8.490120;8.481780;8.489610;0
20210315 102800;8.489640;8.490850;8.489640;8.490850;0
20210315 102900;8.490780;8.490820;8.489950;8.490430;0
20210315 103000;8.490430;8.491530;8.489150;8.489470;0
20210315 103100;8.489550;8.493330;8.489550;8.493330;0
20210315 103200;8.493150;8.500680;8.493150;8.498080;0
20210315 103300;8.497910;8.499750;8.496400;8.498320;0
20210315 103400;8.498300;8.507490;8.496120;8.506490;0
20210315 103500;8.506340;8.511120;8.505570;8.510970;0
20210315 103600;8.510760;8.511530;8.508870;8.510450;0
20210315 103700;8.510500;8.511730;8.509160;8.509300;0
20210315 103800;8.509290;8.511600;8.508270;8.510820;0
20210315 103900;8.510820;8.510820;8.507070;8.507990;0
20210315 104000;8.507980;8.508270;8.502560;8.502560;0
20210315 104100;8.502570;8.502570;8.493980;8.495250;0
20210315 104200;8.495410;8.497850;8.494440;8.494510;0
20210315 104300;8.494430;8.497580;8.494220;8.497570;0
20210315 104400;8.497730;8.498760;8.497730;8.498470;0
20210315 104500;8.498710;8.503330;8.498510;8.503330;0
20210315 104600;8.503200;8.504090;8.501990;8.502740;0
20210315 104700;8.502540;8.502600;8.500910;8.501700;0
20210315 104800;8.501700;8.501710;8.499750;8.499890;0
20210315 104900;8.499890;8.501620;8.499200;8.500880;0
20210315 105000;8.500880;8.502690;8.490460;8.492490;0
20210315 105100;8.492490;8.495230;8.491520;8.495230;0
20210315 105200;8.495200;8.495990;8.494210;8.494970;0
20210315 105300;8.495070;8.495070;8.489150;8.490540;0
20210315 105400;8.490550;8.490550;8.485280;8.486850;0
20210315 105500;8.486840;8.488400;8.486590;8.487560;0
20210315 105600;8.487560;8.492320;8.487530;8.490170;0
20210315 105700;8.490160;8.493070;8.489230;8.490100;0
20210315 105800;8.490080;8.493100;8.489990;8.490870;0
20210315 105900;8.490740;8.494760;8.490360;8.492810;0
20210315 110000;8.492750;8.493420;8.490330;8.492480;0
20210315 110100;8.492470;8.493950;8.491680;8.491920;0
20210315 110200;8.491770;8.494420;8.490160;8.494050;0
20210315 110300;8.494020;8.495360;8.492930;8.493440;0
20210315 110400;8.493440;8.496820;8.492800;8.492840;0
20210315 110500;8.492830;8.493600;8.491390;8.492120;0
20210315 110600;8.492160;8.492640;8.491110;8.491710;0
20210315 110700;8.491770;8.491770;8.488460;8.488540;0
20210315 110800;8.488510;8.490420;8.488350;8.490310;0
20210315 110900;8.490210;8.491290;8.489010;8.489480;0
20210315 111000;8.489330;8.490180;8.489090;8.489630;0
20210315 111100;8.489730;8.489990;8.488020;8.489220;0
20210315 111200;8.489220;8.489690;8.488010;8.488260;0
20210315 111300;8.488400;8.488550;8.485930;8.487330;0
20210315 111400;8.487360;8.487360;8.484190;8.485300;0
20210315 111500;8.485340;8.485410;8.481100;8.481780;0
20210315 111600;8.481420;8.482820;8.478270;8.478500;0
20210315 111700;8.477790;8.479370;8.476520;8.479230;0
20210315 111800;8.479230;8.479230;8.474510;8.477170;0
20210315 111900;8.477170;8.477440;8.476770;8.477400;0
20210315 112000;8.477400;8.477400;8.473680;8.473680;0
20210315 112100;8.473690;8.474990;8.471880;8.471880;0
20210315 112200;8.471950;8.473190;8.468830;8.470360;0
20210315 112300;8.470360;8.471300;8.468720;8.469120;0
20210315 112400;8.469120;8.471330;8.467260;8.467770;0
20210315 112500;8.467760;8.467780;8.465680;8.467700;0
20210315 112600;8.467580;8.468280;8.467340;8.467340;0
20210315 112700;8.467350;8.476330;8.466410;8.473530;0
20210315 112800;8.473050;8.481060;8.469300;8.472380;0
20210315 112900;8.472540;8.475630;8.469970;8.474120;0
20210315 113000;8.474070;8.477840;8.467320;8.473200;0
20210315 113100;8.473190;8.475300;8.473190;8.473810;0
20210315 113200;8.473850;8.475210;8.473440;8.474180;0
20210315 113300;8.474170;8.474850;8.469870;8.471760;0
20210315 113400;8.471810;8.472930;8.471170;8.472890;0
20210315 113500;8.472780;8.473050;8.472190;8.472470;0
20210315 113600;8.472520;8.474310;8.472450;8.473610;0
20210315 113700;8.473610;8.474100;8.473190;8.473840;0
20210315 113800;8.473840;8.475530;8.473360;8.475080;0
20210315 113900;8.475130;8.477010;8.471180;8.471180;0
20210315 114000;8.471180;8.472430;8.469860;8.470920;0
20210315 114100;8.470920;8.471140;8.470420;8.471010;0
20210315 114200;8.470990;8.471780;8.470430;8.471540;0
20210315 114300;8.471600;8.472290;8.471320;8.472210;0
20210315 114400;8.472300;8.472790;8.471810;8.472370;0
20210315 114500;8.472410;8.472410;8.471500;8.471710;0
20210315 114600;8.471710;8.471930;8.471480;8.471930;0
20210315 114700;8.472020;8.473430;8.472020;8.473260;0
20210315 114800;8.473270;8.473740;8.472630;8.473310;0
20210315 114900;8.473310;8.473310;8.472980;8.473160;0
20210315 115000;8.473200;8.474590;8.473190;8.474250;0
20210315 115100;8.474110;8.474190;8.473430;8.473920;0
20210315 115200;8.473910;8.474170;8.472960;8.474170;0
20210315 115300;8.474420;8.474570;8.473690;8.474030;0
20210315 115400;8.474030;8.474720;8.473910;8.474550;0
20210315 115500;8.474290;8.474290;8.471980;8.472530;0
20210315 115600;8.472580;8.475380;8.472580;8.475060;0
20210315 115700;8.475050;8.476250;8.474770;8.476250;0
20210315 115800;8.476180;8.477280;8.475690;8.475690;0
20210315 115900;8.475550;8.476970;8.475140;8.475730;0
20210315 120000;8.475740;8.476130;8.475130;8.476130;0
20210315 120100;8.476230;8.476370;8.475580;8.475960;0
20210315 120200;8.475930;8.476680;8.474840;8.475410;0
20210315 120300;8.475390;8.475460;8.474490;8.475160;0
20210315 120400;8.474910;8.475600;8.473470;8.473760;0
20210315 120500;8.473720;8.474670;8.473270;8.474300;0
20210315 120600;8.474300;8.474900;8.474300;8.474510;0
20210315 120700;8.474690;8.475290;8.474690;8.474860;0
20210315 120800;8.474850;8.475150;8.474470;8.474890;0
20210315 120900;8.474850;8.475350;8.474810;8.475180;0
20210315 121000;8.475170;8.475760;8.475130;8.475690;0
20210315 121100;8.475730;8.476440;8.475080;8.475460;0
20210315 121200;8.475560;8.475640;8.474990;8.475030;0
20210315 121300;8.474990;8.475440;8.474890;8.474940;0
20210315 121400;8.474890;8.476690;8.474340;8.476510;0
20210315 121500;8.476580;8.477100;8.475710;8.476040;0
20210315 121600;8.476050;8.476200;8.475680;8.475730;0
20210315 121700;8.475560;8.475640;8.474210;8.474220;0
20210315 121800;8.474210;8.474900;8.474210;8.474560;0
20210315 121900;8.474510;8.474590;8.473800;8.473950;0
20210315 122000;8.473900;8.474270;8.473900;8.474240;0
20210315 122100;8.474240;8.474240;8.473670;8.474120;0
20210315 122200;8.474030;8.474140;8.473710;8.473770;0
20210315 122300;8.473480;8.473700;8.470770;8.470780;0
20210315 122400;8.470780;8.471590;8.470400;8.470670;0
20210315 122500;8.470450;8.470450;8.469300;8.469670;0
20210315 122600;8.469870;8.470420;8.469590;8.469960;0
20210315 122700;8.469880;8.470200;8.468250;8.470000;0
20210315 122800;8.470040;8.470380;8.468440;8.469120;0
20210315 122900;8.469060;8.469550;8.469010;8.469220;0
20210315 123000;8.469260;8.469980;8.469210;8.469890;0
20210315 123100;8.469850;8.469850;8.469150;8.469260;0
20210315 123200;8.469220;8.470380;8.469220;8.469640;0
20210315 123300;8.469540;8.470530;8.469540;8.469960;0
20210315 123400;8.469960;8.470700;8.468940;8.470650;0
20210315 123500;8.470600;8.470650;8.469940;8.470170;0
20210315 123600;8.470150;8.470310;8.469510;8.470200;0
20210315 123700;8.470200;8.471900;8.470030;8.471760;0
20210315 123800;8.471760;8.472570;8.471080;8.472550;0
20210315 123900;8.472590;8.473090;8.472010;8.472680;0
20210315 124000;8.472460;8.472790;8.471900;8.472070;0
20210315 124100;8.472070;8.472430;8.471930;8.472190;0
20210315 124200;8.472440;8.472440;8.470780;8.471060;0
20210315 124300;8.471010;8.471730;8.470370;8.470490;0
20210315 124400;8.470450;8.470470;8.469590;8.469800;0
20210315 124500;8.469850;8.469880;8.467520;8.467860;0
20210315 124600;8.467900;8.468140;8.467350;8.467820;0
20210315 124700;8.467930;8.468250;8.467670;8.467760;0
20210315 124800;8.467660;8.468580;8.467530;8.467870;0
20210315 124900;8.467750;8.468030;8.467430;8.467620;0
20210315 125000;8.467500;8.467710;8.466850;8.466850;0
20210315 125100;8.466880;8.467290;8.466520;8.466580;0
20210315 125200;8.466560;8.466560;8.465510;8.465660;0
20210315 125300;8.465570;8.466210;8.465570;8.466210;0
20210315 125400;8.466200;8.466420;8.464290;8.464550;0
20210315 125500;8.464520;8.465130;8.464360;8.464940;0
20210315 125600;8.464950;8.465250;8.464570;8.464620;0
20210315 125700;8.464620;8.465250;8.464580;8.465220;0
20210315 125800;8.465110;8.467870;8.465110;8.467810;0
20210315 125900;8.467810;8.468700;8.467520;8.467880;0
20210315 130000;8.468010;8.468250;8.465540;8.465820;0
20210315 130100;8.465830;8.465830;8.461950;8.461950;0
20210315 130200;8.462000;8.462550;8.461850;8.462550;0
20210315 130300;8.462540;8.462920;8.462420;8.462640;0
20210315 130400;8.462490;8.462920;8.462380;8.462550;0
20210315 130500;8.462510;8.463340;8.462380;8.463070;0
20210315 130600;8.462930;8.463430;8.462110;8.463120;0
20210315 130700;8.463220;8.463220;8.462040;8.463120;0
20210315 130800;8.463020;8.463030;8.462010;8.462270;0
20210315 130900;8.462200;8.462720;8.462020;8.462300;0
20210315 131000;8.461940;8.462100;8.461380;8.461470;0
20210315 131100;8.461420;8.462630;8.461420;8.461820;0
20210315 131200;8.461730;8.461730;8.461340;8.461340;0
20210315 131300;8.461420;8.461420;8.461190;8.461260;0
20210315 131400;8.461330;8.461720;8.461060;8.461320;0
20210315 131500;8.461220;8.461550;8.460860;8.461260;0
20210315 131600;8.461260;8.461450;8.457860;8.458490;0
20210315 131700;8.458500;8.458870;8.454480;8.455750;0
20210315 131800;8.455650;8.457220;8.455650;8.456410;0
20210315 131900;8.456320;8.456950;8.456320;8.456560;0
20210315 132000;8.456520;8.456770;8.455830;8.456330;0
20210315 132100;8.456310;8.457240;8.456310;8.456810;0
20210315 132200;8.456680;8.456980;8.456680;8.456750;0
20210315 132300;8.456670;8.457020;8.456460;8.456620;0
20210315 132400;8.456590;8.457180;8.456450;8.456820;0
20210315 132500;8.456740;8.456740;8.455940;8.456210;0
20210315 132600;8.456350;8.456800;8.454350;8.454950;0
20210315 132700;8.455040;8.455100;8.454760;8.454760;0
20210315 132800;8.454720;8.454720;8.454310;8.454370;0
20210315 132900;8.454660;8.455910;8.454270;8.455910;0
20210315 133000;8.455990;8.457210;8.455780;8.456990;0
20210315 133100;8.456950;8.459710;8.456950;8.459700;0
20210315 133200;8.459690;8.461030;8.459370;8.461030;0
20210315 133300;8.461080;8.461130;8.460980;8.461120;0
20210315 133400;8.461280;8.461830;8.460860;8.460950;0
20210315 133500;8.461100;8.463830;8.461100;8.461710;0
20210315 133600;8.461610;8.461660;8.460140;8.460140;0
20210315 133700;8.459770;8.459770;8.457930;8.458250;0
20210315 133800;8.458250;8.458250;8.456640;8.456830;0
20210315 133900;8.456790;8.457600;8.456760;8.456990;0
20210315 134000;8.457020;8.457020;8.456270;8.456460;0
20210315 134100;8.456510;8.456640;8.456370;8.456640;0
20210315 134200;8.456590;8.457000;8.456470;8.456730;0
20210315 134300;8.456730;8.456730;8.456020;8.456290;0
20210315 134400;8.456320;8.456400;8.455680;8.456180;0
20210315 134500;8.456220;8.456740;8.455920;8.456030;0
20210315 134600;8.456420;8.456720;8.456040;8.456220;0
20210315 134700;8.456320;8.456520;8.456070;8.456320;0
20210315 134800;8.456220;8.456220;8.455730;8.456220;0
20210315 134900;8.456120;8.457010;8.455440;8.456950;0
20210315 135000;8.457040;8.459280;8.456820;8.459220;0
20210315 135100;8.459270;8.459330;8.458610;8.458660;0
20210315 135200;8.458740;8.459430;8.458570;8.459330;0
20210315 135300;8.459250;8.460090;8.459160;8.459350;0
20210315 135400;8.459410;8.459640;8.458610;8.458650;0
20210315 135500;8.458740;8.459270;8.458660;8.458660;0
20210315 135600;8.458750;8.459020;8.457730;8.457730;0
20210315 135700;8.457840;8.458530;8.457840;8.458220;0
20210315 135800;8.458260;8.461320;8.458020;8.461060;0
20210315 135900;8.461070;8.464650;8.461030;8.462970;0
20210315 140000;8.462580;8.463310;8.460100;8.460160;0
20210315 140100;8.460160;8.460470;8.459080;8.459120;0
20210315 140200;8.459190;8.459990;8.459190;8.459440;0
20210315 140300;8.459400;8.459880;8.459400;8.459590;0
20210315 140400;8.459690;8.460770;8.459690;8.460280;0
20210315 140500;8.460370;8.460610;8.460190;8.460190;0
20210315 140600;8.460230;8.460230;8.459910;8.459920;0
20210315 140700;8.459780;8.459900;8.459460;8.459460;0
20210315 140800;8.459230;8.459490;8.458880;8.459200;0
20210315 140900;8.459390;8.459800;8.459350;8.459520;0
20210315 141000;8.459420;8.459650;8.459350;8.459550;0
20210315 141100;8.459590;8.459880;8.459370;8.459820;0
20210315 141200;8.459740;8.460160;8.459660;8.460010;0
20210315 141300;8.460050;8.461600;8.459970;8.461410;0
20210315 141400;8.461110;8.461410;8.460930;8.461010;0
20210315 141500;8.461010;8.461290;8.460860;8.460980;0
20210315 141600;8.460940;8.461720;8.459370;8.459680;0
20210315 141700;8.459630;8.459820;8.459270;8.459740;0
20210315 141800;8.459820;8.460130;8.459450;8.460020;0
20210315 141900;8.460010;8.461740;8.458320;8.458400;0
20210315 142000;8.458420;8.460120;8.458420;8.459980;0
20210315 142100;8.459820;8.461520;8.459450;8.461180;0
20210315 142200;8.461190;8.462230;8.461000;8.462150;0
20210315 142300;8.462200;8.462200;8.460760;8.461000;0
20210315 142400;8.460960;8.462130;8.460850;8.461570;0
20210315 142500;8.461770;8.461770;8.460720;8.461120;0
20210315 142600;8.461080;8.461220;8.460550;8.460940;0
20210315 142700;8.461020;8.462880;8.461020;8.462880;0
20210315 142800;8.462930;8.463910;8.462680;8.463210;0
20210315 142900;8.463350;8.463790;8.461950;8.461960;0
20210315 143000;8.462150;8.463930;8.461860;8.463680;0
20210315 143100;8.463690;8.464380;8.463650;8.463760;0
20210315 143200;8.463660;8.464650;8.463610;8.464060;0
20210315 143300;8.463920;8.464720;8.463770;8.464100;0
20210315 143400;8.463900;8.467020;8.462640;8.466580;0
20210315 143500;8.466580;8.466750;8.463300;8.463450;0
20210315 143600;8.463100;8.463200;8.461770;8.461930;0
20210315 143700;8.462030;8.464280;8.461880;8.462540;0
20210315 143800;8.462630;8.465350;8.462480;8.465350;0
20210315 143900;8.465150;8.465150;8.461160;8.462540;0
20210315 144000;8.462560;8.463580;8.461730;8.461990;0
20210315 144100;8.461710;8.462130;8.461320;8.461530;0
20210315 144200;8.461620;8.462460;8.461150;8.461450;0
20210315 144300;8.461440;8.462280;8.460400;8.460620;0
20210315 144400;8.460590;8.460740;8.459950;8.460060;0
20210315 144500;8.460050;8.460210;8.459570;8.459840;0
20210315 144600;8.459930;8.460090;8.459720;8.459820;0
20210315 144700;8.459830;8.460300;8.459830;8.460000;0
20210315 144800;8.460010;8.460010;8.458220;8.459050;0
20210315 144900;8.459140;8.459790;8.457910;8.458050;0
20210315 145000;8.458080;8.458870;8.456870;8.457510;0
20210315 145100;8.457440;8.459960;8.457350;8.459550;0
20210315 145200;8.459490;8.460990;8.459490;8.460600;0
20210315 145300;8.460620;8.460840;8.458310;8.458310;0
20210315 145400;8.458470;8.458470;8.457650;8.457750;0
20210315 145500;8.457620;8.457620;8.455330;8.455330;0
20210315 145600;8.455280;8.456410;8.454220;8.455960;0
20210315 145700;8.455960;8.456320;8.455110;8.455360;0
20210315 145800;8.455300;8.457980;8.455300;8.455380;0
20210315 145900;8.455300;8.456270;8.453840;8.454390;0
20210315 150000;8.453770;8.456250;8.452520;8.454410;0
20210315 150100;8.454420;8.454420;8.452610;8.452610;0
20210315 150200;8.452610;8.453010;8.445280;8.446450;0
20210315 150300;8.446460;8.448230;8.446460;8.447830;0
20210315 150400;8.447870;8.448710;8.447460;8.448340;0
20210315 150500;8.448320;8.449580;8.448040;8.449270;0
20210315 150600;8.449260;8.451930;8.448890;8.451670;0
20210315 150700;8.451380;8.452290;8.448390;8.448550;0
20210315 150800;8.448540;8.449010;8.448410;8.448640;0
20210315 150900;8.448360;8.448630;8.447330;8.448300;0
20210315 151000;8.448300;8.448430;8.447630;8.447670;0
20210315 151100;8.447710;8.447770;8.447670;8.447670;0
20210315 151200;8.447710;8.447760;8.447630;8.447630;0
20210315 151300;8.447640;8.448270;8.447630;8.448270;0
20210315 151400;8.448280;8.448280;8.448270;8.448270;0
20210315 151500;8.448270;8.448590;8.447300;8.448280;0
20210315 151600;8.448280;8.448280;8.448280;8.448280;0
20210315 151700;8.448570;8.449500;8.448040;8.449500;0
20210315 151800;8.449690;8.449690;8.449050;8.449270;0
20210315 151900;8.449260;8.450360;8.449260;8.449610;0
20210315 152000;8.449610;8.449620;8.449150;8.449150;0
20210315 152100;8.449150;8.449150;8.449010;8.449010;0
20210315 152200;8.449220;8.449430;8.449220;8.449420;0
20210315 152300;8.449420;8.449930;8.449360;8.449930;0
20210315 152400;8.450060;8.450440;8.450060;8.450440;0
20210315 152500;8.450430;8.450550;8.450430;8.450550;0
20210315 152600;8.450330;8.450590;8.450330;8.450590;0
20210315 152700;8.450530;8.450530;8.450090;8.450090;0
20210315 152800;8.450090;8.450300;8.450090;8.450300;0
20210315 152900;8.450130;8.450340;8.450130;8.450160;0
20210315 153000;8.450090;8.450250;8.449970;8.450120;0
20210315 153100;8.450160;8.450260;8.449940;8.449940;0
20210315 153200;8.449940;8.449950;8.449330;8.449330;0
20210315 153300;8.449580;8.449710;8.449040;8.449220;0
20210315 153400;8.449250;8.449280;8.448960;8.449030;0
20210315 153500;8.449030;8.449340;8.448920;8.448960;0
20210315 153600;8.449080;8.449860;8.448800;8.448970;0
20210315 153700;8.448970;8.449490;8.448500;8.448840;0
20210315 153800;8.448840;8.448860;8.448800;8.448860;0
20210315 153900;8.448720;8.448790;8.448440;8.448540;0
20210315 154000;8.448550;8.448570;8.448250;8.448560;0
20210315 154100;8.448570;8.450480;8.448570;8.449620;0
20210315 154200;8.449800;8.449800;8.449170;8.449410;0
20210315 154300;8.449510;8.450170;8.449040;8.449700;0
20210315 154400;8.449770;8.449770;8.448680;8.448680;0
20210315 154500;8.448690;8.449780;8.448690;8.449260;0
20210315 154600;8.449130;8.450010;8.449130;8.449370;0
20210315 154700;8.449410;8.449840;8.449210;8.449330;0
20210315 154800;8.449540;8.449820;8.449210;8.449290;0
20210315 154900;8.449450;8.450470;8.449450;8.450150;0
20210315 155000;8.449940;8.449940;8.449180;8.449260;0
20210315 155100;8.449160;8.449890;8.448580;8.449150;0
20210315 155200;8.449300;8.449540;8.448540;8.448740;0
20210315 155300;8.448700;8.448790;8.448250;8.448400;0
20210315 155400;8.448460;8.449240;8.448440;8.448910;0
20210315 155500;8.448870;8.448870;8.447530;8.448170;0
20210315 155600;8.448230;8.448930;8.448160;8.448620;0
20210315 155700;8.448720;8.449120;8.448170;8.449120;0
20210315 155800;8.449220;8.450030;8.449020;8.449320;0
20210315 155900;8.449320;8.449920;8.445620;8.445880;0
20210315 160000;8.445310;8.445310;8.440220;8.445020;0
20210315 160100;8.445020;8.447220;8.445020;8.447220;0
20210315 161000;8.444520;8.446530;8.444520;8.446530;0
20210315 161200;8.444520;8.444520;8.444520;8.444520;0
20210315 161600;8.444920;8.444920;8.444920;8.444920;0
20210315 161700;8.444820;8.445830;8.444820;8.445830;0
20210315 162200;8.445420;8.445420;8.445420;8.445420;0
20210315 162400;8.445230;8.445430;8.445230;8.445420;0
20210315 162500;8.445420;8.445430;8.445420;8.445430;0
20210315 162600;8.445420;8.445430;8.444520;8.444920;0
20210315 162700;8.444920;8.445030;8.444920;8.445020;0
20210315 162800;8.445220;8.445230;8.445220;8.445220;0
20210315 162900;8.445220;8.445420;8.445220;8.445320;0
20210315 163000;8.445330;8.445430;8.445320;8.445320;0
20210315 163100;8.445630;8.446540;8.445320;8.446540;0
20210315 163200;8.446740;8.446930;8.446740;8.446800;0
20210315 163300;8.446820;8.447000;8.446800;8.447000;0
20210315 163400;8.447010;8.447010;8.447000;8.447000;0
20210315 163500;8.447000;8.449890;8.445720;8.445720;0
20210315 163600;8.445720;8.450790;8.445520;8.447840;0
20210315 163700;8.447850;8.447850;8.444920;8.445020;0
20210315 163800;8.446420;8.450890;8.443720;8.445470;0
20210315 163900;8.445330;8.449170;8.445120;8.445120;0
20210315 164000;8.445130;8.450090;8.445120;8.445450;0
20210315 164100;8.445120;8.451980;8.445120;8.446230;0
20210315 164200;8.446000;8.451380;8.445120;8.451380;0
20210315 164300;8.450340;8.451990;8.445700;8.451580;0
20210315 164400;8.451390;8.451790;8.448100;8.448100;0
20210315 164500;8.450540;8.453080;8.448000;8.452380;0
20210315 164600;8.452680;8.453380;8.449160;8.449480;0
20210315 164700;8.449410;8.449550;8.449400;8.449550;0
20210315 164800;8.448990;8.449900;8.447350;8.449830;0
20210315 164900;8.449690;8.449740;8.449690;8.449740;0
20210315 165000;8.449700;8.453310;8.449700;8.451480;0
20210315 165100;8.451380;8.451780;8.447730;8.448220;0
20210315 165200;8.448220;8.452080;8.448220;8.451980;0
20210315 165300;8.451980;8.452580;8.448220;8.452480;0
20210315 165400;8.452480;8.452580;8.449810;8.452580;0
20210315 165500;8.451720;8.452580;8.450580;8.451220;0
20210315 165600;8.450490;8.452190;8.450230;8.451790;0
20210315 165700;8.451880;8.451880;8.448280;8.451680;0
20210315 165800;8.450090;8.451590;8.450090;8.451480;0
20210315 165900;8.450620;8.451580;8.450580;8.451380;0
20210315 170000;8.451020;8.453450;8.447320;8.451320;0
20210315 171000;8.449920;8.450720;8.449730;8.449730;0
20210315 171100;8.449720;8.450720;8.449670;8.449820;0
20210315 171200;8.449920;8.450560;8.447510;8.449790;0
20210315 171300;8.449800;8.454600;8.448730;8.454600;0
20210315 171400;8.454590;8.455060;8.447440;8.449900;0
20210315 171500;8.449900;8.451410;8.447800;8.448590;0
20210315 171600;8.448590;8.453510;8.447590;8.449920;0
20210315 171700;8.449930;8.452760;8.448600;8.449530;0
20210315 171800;8.450990;8.454760;8.447940;8.448300;0
20210315 171900;8.448290;8.453270;8.448290;8.451690;0
20210315 172000;8.451680;8.456510;8.451130;8.452280;0
20210315 172100;8.452270;8.454970;8.451120;8.454940;0
20210315 172200;8.454940;8.455770;8.452340;8.454040;0
20210315 172300;8.454040;8.455840;8.451250;8.451460;0
20210315 172400;8.451470;8.453340;8.451460;8.452890;0
20210315 172500;8.452890;8.452900;8.452890;8.452890;0
20210315 172600;8.452890;8.452900;8.452890;8.452890;0
20210315 172700;8.452890;8.452900;8.452320;8.452320;0
20210315 172800;8.452320;8.452330;8.452320;8.452320;0
20210315 172900;8.452320;8.455790;8.448520;8.451210;0
20210315 173000;8.451210;8.455070;8.451210;8.451650;0
20210315 173100;8.451650;8.453830;8.449120;8.451960;0
20210315 173200;8.451960;8.453560;8.451960;8.452990;0
20210315 173300;8.452990;8.454590;8.451430;8.452030;0
20210315 173400;8.452020;8.453370;8.450800;8.451330;0
20210315 173500;8.451400;8.454170;8.450100;8.450370;0
20210315 173600;8.451550;8.453150;8.449880;8.451730;0
20210315 173700;8.451730;8.453900;8.450830;8.453210;0
20210315 173800;8.453210;8.453960;8.451680;8.453020;0
20210315 173900;8.453010;8.453730;8.450630;8.451640;0
20210315 174000;8.451650;8.452210;8.447730;8.448320;0
20210315 174100;8.448310;8.449360;8.447130;8.448490;0
20210315 174200;8.448470;8.452480;8.447880;8.450720;0
20210315 174300;8.450620;8.452590;8.449950;8.452590;0
20210315 174400;8.452580;8.454840;8.449950;8.451500;0
20210315 174500;8.451490;8.452290;8.448950;8.449920;0
20210315 174600;8.450090;8.457010;8.448090;8.450770;0
20210315 174700;8.450630;8.454320;8.450170;8.453820;0
20210315 174800;8.454320;8.454420;8.449530;8.451220;0
20210315 174900;8.451320;8.452250;8.450310;8.450820;0
20210315 175000;8.450920;8.451720;8.449850;8.451630;0
20210315 175100;8.451820;8.452520;8.447120;8.448720;0
20210315 175200;8.448930;8.450320;8.448630;8.449320;0
20210315 175300;8.449420;8.452620;8.449150;8.452020;0
20210315 175400;8.452120;8.453520;8.451530;8.452720;0
20210315 175500;8.452920;8.454730;8.451930;8.453470;0
20210315 175600;8.453520;8.455430;8.450770;8.452630;0
20210315 175700;8.452520;8.455130;8.448110;8.450030;0
20210315 175800;8.449820;8.451220;8.447920;8.447920;0
20210315 175900;8.448030;8.457120;8.448020;8.457020;0
20210315 180000;8.457120;8.457320;8.454220;8.455720;0
20210315 180100;8.455520;8.456420;8.447740;8.447740;0
20210315 180200;8.447930;8.451320;8.447910;8.450730;0
20210315 180300;8.450820;8.453720;8.448950;8.448960;0
20210315 180400;8.449020;8.449590;8.447440;8.449190;0
20210315 180500;8.449120;8.450830;8.447770;8.449290;0
20210315 180600;8.449210;8.450320;8.447730;8.448320;0
20210315 180700;8.448320;8.450220;8.448250;8.448520;0
20210315 180800;8.448730;8.451620;8.446780;8.449050;0
20210315 180900;8.449050;8.452020;8.448580;8.450260;0
20210315 181000;8.450250;8.451070;8.449070;8.451070;0
20210315 181100;8.451070;8.462450;8.450750;8.458870;0
20210315 181200;8.457680;8.463420;8.453900;8.457150;0
20210315 181300;8.457150;8.457220;8.452600;8.454190;0
20210315 181400;8.454230;8.454830;8.453150;8.454800;0
20210315 181500;8.454800;8.455830;8.453730;8.455790;0
20210315 181600;8.455720;8.456870;8.453550;8.456820;0
20210315 181700;8.456770;8.457410;8.452550;8.456080;0
20210315 181800;8.456030;8.457240;8.455690;8.457000;0
20210315 181900;8.455950;8.456580;8.453020;8.455110;0
20210315 182000;8.454950;8.455860;8.453700;8.454120;0
20210315 182100;8.454470;8.456510;8.453690;8.456090;0
20210315 182200;8.455280;8.456860;8.453320;8.454910;0
20210315 182300;8.454640;8.455640;8.453490;8.453920;0
20210315 182400;8.453910;8.454400;8.453910;8.454220;0
20210315 182500;8.454890;8.455910;8.454890;8.455840;0
20210315 182600;8.455480;8.456200;8.452920;8.454200;0
20210315 182700;8.454190;8.455000;8.453750;8.454210;0
20210315 182800;8.454160;8.455240;8.453930;8.454030;0
20210315 182900;8.454040;8.455000;8.453590;8.453970;0
20210315 183000;8.453970;8.454430;8.453520;8.454130;0
20210315 183100;8.454140;8.454350;8.453610;8.454020;0
20210315 183200;8.453980;8.453980;8.450240;8.451180;0
20210315 183300;8.451180;8.451690;8.450080;8.451070;0
20210315 183400;8.450240;8.452310;8.450150;8.451920;0
20210315 183500;8.451630;8.453720;8.451630;8.453140;0
20210315 183600;8.453100;8.453690;8.451250;8.452370;0
20210315 183700;8.452370;8.452370;8.450510;8.450980;0
20210315 183800;8.451610;8.451970;8.450060;8.451160;0
20210315 183900;8.451140;8.455030;8.450850;8.453860;0
20210315 184000;8.453930;8.454210;8.453540;8.453680;0
20210315 184100;8.453700;8.453790;8.451010;8.451300;0
20210315 184200;8.451300;8.452020;8.449220;8.451350;0
20210315 184300;8.451410;8.457880;8.451200;8.454900;0
20210315 184400;8.454890;8.456070;8.453690;8.455430;0
20210315 184500;8.455480;8.456520;8.454490;8.454650;0
20210315 184600;8.454650;8.454660;8.451230;8.452060;0
20210315 184700;8.452060;8.453170;8.449800;8.453160;0
20210315 184800;8.453510;8.455710;8.452270;8.455700;0
20210315 184900;8.455700;8.455810;8.454810;8.455080;0
20210315 185000;8.455030;8.455480;8.451200;8.452770;0
20210315 185100;8.452810;8.453770;8.451160;8.453230;0
20210315 185200;8.453150;8.456740;8.453150;8.456050;0
20210315 185300;8.456270;8.456270;8.455090;8.455780;0
20210315 185400;8.455970;8.456110;8.450830;8.451260;0
20210315 185500;8.451020;8.451210;8.449230;8.450930;0
20210315 185600;8.450940;8.455710;8.449120;8.453930;0
20210315 185700;8.453830;8.454590;8.453150;8.454220;0
20210315 185800;8.454320;8.454850;8.453020;8.454210;0
20210315 185900;8.454680;8.455130;8.452920;8.454050;0
20210315 190000;8.453740;8.454530;8.451500;8.453240;0
20210315 190100;8.453710;8.454180;8.449820;8.451000;0
20210315 190200;8.451010;8.452050;8.448760;8.451910;0
20210315 190300;8.451820;8.455290;8.449350;8.453330;0
20210315 190400;8.453320;8.454530;8.450660;8.452820;0
20210315 190500;8.452710;8.453420;8.449820;8.449820;0
20210315 190600;8.450120;8.451280;8.448410;8.451280;0
20210315 190700;8.451270;8.452850;8.448950;8.451670;0
20210315 190800;8.450980;8.451840;8.449780;8.451520;0
20210315 190900;8.451130;8.451710;8.448800;8.450320;0
20210315 191000;8.450430;8.451620;8.447950;8.450230;0
20210315 191100;8.450160;8.452120;8.448800;8.452120;0
20210315 191200;8.452030;8.453580;8.450450;8.453220;0
20210315 191300;8.453320;8.453320;8.450020;8.450720;0
20210315 191400;8.450500;8.451530;8.449740;8.450490;0
20210315 191500;8.450520;8.451820;8.448860;8.448860;0
20210315 191600;8.448920;8.450430;8.448830;8.449320;0
20210315 191700;8.449430;8.450420;8.447950;8.448260;0
20210315 191800;8.448320;8.449820;8.448320;8.448920;0
20210315 191900;8.448830;8.449530;8.448420;8.448520;0
20210315 192000;8.448420;8.450820;8.448420;8.450820;0
20210315 192100;8.450820;8.451630;8.450220;8.450320;0
20210315 192200;8.450430;8.452220;8.450420;8.451620;0
20210315 192300;8.451420;8.452330;8.450820;8.451120;0
20210315 192400;8.451120;8.453330;8.451120;8.452320;0
20210315 192500;8.452420;8.454030;8.452120;8.453520;0
20210315 192600;8.453430;8.453930;8.452620;8.453730;0
20210315 192700;8.453820;8.454530;8.452520;8.452730;0
20210315 192800;8.452820;8.453120;8.451650;8.452730;0
20210315 192900;8.452820;8.452820;8.451120;8.451920;0
20210315 193000;8.452030;8.453530;8.451420;8.452520;0
20210315 193100;8.452220;8.453520;8.451600;8.453020;0
20210315 193200;8.452920;8.453720;8.451920;8.453220;0
20210315 193300;8.453320;8.459820;8.453020;8.459320;0
20210315 193400;8.459420;8.461200;8.457970;8.459620;0
20210315 193500;8.459620;8.460430;8.454820;8.455920;0
20210315 193600;8.455920;8.455930;8.453720;8.455320;0
20210315 193700;8.455220;8.458520;8.455120;8.457220;0
20210315 193800;8.457120;8.459530;8.456220;8.459530;0
20210315 193900;8.459620;8.459720;8.457280;8.459120;0
20210315 194000;8.458920;8.458920;8.457110;8.457120;0
20210315 194100;8.458120;8.458420;8.456130;8.456610;0
20210315 194200;8.456610;8.457820;8.455160;8.455710;0
20210315 194300;8.455720;8.457230;8.455610;8.456810;0
20210315 194400;8.456820;8.457440;8.455080;8.455420;0
20210315 194500;8.455320;8.457220;8.455320;8.456310;0
20210315 194600;8.456320;8.458320;8.456320;8.457930;0
20210315 194700;8.457820;8.460140;8.456820;8.457230;0
20210315 194800;8.457120;8.459450;8.456350;8.459450;0
20210315 194900;8.459360;8.460340;8.456920;8.457010;0
20210315 195000;8.456930;8.458320;8.455560;8.455560;0
20210315 195100;8.455620;8.457820;8.455130;8.456220;0
20210315 195200;8.456330;8.460140;8.455660;8.460140;0
20210315 195300;8.460120;8.460740;8.457720;8.459340;0
20210315 195400;8.459320;8.459550;8.456720;8.457420;0
20210315 195500;8.457530;8.458730;8.456930;8.458320;0
20210315 195600;8.458430;8.458520;8.456920;8.457520;0
20210315 195700;8.457420;8.457520;8.456520;8.456920;0
20210315 195800;8.457020;8.459320;8.457020;8.458220;0
20210315 195900;8.458820;8.461530;8.458270;8.460630;0
20210315 200000;8.459550;8.463430;8.457910;8.462180;0
20210315 200100;8.462180;8.462920;8.462180;8.462180;0
20210315 200200;8.462420;8.464330;8.462180;8.464330;0
20210315 200300;8.464220;8.464330;8.459560;8.461130;0
20210315 200400;8.461020;8.461020;8.458980;8.459720;0
20210315 200500;8.459820;8.460520;8.458980;8.460120;0
20210315 200600;8.460220;8.461530;8.459550;8.459550;0
20210315 200700;8.460520;8.462340;8.458470;8.459950;0
20210315 200800;8.459950;8.460370;8.458060;8.458130;0
20210315 200900;8.458040;8.458930;8.457250;8.458320;0
20210315 201000;8.458320;8.458530;8.456420;8.456750;0
20210315 201100;8.456920;8.459130;8.456920;8.457870;0
20210315 201200;8.457930;8.459820;8.457870;8.457950;0
20210315 201300;8.457950;8.458820;8.457250;8.457250;0
20210315 201400;8.457350;8.458120;8.456320;8.456620;0
20210315 201500;8.456520;8.457420;8.456180;8.457030;0
20210315 201600;8.457120;8.457230;8.453430;8.453430;0
20210315 201700;8.453120;8.455380;8.452690;8.453620;0
20210315 201800;8.453720;8.455030;8.453420;8.454230;0
20210315 201900;8.454030;8.454530;8.453320;8.453420;0
20210315 202000;8.453530;8.455520;8.453530;8.453920;0
20210315 202100;8.453820;8.454020;8.452690;8.453520;0
20210315 202200;8.453420;8.455120;8.452830;8.454820;0
20210315 202300;8.454920;8.455630;8.453650;8.455320;0
20210315 202400;8.455520;8.455520;8.453680;8.454630;0
20210315 202500;8.454520;8.454630;8.453250;8.454590;0
20210315 202600;8.454620;8.455430;8.454580;8.455430;0
20210315 202700;8.455220;8.455220;8.454590;8.454590;0
20210315 202800;8.454620;8.455220;8.454330;8.454440;0
20210315 202900;8.454380;8.454380;8.454160;8.454240;0
20210315 203000;8.454160;8.455060;8.454040;8.454840;0
20210315 203100;8.454840;8.454840;8.454490;8.454560;0
20210315 203200;8.454500;8.454640;8.454430;8.454430;0
20210315 203300;8.454570;8.455220;8.454570;8.455070;0
20210315 203400;8.455140;8.455300;8.454860;8.454860;0
20210315 203500;8.454640;8.455290;8.454580;8.454940;0
20210315 203600;8.454860;8.454860;8.454430;8.454830;0
20210315 203700;8.454680;8.454680;8.454540;8.454660;0
20210315 203800;8.454800;8.455010;8.454370;8.454520;0
20210315 203900;8.454580;8.454940;8.454440;8.454660;0
20210315 204000;8.454800;8.454950;8.454510;8.454870;0
20210315 204100;8.455010;8.455360;8.455010;8.455150;0
20210315 204200;8.455290;8.455580;8.455150;8.455220;0
20210315 204300;8.455150;8.455250;8.454660;8.454660;0
20210315 204400;8.454800;8.455030;8.454660;8.454940;0
20210315 204500;8.455010;8.455010;8.454580;8.454660;0
20210315 204600;8.454750;8.455010;8.454670;8.454730;0
20210315 204700;8.454660;8.454670;8.454310;8.454310;0
20210315 204800;8.454320;8.454320;8.452880;8.453010;0
20210315 204900;8.453000;8.453160;8.451190;8.451820;0
20210315 205000;8.451610;8.452030;8.449320;8.449320;0
20210315 205100;8.449450;8.450360;8.449450;8.450210;0
20210315 205200;8.450420;8.451120;8.450370;8.450580;0
20210315 205300;8.450660;8.451040;8.450500;8.450720;0
20210315 205400;8.450720;8.451070;8.450580;8.450940;0
20210315 205500;8.450860;8.451420;8.450790;8.451000;0
20210315 205600;8.450950;8.452320;8.450930;8.451530;0
20210315 205700;8.451420;8.453090;8.451070;8.453090;0
20210315 205800;8.453170;8.453310;8.453170;8.453310;0
20210315 205900;8.453380;8.454160;8.453380;8.454100;0
20210315 210000;8.454020;8.457740;8.453730;8.456690;0
20210315 210100;8.456820;8.460910;8.456820;8.460610;0
20210315 210200;8.460540;8.460800;8.460300;8.460300;0
20210315 210300;8.460300;8.460880;8.460300;8.460870;0
20210315 210400;8.460600;8.460790;8.460580;8.460660;0
20210315 210500;8.460790;8.460940;8.459460;8.459800;0
20210315 210600;8.459730;8.460010;8.459730;8.459870;0
20210315 210700;8.459820;8.460100;8.459600;8.460100;0
20210315 210800;8.460020;8.460020;8.455470;8.455510;0
20210315 210900;8.455560;8.455700;8.455560;8.455700;0
20210315 211000;8.455720;8.455720;8.454960;8.455440;0
20210315 211100;8.455650;8.455940;8.455650;8.455720;0
20210315 211200;8.455860;8.456430;8.455860;8.456430;0
20210315 211300;8.456620;8.456930;8.456440;8.456860;0
20210315 211400;8.456640;8.458030;8.456640;8.457710;0
20210315 211500;8.457780;8.458730;8.457640;8.458730;0
20210315 211600;8.458730;8.458730;8.458580;8.458660;0
20210315 211700;8.458730;8.458940;8.458510;8.458940;0
20210315 211800;8.458800;8.458880;8.458450;8.458870;0
20210315 211900;8.458800;8.459650;8.458800;8.459370;0
20210315 212000;8.459510;8.459510;8.459300;8.459300;0
20210315 212100;8.459160;8.459380;8.459010;8.459010;0
20210315 212200;8.458940;8.459100;8.458660;8.458800;0
20210315 212300;8.458730;8.458730;8.457550;8.458630;0
20210315 212400;8.458410;8.458410;8.458140;8.458200;0
20210315 212500;8.458270;8.458340;8.458060;8.458060;0
20210315 212600;8.458130;8.458230;8.457440;8.457440;0
20210315 212700;8.457290;8.457580;8.454570;8.454720;0
20210315 212800;8.454820;8.454820;8.454010;8.454420;0
20210315 212900;8.454350;8.455600;8.454070;8.454830;0
20210315 213000;8.454660;8.458120;8.454650;8.457740;0
20210315 213100;8.457990;8.458420;8.456150;8.456350;0
20210315 213200;8.456350;8.458150;8.456350;8.458050;0
20210315 213300;8.458050;8.459580;8.457950;8.459450;0
20210315 213400;8.460120;8.460320;8.459150;8.459150;0
20210315 213500;8.459150;8.459220;8.457550;8.457850;0
20210315 213600;8.458050;8.458460;8.457550;8.457550;0
20210315 213700;8.457660;8.459960;8.457660;8.458950;0
20210315 213800;8.458750;8.459230;8.458150;8.458370;0
20210315 213900;8.458270;8.459730;8.458150;8.459360;0
20210315 214000;8.459550;8.462360;8.459550;8.460830;0
20210315 214100;8.461040;8.461470;8.458720;8.459120;0
20210315 214200;8.458970;8.460930;8.457780;8.458240;0
20210315 214300;8.457880;8.458900;8.457400;8.457750;0
20210315 214400;8.457690;8.468720;8.457680;8.462050;0
20210315 214500;8.462050;8.464320;8.459820;8.461350;0
20210315 214600;8.461520;8.461860;8.458520;8.459630;0
20210315 214700;8.459650;8.460590;8.458360;8.458460;0
20210315 214800;8.458660;8.460030;8.458550;8.459030;0
20210315 214900;8.458810;8.459430;8.458050;8.459250;0
20210315 215000;8.459250;8.460530;8.459130;8.460100;0
20210315 215100;8.460190;8.460490;8.460110;8.460260;0
20210315 215200;8.460390;8.460950;8.460240;8.460240;0
20210315 215300;8.460250;8.462290;8.459320;8.460220;0
20210315 215400;8.460420;8.461220;8.460420;8.460930;0
20210315 215500;8.461040;8.462670;8.459960;8.460690;0
20210315 215600;8.460690;8.460730;8.459550;8.459850;0
20210315 215700;8.459700;8.460150;8.457980;8.458470;0
20210315 215800;8.458420;8.461070;8.458330;8.459270;0
20210315 215900;8.459070;8.459900;8.457250;8.457360;0
20210315 220000;8.457350;8.460500;8.456940;8.459650;0
20210315 220100;8.459910;8.461150;8.458910;8.460630;0
20210315 220200;8.460640;8.460640;8.456940;8.456980;0
20210315 220300;8.457120;8.458740;8.456500;8.458590;0
20210315 220400;8.458400;8.460330;8.458310;8.459890;0
20210315 220500;8.459540;8.459710;8.457270;8.458530;0
20210315 220600;8.458530;8.459080;8.457860;8.458190;0
20210315 220700;8.458190;8.458790;8.453850;8.454210;0
20210315 220800;8.454350;8.455220;8.454070;8.454440;0
20210315 220900;8.454440;8.455170;8.453460;8.454610;0
20210315 221000;8.454750;8.455190;8.453200;8.454640;0
20210315 221100;8.454260;8.454470;8.451600;8.452380;0
20210315 221200;8.452380;8.456120;8.452160;8.453780;0
20210315 221300;8.453780;8.468230;8.451530;8.453320;0
20210315 221400;8.453860;8.456050;8.448820;8.452530;0
20210315 221500;8.452430;8.453390;8.449220;8.452990;0
20210315 221600;8.452980;8.455000;8.450010;8.452320;0
20210315 221700;8.452320;8.452390;8.449430;8.451320;0
20210315 221800;8.451520;8.453120;8.450820;8.453110;0
20210315 221900;8.453110;8.453920;8.450060;8.451280;0
20210315 222000;8.451270;8.451510;8.449420;8.449880;0
20210315 222100;8.449880;8.453920;8.448950;8.453910;0
20210315 222200;8.453940;8.456200;8.453940;8.454390;0
20210315 222300;8.454850;8.456310;8.449820;8.451120;0
20210315 222400;8.450850;8.453130;8.450780;8.452530;0
20210315 222500;8.452530;8.459040;8.452530;8.455240;0
20210315 222600;8.455230;8.455920;8.453120;8.453120;0
20210315 222700;8.453280;8.453890;8.447020;8.447730;0
20210315 222800;8.447730;8.449040;8.445210;8.445710;0
20210315 222900;8.445710;8.446810;8.445150;8.446500;0
20210315 223000;8.446700;8.458840;8.445850;8.451820;0
20210315 223100;8.451720;8.456950;8.451050;8.456410;0
20210315 223200;8.456410;8.456860;8.445920;8.447420;0
20210315 223300;8.447320;8.450030;8.446160;8.449460;0
20210315 223400;8.449460;8.455630;8.447820;8.452940;0
20210315 223500;8.452560;8.455950;8.447330;8.447420;0
20210315 223600;8.447520;8.449120;8.446950;8.448220;0
20210315 223700;8.448120;8.451150;8.446910;8.448520;0
20210315 223800;8.448630;8.449220;8.447620;8.448620;0
20210315 223900;8.448720;8.449730;8.447460;8.449420;0
20210315 224000;8.449330;8.451550;8.443860;8.447720;0
20210315 224100;8.447520;8.453060;8.446820;8.451880;0
20210315 224200;8.452020;8.454810;8.451550;8.452100;0
20210315 224300;8.452830;8.454160;8.452410;8.452640;0
20210315 224400;8.451170;8.453120;8.447670;8.452310;0
20210315 224500;8.452610;8.453830;8.450890;8.450890;0
20210315 224600;8.451080;8.452650;8.447220;8.450720;0
20210315 224700;8.450720;8.455240;8.450240;8.452460;0
20210315 224800;8.451930;8.454590;8.451680;8.453330;0
20210315 224900;8.453140;8.453460;8.450280;8.450490;0
20210315 225000;8.450620;8.452070;8.450140;8.452070;0
20210315 225100;8.452070;8.462510;8.452070;8.458420;0
20210315 225200;8.458320;8.459020;8.453820;8.455720;0
20210315 225300;8.456120;8.456620;8.450650;8.452320;0
20210315 225400;8.452450;8.455390;8.451960;8.455180;0
20210315 225500;8.455180;8.455890;8.454960;8.455890;0
20210315 225600;8.456030;8.456730;8.455790;8.456430;0
20210315 225700;8.456430;8.456930;8.456140;8.456930;0
20210315 225800;8.456940;8.456940;8.455330;8.456200;0
20210315 225900;8.456200;8.456200;8.456070;8.456070;0
20210315 230000;8.455990;8.456320;8.455600;8.456240;0
20210315 230100;8.456240;8.456520;8.456110;8.456450;0
20210315 230200;8.456450;8.456460;8.455980;8.455980;0
20210315 230300;8.455990;8.455990;8.455690;8.455830;0
20210315 230400;8.455840;8.455910;8.446820;8.449830;0
20210315 230500;8.450100;8.451210;8.449150;8.450730;0
20210315 230600;8.450580;8.460720;8.449520;8.458930;0
20210315 230700;8.458930;8.460630;8.446020;8.457760;0
20210315 230800;8.457760;8.457950;8.446850;8.447860;0
20210315 230900;8.447550;8.449030;8.447550;8.448580;0
20210315 231000;8.448580;8.451930;8.447370;8.451930;0
20210315 231100;8.451930;8.452300;8.450490;8.450790;0
20210315 231200;8.451000;8.461230;8.450750;8.454550;0
20210315 231300;8.454550;8.457750;8.454020;8.456360;0
20210315 231400;8.456120;8.457480;8.455920;8.457050;0
20210315 231500;8.457050;8.457520;8.456050;8.456050;0
20210315 231600;8.455850;8.456720;8.455150;8.455350;0
20210315 231700;8.455350;8.455930;8.453430;8.453640;0
20210315 231800;8.453710;8.454620;8.453220;8.453370;0
20210315 231900;8.453320;8.457950;8.451120;8.451220;0
20210315 232000;8.451160;8.453720;8.450940;8.453500;0
20210315 232100;8.453730;8.460300;8.452250;8.454140;0
20210315 232200;8.454130;8.456940;8.453940;8.456940;0
20210315 232300;8.456940;8.457000;8.455430;8.455450;0
20210315 232400;8.455440;8.455440;8.454840;8.454840;0
20210315 232500;8.454980;8.454980;8.454630;8.454630;0
20210315 232600;8.454550;8.454620;8.453060;8.453100;0
20210315 232700;8.452610;8.452610;8.449220;8.452030;0
20210315 232800;8.452030;8.452050;8.451440;8.451440;0
20210315 232900;8.451200;8.451780;8.446400;8.448610;0
20210315 233000;8.448610;8.451350;8.448230;8.450850;0
20210315 233100;8.455310;8.460840;8.450620;8.450620;0
20210315 233200;8.450730;8.453000;8.449830;8.449830;0
20210315 233300;8.449930;8.453200;8.448850;8.449520;0
20210315 233400;8.449530;8.452350;8.448070;8.448990;0
20210315 233500;8.448290;8.449750;8.446250;8.447640;0
20210315 233600;8.447840;8.450430;8.445850;8.445850;0
20210315 233700;8.445860;8.447820;8.445220;8.447320;0
20210315 233800;8.447260;8.448370;8.445680;8.446810;0
20210315 233900;8.447110;8.454610;8.446920;8.454500;0
20210315 234000;8.454500;8.456390;8.444250;8.444320;0
20210315 234100;8.444820;8.446230;8.442920;8.445820;0
20210315 234200;8.446060;8.448930;8.446050;8.448920;0
20210315 234300;8.450160;8.452410;8.448500;8.448680;0
20210315 234400;8.448150;8.449960;8.447420;8.448860;0
20210315 234500;8.449080;8.457890;8.446300;8.454420;0
20210315 234600;8.454320;8.455230;8.452540;8.452820;0
20210315 234700;8.452720;8.452920;8.450090;8.450680;0
20210315 234800;8.450270;8.450810;8.445070;8.445920;0
20210315 234900;8.445820;8.451520;8.444620;8.451330;0
20210315 235000;8.451420;8.452330;8.450260;8.451430;0
20210315 235100;8.451220;8.451920;8.449820;8.449820;0
20210315 235200;8.450300;8.451430;8.449210;8.450370;0
20210315 235300;8.450370;8.452670;8.450370;8.451370;0
20210315 235400;8.451310;8.453970;8.449250;8.449830;0
20210315 235500;8.449930;8.450710;8.449270;8.450360;0
20210315 235600;8.450360;8.450850;8.447020;8.448930;0
20210315 235700;8.449190;8.451970;8.448330;8.451430;0
20210315 235800;8.451550;8.451720;8.449770;8.450530;0
20210315 235900;8.450630;8.451400;8.449670;8.450610;0
20210316 000000;8.450600;8.451050;8.447250;8.450930;0
20210316 000100;8.451290;8.453420;8.450250;8.453420;0
20210316 000200;8.453420;8.453820;8.451470;8.453120;0
20210316 000300;8.453430;8.454150;8.452250;8.454150;0
20210316 000400;8.454110;8.454210;8.452750;8.453190;0
20210316 000500;8.453190;8.453500;8.450120;8.453100;0
20210316 000600;8.453100;8.459220;8.452980;8.454160;0
20210316 000700;8.454060;8.455350;8.453750;8.454910;0
20210316 000800;8.455140;8.455320;8.453020;8.453420;0
20210316 000900;8.453400;8.454470;8.451550;8.452390;0
20210316 001000;8.452390;8.453930;8.450720;8.453930;0
20210316 001100;8.453920;8.454980;8.452520;8.454050;0
20210316 001200;8.454050;8.454890;8.453640;8.453640;0
20210316 001300;8.453920;8.454460;8.453570;8.454340;0
20210316 001400;8.454350;8.455290;8.454070;8.454960;0
20210316 001500;8.455010;8.456020;8.454080;8.455340;0
20210316 001600;8.455540;8.456240;8.451380;8.451380;0
20210316 001700;8.451820;8.452100;8.448330;8.448350;0
20210316 001800;8.448550;8.451140;8.448150;8.449080;0
20210316 001900;8.449030;8.450050;8.447860;8.448590;0
20210316 002000;8.448260;8.453980;8.447630;8.453220;0
20210316 002100;8.453420;8.454320;8.451720;8.453720;0
20210316 002200;8.453520;8.454080;8.448810;8.449850;0
20210316 002300;8.450250;8.450750;8.447420;8.448330;0
20210316 002400;8.448420;8.449530;8.447920;8.448650;0
20210316 002500;8.448440;8.455030;8.448150;8.452330;0
20210316 002600;8.452220;8.453660;8.449850;8.450520;0
20210316 002700;8.450520;8.451230;8.448520;8.450830;0
20210316 002800;8.450520;8.450620;8.447420;8.447420;0
20210316 002900;8.447420;8.453920;8.446550;8.450130;0
20210316 003000;8.450320;8.451350;8.449250;8.451020;0
20210316 003100;8.451120;8.451290;8.449720;8.451290;0
20210316 003200;8.450940;8.454340;8.450940;8.452220;0
20210316 003300;8.452320;8.452320;8.451920;8.452140;0
20210316 003400;8.452420;8.453090;8.452340;8.452890;0
20210316 003500;8.453060;8.453700;8.452450;8.452650;0
20210316 003600;8.452650;8.453400;8.452250;8.452460;0
20210316 003700;8.452620;8.452930;8.451450;8.452560;0
20210316 003800;8.452930;8.453400;8.451800;8.452010;0
20210316 003900;8.452100;8.452290;8.447720;8.450530;0
20210316 004000;8.450720;8.451710;8.449720;8.451220;0
20210316 004100;8.451420;8.452480;8.450450;8.451270;0
20210316 004200;8.451470;8.451560;8.449950;8.451410;0
20210316 004300;8.451620;8.451880;8.450640;8.451450;0
20210316 004400;8.451350;8.452620;8.451350;8.452620;0
20210316 004500;8.452480;8.455180;8.451250;8.454490;0
20210316 004600;8.454630;8.455560;8.453030;8.455530;0
20210316 004700;8.455430;8.455430;8.453200;8.453840;0
20210316 004800;8.453990;8.454240;8.451650;8.452090;0
20210316 004900;8.452400;8.452400;8.449230;8.451340;0
20210316 005000;8.451540;8.454040;8.451250;8.453790;0
20210316 005100;8.453650;8.453790;8.448320;8.451040;0
20210316 005200;8.451040;8.452520;8.449700;8.451610;0
20210316 005300;8.451650;8.452820;8.451610;8.452150;0
20210316 005400;8.452320;8.453090;8.450520;8.450550;0
20210316 005500;8.450770;8.451870;8.450550;8.451370;0
20210316 005600;8.451530;8.452390;8.450910;8.451700;0
20210316 005700;8.451700;8.458120;8.448650;8.451930;0
20210316 005800;8.451820;8.453730;8.451060;8.453600;0
20210316 005900;8.453600;8.457810;8.452970;8.454020;0
20210316 010000;8.454080;8.456200;8.454080;8.456020;0
20210316 010100;8.456090;8.456410;8.455450;8.456410;0
20210316 010200;8.456340;8.456700;8.455420;8.455420;0
20210316 010300;8.455440;8.456970;8.455440;8.456970;0
20210316 010400;8.456830;8.456900;8.456770;8.456840;0
20210316 010500;8.456760;8.457470;8.456120;8.456770;0
20210316 010600;8.456900;8.462300;8.456760;8.462300;0
20210316 010700;8.462430;8.462910;8.462400;8.462910;0
20210316 010800;8.462840;8.463520;8.456220;8.458160;0
20210316 010900;8.458720;8.459140;8.458160;8.459140;0
20210316 011000;8.459300;8.466830;8.459300;8.462850;0
20210316 011100;8.462960;8.464320;8.462950;8.463710;0
20210316 011200;8.463570;8.463570;8.462330;8.463160;0
20210316 011300;8.463090;8.463640;8.462810;8.463640;0
20210316 011400;8.463570;8.463970;8.463450;8.463970;0
20210316 011500;8.464110;8.464270;8.463760;8.464270;0
20210316 011600;8.464130;8.464130;8.464130;8.464130;0
20210316 011700;8.464200;8.464660;8.457390;8.461570;0
20210316 011800;8.461720;8.461720;8.461220;8.461430;0
20210316 011900;8.461310;8.461790;8.460650;8.461430;0
20210316 012000;8.461220;8.461300;8.460940;8.461270;0
20210316 012100;8.461230;8.461230;8.460360;8.460360;0
20210316 012200;8.460420;8.460420;8.452310;8.456080;0
20210316 012300;8.456300;8.456800;8.456300;8.456800;0
20210316 012400;8.456730;8.457770;8.456730;8.457770;0
20210316 012500;8.457630;8.466420;8.457630;8.461750;0
20210316 012600;8.461780;8.461880;8.460290;8.460320;0
20210316 012700;8.460240;8.460240;8.459410;8.459470;0
20210316 012800;8.459400;8.459400;8.448340;8.454390;0
20210316 012900;8.454720;8.458990;8.451510;8.458700;0
20210316 013000;8.458710;8.461010;8.450980;8.452020;0
20210316 013100;8.451960;8.451960;8.451680;8.451760;0
20210316 013200;8.451950;8.452490;8.451610;8.452350;0
20210316 013300;8.452350;8.452580;8.452070;8.452570;0
20210316 013400;8.452570;8.452930;8.452010;8.452320;0
20210316 013500;8.452250;8.453420;8.452090;8.453380;0
20210316 013600;8.453300;8.453840;8.453230;8.453780;0
20210316 013700;8.453560;8.453560;8.453290;8.453350;0
20210316 013800;8.453230;8.453920;8.453230;8.453920;0
20210316 013900;8.454200;8.455220;8.454040;8.455140;0
20210316 014000;8.454990;8.455420;8.454990;8.455280;0
20210316 014100;8.455330;8.455330;8.455100;8.455330;0
20210316 014200;8.455390;8.457310;8.455390;8.457310;0
20210316 014300;8.457170;8.459970;8.456300;8.459970;0
20210316 014400;8.460040;8.460320;8.458680;8.459060;0
20210316 014500;8.458920;8.459070;8.458560;8.458630;0
20210316 014600;8.458770;8.458770;8.457570;8.457580;0
20210316 014700;8.457650;8.457870;8.456870;8.456870;0
20210316 014800;8.456810;8.457090;8.456520;8.456900;0
20210316 014900;8.456870;8.457160;8.456610;8.456610;0
20210316 015000;8.456770;8.456900;8.456060;8.456130;0
20210316 015100;8.456050;8.456260;8.456050;8.456230;0
20210316 015200;8.456310;8.457080;8.456150;8.456500;0
20210316 015300;8.456570;8.457350;8.456570;8.457160;0
20210316 015400;8.457210;8.458210;8.457210;8.458130;0
20210316 015500;8.457990;8.459580;8.457780;8.459150;0
20210316 015600;8.459060;8.460730;8.459030;8.460370;0
20210316 015700;8.460300;8.460990;8.459480;8.459750;0
20210316 015800;8.459780;8.460330;8.459260;8.459430;0
20210316 015900;8.459480;8.462380;8.459480;8.460280;0
20210316 020000;8.460410;8.462620;8.459390;8.462610;0
20210316 020100;8.462700;8.468540;8.461930;8.464000;0
20210316 020200;8.463950;8.468490;8.463620;8.463860;0
20210316 020300;8.463920;8.468430;8.463140;8.464410;0
20210316 020400;8.464720;8.464920;8.462930;8.462930;0
20210316 020500;8.463020;8.467030;8.462190;8.462190;0
20210316 020600;8.462260;8.463580;8.461770;8.462820;0
20210316 020700;8.462750;8.465550;8.462240;8.463620;0
20210316 020800;8.463520;8.465440;8.463520;8.464120;0
20210316 020900;8.464320;8.467300;8.464080;8.466460;0
20210316 021000;8.466460;8.469520;8.466460;8.469420;0
20210316 021100;8.469320;8.469720;8.468820;8.469550;0
20210316 021200;8.469620;8.470210;8.468370;8.468760;0
20210316 021300;8.468610;8.469530;8.467350;8.467410;0
20210316 021400;8.467410;8.467450;8.465950;8.465950;0
20210316 021500;8.465950;8.467580;8.465510;8.467580;0
20210316 021600;8.467580;8.468460;8.467030;8.467450;0
20210316 021700;8.467240;8.467250;8.466190;8.466710;0
20210316 021800;8.466710;8.468420;8.466390;8.467370;0
20210316 021900;8.467360;8.467360;8.466390;8.466790;0
20210316 022000;8.466780;8.467730;8.466010;8.467550;0
20210316 022100;8.467550;8.467820;8.466830;8.467010;0
20210316 022200;8.467010;8.467470;8.466370;8.467470;0
20210316 022300;8.467340;8.467860;8.467320;8.467860;0
20210316 022400;8.467860;8.469340;8.467450;8.467990;0
20210316 022500;8.467990;8.469170;8.467490;8.469170;0
20210316 022600;8.469170;8.469550;8.467740;8.467970;0
20210316 022700;8.468110;8.472630;8.467900;8.471390;0
20210316 022800;8.471450;8.474190;8.471320;8.472630;0
20210316 022900;8.472670;8.474580;8.471930;8.472840;0
20210316 023000;8.472940;8.477280;8.470300;8.476240;0
20210316 023100;8.476240;8.480950;8.474420;8.477480;0
20210316 023200;8.477480;8.478410;8.477230;8.478410;0
20210316 023300;8.478420;8.478980;8.475180;8.475930;0
20210316 023400;8.475830;8.477070;8.474340;8.474670;0
20210316 023500;8.474280;8.479290;8.474280;8.478920;0
20210316 023600;8.478920;8.480570;8.477800;8.478660;0
20210316 023700;8.478650;8.478660;8.473350;8.475440;0
20210316 023800;8.475620;8.479370;8.473060;8.473060;0
20210316 023900;8.472690;8.480020;8.472450;8.478340;0
20210316 024000;8.478320;8.481850;8.477020;8.481190;0
20210316 024100;8.481130;8.483420;8.479060;8.480390;0
20210316 024200;8.480380;8.481920;8.479980;8.480680;0
20210316 024300;8.480660;8.480690;8.477060;8.477230;0
20210316 024400;8.477010;8.477210;8.473690;8.474690;0
20210316 024500;8.474650;8.478800;8.474650;8.477130;0
20210316 024600;8.476900;8.476900;8.475170;8.475910;0
20210316 024700;8.476050;8.480520;8.476050;8.477420;0
20210316 024800;8.477430;8.479840;8.476560;8.479560;0
20210316 024900;8.479720;8.482030;8.479100;8.481120;0
20210316 025000;8.481120;8.482720;8.479520;8.481900;0
20210316 025100;8.481900;8.482350;8.477410;8.477410;0
20210316 025200;8.477390;8.478990;8.477390;8.478860;0
20210316 025300;8.478860;8.480800;8.478830;8.479450;0
20210316 025400;8.479440;8.481950;8.479440;8.480760;0
20210316 025500;8.480770;8.481110;8.479480;8.481010;0
20210316 025600;8.481020;8.482470;8.475730;8.477340;0
20210316 025700;8.477330;8.480070;8.477150;8.479500;0
20210316 025800;8.479500;8.483210;8.479420;8.481140;0
20210316 025900;8.481220;8.482050;8.480120;8.481320;0
20210316 030000;8.481300;8.485720;8.479720;8.485520;0
20210316 030100;8.485420;8.485420;8.476740;8.481770;0
20210316 030200;8.481770;8.481770;8.474750;8.478430;0
20210316 030300;8.478450;8.478720;8.474340;8.478040;0
20210316 030400;8.478130;8.480940;8.475250;8.477590;0
20210316 030500;8.477540;8.479520;8.476880;8.476950;0
20210316 030600;8.476940;8.477110;8.471390;8.475330;0
20210316 030700;8.475330;8.478630;8.473310;8.474750;0
20210316 030800;8.474760;8.479900;8.474700;8.479650;0
20210316 030900;8.479660;8.481660;8.479210;8.479410;0
20210316 031000;8.479300;8.479530;8.478250;8.478280;0
20210316 031100;8.478100;8.478630;8.475120;8.475150;0
20210316 031200;8.475070;8.477220;8.473580;8.476670;0
20210316 031300;8.476670;8.478280;8.475100;8.478280;0
20210316 031400;8.478290;8.478560;8.474630;8.474870;0
20210316 031500;8.474870;8.479080;8.474090;8.476940;0
20210316 031600;8.476810;8.477960;8.475180;8.475570;0
20210316 031700;8.475470;8.475640;8.471070;8.474350;0
20210316 031800;8.474350;8.474350;8.471660;8.472320;0
20210316 031900;8.472450;8.474020;8.472280;8.473100;0
20210316 032000;8.473020;8.479400;8.473020;8.479180;0
20210316 032100;8.479150;8.479150;8.475050;8.475110;0
20210316 032200;8.475220;8.475400;8.474180;8.475130;0
20210316 032300;8.475110;8.475110;8.470180;8.470210;0
20210316 032400;8.470150;8.473000;8.468270;8.470280;0
20210316 032500;8.470330;8.472450;8.466540;8.471150;0
20210316 032600;8.471060;8.471120;8.468310;8.468440;0
20210316 032700;8.468300;8.468320;8.467310;8.467700;0
20210316 032800;8.467700;8.468720;8.467210;8.468720;0
20210316 032900;8.468710;8.471970;8.468010;8.471960;0
20210316 033000;8.471840;8.474660;8.466050;8.466400;0
20210316 033100;8.466320;8.467870;8.464390;8.466740;0
20210316 033200;8.466930;8.468810;8.466160;8.468810;0
20210316 033300;8.468820;8.470310;8.466630;8.467180;0
20210316 033400;8.467180;8.472920;8.465450;8.471320;0
20210316 033500;8.471310;8.471540;8.465500;8.465700;0
20210316 033600;8.465760;8.469440;8.465760;8.466900;0
20210316 033700;8.466740;8.469890;8.465110;8.469480;0
20210316 033800;8.469340;8.474800;8.469170;8.471550;0
20210316 033900;8.471700;8.472160;8.468960;8.468970;0
20210316 034000;8.468960;8.473340;8.468840;8.473090;0
20210316 034100;8.473140;8.476580;8.471840;8.475990;0
20210316 034200;8.475990;8.476510;8.470050;8.471650;0
20210316 034300;8.471650;8.472640;8.469460;8.472640;0
20210316 034400;8.472640;8.476610;8.472500;8.476440;0
20210316 034500;8.476360;8.478930;8.475190;8.478610;0
20210316 034600;8.478840;8.481150;8.477660;8.478610;0
20210316 034700;8.478610;8.478620;8.470800;8.472290;0
20210316 034800;8.472160;8.476310;8.470970;8.474090;0
20210316 034900;8.474100;8.474910;8.473800;8.474310;0
20210316 035000;8.474360;8.474750;8.474000;8.474730;0
20210316 035100;8.474730;8.476240;8.474680;8.475930;0
20210316 035200;8.476000;8.479210;8.476000;8.479130;0
20210316 035300;8.479220;8.480110;8.472610;8.475250;0
20210316 035400;8.475250;8.475510;8.474760;8.475130;0
20210316 035500;8.475130;8.478150;8.475000;8.475780;0
20210316 035600;8.475530;8.475560;8.470250;8.470250;0
20210316 035700;8.470050;8.470190;8.468930;8.469810;0
20210316 035800;8.470060;8.476270;8.469920;8.474760;0
20210316 035900;8.474600;8.474600;8.470880;8.472640;0
20210316 040000;8.472570;8.479570;8.472290;8.474540;0
20210316 040100;8.474700;8.479550;8.473580;8.476790;0
20210316 040200;8.476790;8.477450;8.471660;8.474640;0
20210316 040300;8.474870;8.477440;8.474450;8.477270;0
20210316 040400;8.477270;8.477270;8.475300;8.475980;0
20210316 040500;8.475910;8.476210;8.474940;8.476200;0
20210316 040600;8.476090;8.476100;8.473410;8.473930;0
20210316 040700;8.473760;8.473890;8.469480;8.469550;0
20210316 040800;8.469510;8.472870;8.467280;8.470230;0
20210316 040900;8.470230;8.470510;8.467120;8.467940;0
20210316 041000;8.467940;8.467970;8.466570;8.467310;0
20210316 041100;8.467460;8.470500;8.467060;8.470260;0
20210316 041200;8.470250;8.473080;8.469750;8.472730;0
20210316 041300;8.472670;8.475190;8.468390;8.473990;0
20210316 041400;8.474070;8.475400;8.473500;8.474070;0
20210316 041500;8.474060;8.474180;8.470160;8.472840;0
20210316 041600;8.472840;8.475660;8.471590;8.473180;0
20210316 041700;8.473300;8.476070;8.472120;8.475510;0
20210316 041800;8.475510;8.475800;8.474010;8.474230;0
20210316 041900;8.474230;8.476330;8.473900;8.475360;0
20210316 042000;8.475260;8.476580;8.472450;8.474150;0
20210316 042100;8.474160;8.475940;8.471190;8.471250;0
20210316 042200;8.470910;8.470910;8.468650;8.469610;0
20210316 042300;8.469520;8.470340;8.467910;8.468050;0
20210316 042400;8.468110;8.472230;8.467200;8.469430;0
20210316 042500;8.469650;8.470040;8.468820;8.468890;0
20210316 042600;8.468990;8.468990;8.466700;8.468370;0
20210316 042700;8.468370;8.468370;8.465040;8.465420;0
20210316 042800;8.465530;8.465750;8.462900;8.465530;0
20210316 042900;8.465530;8.468100;8.465530;8.467850;0
20210316 043000;8.467860;8.467960;8.465320;8.466370;0
20210316 043100;8.466270;8.466270;8.463210;8.463430;0
20210316 043200;8.463380;8.463460;8.459860;8.460080;0
20210316 043300;8.460070;8.465150;8.460070;8.465150;0
20210316 043400;8.465250;8.467730;8.464590;8.467220;0
20210316 043500;8.466950;8.467100;8.465280;8.467100;0
20210316 043600;8.466970;8.468850;8.466130;8.468180;0
20210316 043700;8.468110;8.468430;8.465240;8.468430;0
20210316 043800;8.469220;8.470120;8.467360;8.470080;0
20210316 043900;8.469860;8.470370;8.469770;8.469860;0
20210316 044000;8.469890;8.470610;8.467420;8.469340;0
20210316 044100;8.469330;8.469440;8.467190;8.467260;0
20210316 044200;8.467210;8.467880;8.466990;8.467520;0
20210316 044300;8.467520;8.468030;8.466930;8.468020;0
20210316 044400;8.467940;8.471640;8.467940;8.470610;0
20210316 044500;8.470990;8.471170;8.470280;8.470900;0
20210316 044600;8.470920;8.472670;8.468350;8.472290;0
20210316 044700;8.472530;8.473130;8.471230;8.473130;0
20210316 044800;8.473040;8.473040;8.468480;8.470140;0
20210316 044900;8.470030;8.470240;8.468920;8.468920;0
20210316 045000;8.468920;8.469730;8.466770;8.468660;0
20210316 045100;8.468430;8.470020;8.468180;8.469830;0
20210316 045200;8.469900;8.470720;8.469010;8.469450;0
20210316 045300;8.469410;8.469570;8.467690;8.467920;0
20210316 045400;8.467960;8.468270;8.465850;8.465850;0
20210316 045500;8.465850;8.466050;8.464050;8.464340;0
20210316 045600;8.464330;8.466640;8.462720;8.466420;0
20210316 045700;8.466460;8.468200;8.466460;8.467780;0
20210316 045800;8.467760;8.468660;8.467050;8.468450;0
20210316 045900;8.468380;8.468920;8.467120;8.467790;0
20210316 050000;8.467720;8.468600;8.461240;8.461590;0
20210316 050100;8.461780;8.466080;8.457740;8.464130;0
20210316 050200;8.464150;8.464640;8.461130;8.463210;0
20210316 050300;8.463200;8.466360;8.459510;8.465680;0
20210316 050400;8.465580;8.465580;8.462240;8.462240;0
20210316 050500;8.462240;8.462720;8.461060;8.461910;0
20210316 050600;8.461780;8.462180;8.461380;8.461530;0
20210316 050700;8.461570;8.462120;8.460840;8.461910;0
20210316 050800;8.461830;8.464530;8.461630;8.463950;0
20210316 050900;8.463970;8.464250;8.462480;8.462490;0
20210316 051000;8.462500;8.462860;8.462490;8.462610;0
20210316 051100;8.462550;8.463780;8.461930;8.462960;0
20210316 051200;8.462960;8.464800;8.461260;8.461290;0
20210316 051300;8.461290;8.462890;8.461030;8.462830;0
20210316 051400;8.462830;8.463660;8.462830;8.463130;0
20210316 051500;8.463130;8.463130;8.461580;8.461630;0
20210316 051600;8.461600;8.462480;8.461470;8.461970;0
20210316 051700;8.461970;8.461970;8.459710;8.460120;0
20210316 051800;8.460130;8.464010;8.459860;8.461490;0
20210316 051900;8.461720;8.463830;8.460710;8.460710;0
20210316 052000;8.460750;8.460830;8.454190;8.455680;0
20210316 052100;8.455650;8.455930;8.452950;8.453890;0
20210316 052200;8.453970;8.454860;8.453120;8.454800;0
20210316 052300;8.454900;8.455430;8.454060;8.454220;0
20210316 052400;8.454220;8.454330;8.453340;8.454210;0
20210316 052500;8.454150;8.454260;8.452810;8.454100;0
20210316 052600;8.453700;8.453700;8.451740;8.453620;0
20210316 052700;8.453680;8.456230;8.453670;8.454660;0
20210316 052800;8.454560;8.454560;8.452670;8.452960;0
20210316 052900;8.453000;8.453570;8.452560;8.452830;0
20210316 053000;8.452870;8.454850;8.452660;8.453400;0
20210316 053100;8.453340;8.453340;8.450560;8.450960;0
20210316 053200;8.450770;8.452830;8.450440;8.451820;0
20210316 053300;8.451710;8.452320;8.450470;8.451100;0
20210316 053400;8.450950;8.450950;8.448080;8.448620;0
20210316 053500;8.448540;8.449680;8.448210;8.449020;0
20210316 053600;8.449030;8.449220;8.447900;8.448080;0
20210316 053700;8.447980;8.448120;8.444930;8.445890;0
20210316 053800;8.445880;8.447820;8.444450;8.447730;0
20210316 053900;8.447730;8.447740;8.444640;8.447020;0
20210316 054000;8.447160;8.447420;8.444950;8.444950;0
20210316 054100;8.445010;8.445580;8.443270;8.443320;0
20210316 054200;8.443420;8.447280;8.443280;8.447280;0
20210316 054300;8.447310;8.448230;8.447310;8.447810;0
20210316 054400;8.447800;8.448840;8.447360;8.447380;0
20210316 054500;8.447520;8.447520;8.445970;8.447290;0
20210316 054600;8.447290;8.449380;8.446940;8.448270;0
20210316 054700;8.448270;8.449230;8.447210;8.447700;0
20210316 054800;8.447620;8.447620;8.444150;8.444760;0
20210316 054900;8.444950;8.445140;8.443810;8.444140;0
20210316 055000;8.444060;8.447380;8.444060;8.447250;0
20210316 055100;8.447310;8.447370;8.446790;8.446860;0
20210316 055200;8.446960;8.447550;8.446880;8.446970;0
20210316 055300;8.447070;8.447250;8.446710;8.446710;0
20210316 055400;8.447000;8.448000;8.446810;8.447250;0
20210316 055500;8.447250;8.447490;8.442850;8.445520;0
20210316 055600;8.445860;8.446130;8.444190;8.444190;0
20210316 055700;8.444120;8.445280;8.443480;8.444380;0
20210316 055800;8.444480;8.447650;8.444480;8.447460;0
20210316 055900;8.447470;8.447470;8.443780;8.444320;0
20210316 060000;8.444400;8.447680;8.442510;8.442720;0
20210316 060100;8.442680;8.442780;8.439660;8.439660;0
20210316 060200;8.439620;8.442000;8.439370;8.441890;0
20210316 060300;8.441940;8.442010;8.440290;8.440430;0
20210316 060400;8.440560;8.440630;8.439360;8.440120;0
20210316 060500;8.440110;8.440720;8.439620;8.440420;0
20210316 060600;8.440520;8.445210;8.440220;8.444550;0
20210316 060700;8.444490;8.444540;8.442390;8.443900;0
20210316 060800;8.443960;8.444780;8.443960;8.444720;0
20210316 060900;8.444620;8.447680;8.444610;8.446870;0
20210316 061000;8.446890;8.447730;8.446560;8.447170;0
20210316 061100;8.447110;8.447370;8.446110;8.446560;0
20210316 061200;8.446650;8.448250;8.445940;8.448070;0
20210316 061300;8.448150;8.448790;8.448150;8.448150;0
20210316 061400;8.448030;8.448030;8.446020;8.447310;0
20210316 061500;8.447170;8.447170;8.445880;8.446150;0
20210316 061600;8.446140;8.448180;8.445750;8.447950;0
20210316 061700;8.447620;8.448060;8.447050;8.447440;0
20210316 061800;8.447440;8.447700;8.447130;8.447620;0
20210316 061900;8.447620;8.448340;8.446170;8.448080;0
20210316 062000;8.447980;8.447980;8.446090;8.446760;0
20210316 062100;8.446760;8.446770;8.444950;8.445440;0
20210316 062200;8.445390;8.445390;8.443870;8.444170;0
20210316 062300;8.444010;8.446260;8.443740;8.446100;0
20210316 062400;8.446100;8.446240;8.443920;8.446030;0
20210316 062500;8.446020;8.446460;8.445280;8.445350;0
20210316 062600;8.445360;8.445360;8.441390;8.442550;0
20210316 062700;8.442640;8.446150;8.442640;8.446050;0
20210316 062800;8.445910;8.447050;8.445110;8.446140;0
20210316 062900;8.446090;8.446090;8.444270;8.445220;0
20210316 063000;8.445420;8.445550;8.441060;8.441220;0
20210316 063100;8.441220;8.441340;8.439410;8.439420;0
20210316 063200;8.439410;8.440020;8.438740;8.439510;0
20210316 063300;8.440090;8.442000;8.439990;8.440220;0
20210316 063400;8.440030;8.441910;8.440030;8.441910;0
20210316 063500;8.441920;8.441920;8.438840;8.438840;0
20210316 063600;8.438750;8.439960;8.438660;8.439660;0
20210316 063700;8.439670;8.441580;8.439540;8.441580;0
20210316 063800;8.441580;8.443350;8.441360;8.443140;0
20210316 063900;8.443140;8.443590;8.442550;8.443330;0
20210316 064000;8.443330;8.445300;8.442410;8.445040;0
20210316 064100;8.444980;8.445480;8.444150;8.444490;0
20210316 064200;8.444620;8.445920;8.443400;8.445820;0
20210316 064300;8.445750;8.446790;8.445500;8.445840;0
20210316 064400;8.445960;8.446120;8.444150;8.444490;0
20210316 064500;8.444480;8.445090;8.442480;8.442700;0
20210316 064600;8.442740;8.443440;8.440160;8.440160;0
20210316 064700;8.440100;8.443280;8.439560;8.442250;0
20210316 064800;8.442130;8.442990;8.441430;8.442980;0
20210316 064900;8.443050;8.443450;8.442630;8.443110;0
20210316 065000;8.443110;8.444210;8.442970;8.444210;0
20210316 065100;8.444080;8.444500;8.442460;8.443190;0
20210316 065200;8.443190;8.444270;8.442250;8.443430;0
20210316 065300;8.443430;8.443430;8.442280;8.443420;0
20210316 065400;8.443320;8.445160;8.442680;8.445160;0
20210316 065500;8.445170;8.446400;8.443960;8.446240;0
20210316 065600;8.446310;8.450020;8.446200;8.449870;0
20210316 065700;8.449940;8.452760;8.448780;8.452060;0
20210316 065800;8.452090;8.455780;8.451430;8.453820;0
20210316 065900;8.453690;8.453690;8.452400;8.453120;0
20210316 070000;8.453010;8.454800;8.452640;8.453800;0
20210316 070100;8.453750;8.459880;8.453670;8.457920;0
20210316 070200;8.457530;8.457530;8.450340;8.450920;0
20210316 070300;8.450750;8.451780;8.450230;8.450230;0
20210316 070400;8.450320;8.451030;8.450230;8.450930;0
20210316 070500;8.450920;8.451330;8.448120;8.448120;0
20210316 070600;8.448120;8.453380;8.447460;8.452680;0
20210316 070700;8.452800;8.452880;8.449830;8.450890;0
20210316 070800;8.450890;8.450920;8.444660;8.446450;0
20210316 070900;8.446390;8.447610;8.446100;8.447520;0
20210316 071000;8.447440;8.447440;8.445150;8.446340;0
20210316 071100;8.446230;8.449750;8.445950;8.446400;0
20210316 071200;8.446470;8.447540;8.446210;8.446210;0
20210316 071300;8.446300;8.450540;8.446300;8.448770;0
20210316 071400;8.448700;8.448700;8.445730;8.445980;0
20210316 071500;8.445700;8.446770;8.443500;8.444580;0
20210316 071600;8.444680;8.445060;8.444180;8.445010;0
20210316 071700;8.444800;8.446920;8.444400;8.446660;0
20210316 071800;8.446790;8.447080;8.445300;8.446660;0
20210316 071900;8.446570;8.448550;8.446020;8.446820;0
20210316 072000;8.446700;8.447200;8.444950;8.445790;0
20210316 072100;8.445650;8.447070;8.443820;8.447030;0
20210316 072200;8.447130;8.450750;8.447130;8.450470;0
20210316 072300;8.450330;8.450870;8.449770;8.450860;0
20210316 072400;8.450790;8.454040;8.450630;8.453170;0
20210316 072500;8.453240;8.453240;8.451820;8.452380;0
20210316 072600;8.452410;8.453020;8.452400;8.452830;0
20210316 072700;8.452770;8.456920;8.452720;8.456870;0
20210316 072800;8.456960;8.457060;8.456400;8.456990;0
20210316 072900;8.457050;8.457840;8.452130;8.452130;0
20210316 073000;8.452130;8.454210;8.447950;8.450010;0
20210316 073100;8.450130;8.454640;8.448840;8.454600;0
20210316 073200;8.454680;8.457360;8.454680;8.456060;0
20210316 073300;8.456060;8.457440;8.454460;8.455840;0
20210316 073400;8.455730;8.456870;8.453990;8.454710;0
20210316 073500;8.454820;8.461640;8.454820;8.461430;0
20210316 073600;8.461500;8.463890;8.460850;8.463530;0
20210316 073700;8.463520;8.464440;8.461820;8.461820;0
20210316 073800;8.461810;8.461810;8.456410;8.457110;0
20210316 073900;8.457170;8.458760;8.455320;8.456740;0
20210316 074000;8.456680;8.458920;8.456260;8.456720;0
20210316 074100;8.456770;8.457130;8.455410;8.456940;0
20210316 074200;8.456930;8.457210;8.454390;8.457040;0
20210316 074300;8.456960;8.460020;8.456510;8.459500;0
20210316 074400;8.459320;8.459320;8.454430;8.455470;0
20210316 074500;8.455460;8.456570;8.453950;8.454050;0
20210316 074600;8.454050;8.455510;8.453280;8.455140;0
20210316 074700;8.455410;8.457600;8.454640;8.457600;0
20210316 074800;8.457480;8.459660;8.457060;8.459630;0
20210316 074900;8.459580;8.459980;8.458040;8.458890;0
20210316 075000;8.458960;8.460600;8.458810;8.459610;0
20210316 075100;8.459680;8.460670;8.457790;8.458790;0
20210316 075200;8.458720;8.459270;8.457530;8.459200;0
20210316 075300;8.459120;8.462360;8.457450;8.461110;0
20210316 075400;8.461090;8.461230;8.460350;8.460950;0
20210316 075500;8.460790;8.461800;8.458310;8.461150;0
20210316 075600;8.461010;8.464920;8.460780;8.462930;0
20210316 075700;8.462980;8.463890;8.460040;8.460260;0
20210316 075800;8.460410;8.465690;8.460410;8.465550;0
20210316 075900;8.465600;8.468690;8.465150;8.465580;0
20210316 080000;8.465650;8.468250;8.464900;8.465350;0
20210316 080100;8.465450;8.471270;8.464590;8.470400;0
20210316 080200;8.470430;8.470840;8.468610;8.468980;0
20210316 080300;8.469050;8.471830;8.469050;8.470120;0
20210316 080400;8.470160;8.470160;8.465640;8.467230;0
20210316 080500;8.467430;8.470230;8.466450;8.466770;0
20210316 080600;8.466780;8.469320;8.465590;8.466950;0
20210316 080700;8.467150;8.471620;8.467150;8.470470;0
20210316 080800;8.470520;8.471250;8.468470;8.468870;0
20210316 080900;8.468800;8.468850;8.462590;8.468010;0
20210316 081000;8.468000;8.470850;8.468000;8.470380;0
20210316 081100;8.470370;8.470920;8.469450;8.470830;0
20210316 081200;8.470690;8.472700;8.470490;8.471850;0
20210316 081300;8.471840;8.473990;8.471560;8.472860;0
20210316 081400;8.472860;8.472930;8.466290;8.469860;0
20210316 081500;8.470010;8.471630;8.468500;8.470260;0
20210316 081600;8.470170;8.471930;8.460860;8.470090;0
20210316 081700;8.470220;8.470760;8.463690;8.465040;0
20210316 081800;8.464540;8.464710;8.459370;8.462660;0
20210316 081900;8.462750;8.462990;8.458120;8.462330;0
20210316 082000;8.462330;8.462600;8.458170;8.462210;0
20210316 082100;8.462070;8.462210;8.460970;8.462000;0
20210316 082200;8.462220;8.465710;8.462120;8.465530;0
20210316 082300;8.465550;8.469790;8.463780;8.469750;0
20210316 082400;8.469750;8.470710;8.467400;8.468420;0
20210316 082500;8.468370;8.468370;8.463600;8.464520;0
20210316 082600;8.464510;8.464880;8.457660;8.458900;0
20210316 082700;8.459070;8.462750;8.459070;8.461600;0
20210316 082800;8.461720;8.463820;8.461150;8.463290;0
20210316 082900;8.463420;8.466320;8.462990;8.464720;0
20210316 083000;8.464820;8.465220;8.459980;8.462880;0
20210316 083100;8.462930;8.465430;8.460020;8.460750;0
20210316 083200;8.460680;8.465220;8.460670;8.463450;0
20210316 083300;8.463270;8.466930;8.463030;8.465910;0
20210316 083400;8.465910;8.466510;8.463550;8.464780;0
20210316 083500;8.464860;8.465160;8.462010;8.464510;0
20210316 083600;8.464730;8.466480;8.461580;8.463840;0
20210316 083700;8.463840;8.465280;8.462600;8.464070;0
20210316 083800;8.463990;8.465280;8.462460;8.462940;0
20210316 083900;8.462970;8.465330;8.462770;8.464790;0
20210316 084000;8.464900;8.465870;8.463570;8.463610;0
20210316 084100;8.463700;8.465870;8.463540;8.465410;0
20210316 084200;8.465300;8.467560;8.465040;8.467060;0
20210316 084300;8.466830;8.467170;8.464720;8.466580;0
20210316 084400;8.466580;8.470740;8.466580;8.467920;0
20210316 084500;8.467820;8.469270;8.467470;8.468560;0
20210316 084600;8.468400;8.469400;8.467330;8.469180;0
20210316 084700;8.469180;8.479880;8.469180;8.475320;0
20210316 084800;8.475530;8.475530;8.472810;8.474510;0
20210316 084900;8.474400;8.475530;8.470820;8.474080;0
20210316 085000;8.474040;8.478000;8.474040;8.477320;0
20210316 085100;8.477300;8.481750;8.476570;8.481010;0
20210316 085200;8.481020;8.487340;8.480860;8.485570;0
20210316 085300;8.485490;8.485920;8.480020;8.483680;0
20210316 085400;8.483770;8.487550;8.483440;8.483450;0
20210316 085500;8.483440;8.485470;8.480700;8.480790;0
20210316 085600;8.480790;8.480790;8.477650;8.477830;0
20210316 085700;8.477850;8.477850;8.475630;8.476940;0
20210316 085800;8.476920;8.477300;8.475620;8.476990;0
20210316 085900;8.476880;8.478270;8.476300;8.477330;0
20210316 090000;8.477050;8.484540;8.476870;8.477470;0
20210316 090100;8.477460;8.479360;8.476660;8.476820;0
20210316 090200;8.476810;8.478200;8.475750;8.477530;0
20210316 090300;8.477540;8.478750;8.476620;8.476820;0
20210316 090400;8.476830;8.478410;8.475240;8.476960;0
20210316 090500;8.477090;8.478840;8.476080;8.476780;0
20210316 090600;8.476680;8.476680;8.474350;8.474360;0
20210316 090700;8.474410;8.475130;8.473080;8.474340;0
20210316 090800;8.474620;8.474820;8.469620;8.472650;0
20210316 090900;8.472680;8.472680;8.469820;8.470320;0
20210316 091000;8.470660;8.474200;8.470660;8.473670;0
20210316 091100;8.473550;8.475440;8.472310;8.473430;0
20210316 091200;8.473320;8.475810;8.471120;8.474330;0
20210316 091300;8.474160;8.479390;8.472470;8.479380;0
20210316 091400;8.479290;8.482820;8.478800;8.481030;0
20210316 091500;8.481030;8.482490;8.480540;8.482490;0
20210316 091600;8.482480;8.482480;8.478730;8.479740;0
20210316 091700;8.479750;8.480310;8.479200;8.479410;0
20210316 091800;8.479410;8.481770;8.479410;8.481040;0
20210316 091900;8.480910;8.482820;8.480030;8.480200;0
20210316 092000;8.480050;8.481220;8.479740;8.480580;0
20210316 092100;8.480490;8.480490;8.477850;8.479530;0
20210316 092200;8.479620;8.479700;8.476680;8.478130;0
20210316 092300;8.478030;8.478060;8.476400;8.476730;0
20210316 092400;8.476870;8.477420;8.476240;8.476490;0
20210316 092500;8.476490;8.476490;8.470930;8.472840;0
20210316 092600;8.472840;8.478400;8.471960;8.476530;0
20210316 092700;8.476590;8.478400;8.475940;8.476600;0
20210316 092800;8.476780;8.477980;8.476360;8.477760;0
20210316 092900;8.477760;8.478820;8.473210;8.474620;0
20210316 093000;8.474770;8.474850;8.472790;8.474170;0
20210316 093100;8.474260;8.475560;8.474050;8.475560;0
20210316 093200;8.475550;8.478490;8.474990;8.478200;0
20210316 093300;8.478100;8.479830;8.476400;8.479830;0
20210316 093400;8.479920;8.482940;8.479560;8.480390;0
20210316 093500;8.480390;8.480450;8.478630;8.479610;0
20210316 093600;8.479610;8.480280;8.477750;8.477950;0
20210316 093700;8.477860;8.477860;8.473730;8.475730;0
20210316 093800;8.475780;8.479000;8.475460;8.477830;0
20210316 093900;8.477830;8.478420;8.477340;8.477580;0
20210316 094000;8.477620;8.477870;8.477100;8.477360;0
20210316 094100;8.477360;8.478820;8.476690;8.478490;0
20210316 094200;8.478500;8.481820;8.478320;8.480860;0
20210316 094300;8.480990;8.485090;8.480130;8.484170;0
20210316 094400;8.484180;8.486950;8.484180;8.486220;0
20210316 094500;8.486330;8.487560;8.485900;8.485900;0
20210316 094600;8.486060;8.486140;8.482440;8.483860;0
20210316 094700;8.483800;8.483800;8.480730;8.482560;0
20210316 094800;8.482650;8.483880;8.481750;8.482190;0
20210316 094900;8.482180;8.483120;8.480070;8.482530;0
20210316 095000;8.482600;8.483170;8.479700;8.480070;0
20210316 095100;8.480160;8.480210;8.477730;8.477790;0
20210316 095200;8.477750;8.478140;8.476450;8.476680;0
20210316 095300;8.476680;8.477590;8.476330;8.476460;0
20210316 095400;8.476450;8.476690;8.474290;8.475360;0
20210316 095500;8.475300;8.475950;8.474110;8.475600;0
20210316 095600;8.475510;8.478300;8.475470;8.477740;0
20210316 095700;8.477750;8.477850;8.476230;8.477190;0
20210316 095800;8.477200;8.477960;8.474050;8.474140;0
20210316 095900;8.474240;8.474790;8.473940;8.474220;0
20210316 100000;8.474220;8.476030;8.473480;8.475570;0
20210316 100100;8.475550;8.479340;8.475550;8.479180;0
20210316 100200;8.479190;8.480040;8.478350;8.479600;0
20210316 100300;8.479860;8.480250;8.477830;8.478950;0
20210316 100400;8.478950;8.480660;8.478670;8.480660;0
20210316 100500;8.480580;8.483210;8.480160;8.482710;0
20210316 100600;8.482510;8.485570;8.482430;8.485570;0
20210316 100700;8.485370;8.485370;8.480240;8.481930;0
20210316 100800;8.481910;8.482110;8.479720;8.480470;0
20210316 100900;8.480410;8.485800;8.480000;8.485560;0
20210316 101000;8.485270;8.486940;8.483850;8.486080;0
20210316 101100;8.485950;8.485950;8.480660;8.481350;0
20210316 101200;8.481360;8.485360;8.481140;8.484430;0
20210316 101300;8.484380;8.485800;8.483090;8.484900;0
20210316 101400;8.484900;8.485410;8.478920;8.481930;0
20210316 101500;8.482010;8.482420;8.478710;8.480120;0
20210316 101600;8.480240;8.480520;8.477440;8.478580;0
20210316 101700;8.478530;8.480870;8.478130;8.480270;0
20210316 101800;8.480140;8.481350;8.480070;8.480520;0
20210316 101900;8.480520;8.483610;8.480520;8.482030;0
20210316 102000;8.482030;8.482540;8.481720;8.482250;0
20210316 102100;8.482240;8.483130;8.481190;8.482450;0
20210316 102200;8.482350;8.485500;8.481960;8.484000;0
20210316 102300;8.483920;8.484670;8.481660;8.484460;0
20210316 102400;8.484550;8.485180;8.482470;8.482750;0
20210316 102500;8.482750;8.484770;8.482630;8.483080;0
20210316 102600;8.483080;8.484370;8.483080;8.483320;0
20210316 102700;8.483230;8.483660;8.482700;8.483490;0
20210316 102800;8.483400;8.483410;8.481510;8.482020;0
20210316 102900;8.482020;8.482450;8.481000;8.481190;0
20210316 103000;8.481180;8.481830;8.480640;8.481180;0
20210316 103100;8.481180;8.482430;8.480710;8.481820;0
20210316 103200;8.481820;8.482700;8.481210;8.482090;0
20210316 103300;8.482120;8.484200;8.481180;8.482180;0
20210316 103400;8.482190;8.484490;8.481900;8.483650;0
20210316 103500;8.483550;8.484380;8.482200;8.484320;0
20210316 103600;8.484430;8.484430;8.480720;8.480740;0
20210316 103700;8.480820;8.484130;8.479390;8.483340;0
20210316 103800;8.483250;8.483500;8.481880;8.483100;0
20210316 103900;8.483120;8.484930;8.483110;8.483710;0
20210316 104000;8.483270;8.485620;8.481370;8.484040;0
20210316 104100;8.484040;8.486470;8.484040;8.485040;0
20210316 104200;8.485120;8.485250;8.482020;8.482730;0
20210316 104300;8.482800;8.486020;8.482800;8.486020;0
20210316 104400;8.486110;8.486970;8.485190;8.486960;0
20210316 104500;8.486960;8.489300;8.486130;8.487870;0
20210316 104600;8.488070;8.490970;8.487940;8.488360;0
20210316 104700;8.488460;8.489070;8.484200;8.489050;0
20210316 104800;8.489040;8.490350;8.486220;8.488170;0
20210316 104900;8.488170;8.488380;8.485660;8.486770;0
20210316 105000;8.486930;8.486930;8.483080;8.484150;0
20210316 105100;8.484150;8.488630;8.484040;8.488630;0
20210316 105200;8.488320;8.489420;8.486820;8.487220;0
20210316 105300;8.487180;8.487190;8.483090;8.483910;0
20210316 105400;8.483930;8.483930;8.478710;8.478710;0
20210316 105500;8.478620;8.482140;8.476780;8.480090;0
20210316 105600;8.480020;8.482080;8.477360;8.479090;0
20210316 105700;8.479110;8.479250;8.475930;8.476010;0
20210316 105800;8.475930;8.481070;8.475930;8.480850;0
20210316 105900;8.480910;8.482480;8.478110;8.482390;0
20210316 110000;8.482530;8.484980;8.476830;8.479440;0
20210316 110100;8.479470;8.481830;8.478400;8.480050;0
20210316 110200;8.480090;8.480750;8.478390;8.480690;0
20210316 110300;8.480720;8.480860;8.479500;8.479530;0
20210316 110400;8.479710;8.479800;8.474850;8.478950;0
20210316 110500;8.478700;8.478700;8.475090;8.475150;0
20210316 110600;8.475230;8.476020;8.471660;8.473180;0
20210316 110700;8.473230;8.473290;8.470890;8.471310;0
20210316 110800;8.471370;8.472230;8.471090;8.471100;0
20210316 110900;8.471090;8.472110;8.470590;8.471220;0
20210316 111000;8.470970;8.472570;8.470970;8.472570;0
20210316 111100;8.472570;8.474700;8.472540;8.474700;0
20210316 111200;8.474840;8.479570;8.474840;8.479450;0
20210316 111300;8.479510;8.479510;8.477270;8.477540;0
20210316 111400;8.477470;8.479570;8.477300;8.479570;0
20210316 111500;8.478710;8.479540;8.477270;8.479310;0
20210316 111600;8.479580;8.480750;8.476320;8.476710;0
20210316 111700;8.476630;8.478190;8.475680;8.477570;0
20210316 111800;8.477780;8.481760;8.477630;8.480710;0
20210316 111900;8.480720;8.481870;8.478760;8.480460;0
20210316 112000;8.480460;8.480740;8.480190;8.480360;0
20210316 112100;8.480470;8.482170;8.477020;8.480340;0
20210316 112200;8.480340;8.485780;8.480340;8.484960;0
20210316 112300;8.485040;8.485250;8.484380;8.484820;0
20210316 112400;8.484740;8.488940;8.484650;8.488940;0
20210316 112500;8.489050;8.489370;8.484890;8.488690;0
20210316 112600;8.488630;8.488870;8.487150;8.488710;0
20210316 112700;8.488420;8.490350;8.479900;8.489810;0
20210316 112800;8.489740;8.489830;8.484170;8.487910;0
20210316 112900;8.487810;8.487890;8.483290;8.487890;0
20210316 113000;8.487980;8.488340;8.485090;8.485310;0
20210316 113100;8.485440;8.485440;8.484280;8.484570;0
20210316 113200;8.484570;8.484580;8.481190;8.483070;0
20210316 113300;8.483240;8.483900;8.481900;8.482230;0
20210316 113400;8.482340;8.482980;8.482340;8.482690;0
20210316 113500;8.482680;8.483820;8.482680;8.483090;0
20210316 113600;8.483050;8.483520;8.482810;8.482840;0
20210316 113700;8.482720;8.483520;8.482620;8.482830;0
20210316 113800;8.482720;8.482720;8.482170;8.482470;0
20210316 113900;8.482300;8.482300;8.474030;8.480250;0
20210316 114000;8.480240;8.481950;8.479750;8.480980;0
20210316 114100;8.480930;8.482050;8.480690;8.481760;0
20210316 114200;8.481610;8.481750;8.481150;8.481320;0
20210316 114300;8.481200;8.481380;8.481130;8.481270;0
20210316 114400;8.481220;8.482850;8.472570;8.478900;0
20210316 114500;8.478120;8.481420;8.470480;8.475450;0
20210316 114600;8.475450;8.482180;8.474010;8.474240;0
20210316 114700;8.474400;8.477070;8.474400;8.477070;0
20210316 114800;8.477140;8.478300;8.477130;8.478120;0
20210316 114900;8.478040;8.478300;8.476980;8.477180;0
20210316 115000;8.477370;8.479440;8.477370;8.478840;0
20210316 115100;8.478660;8.480100;8.478380;8.480100;0
20210316 115200;8.480040;8.480560;8.479810;8.480560;0
20210316 115300;8.480710;8.481830;8.480710;8.481600;0
20210316 115400;8.481670;8.482100;8.480410;8.482010;0
20210316 115500;8.481950;8.481950;8.480280;8.480450;0
20210316 115600;8.480390;8.481880;8.479810;8.481620;0
20210316 115700;8.481810;8.482020;8.480430;8.480640;0
20210316 115800;8.480600;8.480720;8.479740;8.479830;0
20210316 115900;8.479770;8.480500;8.479600;8.480180;0
20210316 120000;8.480160;8.480680;8.478750;8.479440;0
20210316 120100;8.479400;8.479890;8.477850;8.477880;0
20210316 120200;8.477840;8.480000;8.477210;8.479430;0
20210316 120300;8.479510;8.479660;8.478540;8.478610;0
20210316 120400;8.478800;8.478800;8.467490;8.468330;0
20210316 120500;8.468190;8.469070;8.466280;8.468930;0
20210316 120600;8.468800;8.471320;8.468560;8.470550;0
20210316 120700;8.470570;8.473020;8.470550;8.471070;0
20210316 120800;8.471110;8.472010;8.470310;8.471270;0
20210316 120900;8.471410;8.472310;8.469780;8.469810;0
20210316 121000;8.469510;8.470200;8.468810;8.469280;0
20210316 121100;8.469230;8.472610;8.469120;8.470360;0
20210316 121200;8.470460;8.471220;8.470410;8.470670;0
20210316 121300;8.470820;8.471900;8.470690;8.471820;0
20210316 121400;8.471830;8.472300;8.469660;8.469910;0
20210316 121500;8.470120;8.474580;8.469230;8.472470;0
20210316 121600;8.472500;8.473450;8.470800;8.471350;0
20210316 121700;8.471330;8.472030;8.470930;8.471380;0
20210316 121800;8.471340;8.471930;8.468620;8.468890;0
20210316 121900;8.468920;8.469040;8.465620;8.465870;0
20210316 122000;8.465780;8.471490;8.465750;8.469520;0
20210316 122100;8.469520;8.469520;8.466160;8.466500;0
20210316 122200;8.466580;8.466730;8.466140;8.466140;0
20210316 122300;8.465940;8.468420;8.465940;8.468050;0
20210316 122400;8.467910;8.468230;8.466880;8.467180;0
20210316 122500;8.467210;8.467430;8.466590;8.466590;0
20210316 122600;8.466710;8.466840;8.464380;8.464470;0
20210316 122700;8.464540;8.464910;8.464140;8.464770;0
20210316 122800;8.464990;8.464990;8.464220;8.464330;0
20210316 122900;8.464270;8.464810;8.463960;8.464180;0
20210316 123000;8.464390;8.466760;8.462860;8.466210;0
20210316 123100;8.466290;8.469270;8.466210;8.467550;0
20210316 123200;8.467480;8.468580;8.467170;8.467990;0
20210316 123300;8.468070;8.468280;8.467130;8.467150;0
20210316 123400;8.467140;8.471930;8.466790;8.468000;0
20210316 123500;8.467850;8.468440;8.464780;8.465000;0
20210316 123600;8.465100;8.466220;8.464640;8.464860;0
20210316 123700;8.464910;8.466340;8.464880;8.466260;0
20210316 123800;8.466210;8.466430;8.465610;8.466250;0
20210316 123900;8.466190;8.467330;8.465970;8.467050;0
20210316 124000;8.467080;8.467330;8.467040;8.467290;0
20210316 124100;8.467200;8.467710;8.466910;8.467620;0
20210316 124200;8.467710;8.468150;8.467630;8.468140;0
20210316 124300;8.468220;8.469230;8.468220;8.469220;0
20210316 124400;8.469140;8.469780;8.468770;8.469550;0
20210316 124500;8.469560;8.472350;8.469390;8.472280;0
20210316 124600;8.472020;8.472300;8.471690;8.471830;0
20210316 124700;8.471700;8.471940;8.471340;8.471760;0
20210316 124800;8.471860;8.472240;8.468440;8.468710;0
20210316 124900;8.468820;8.468820;8.466550;8.467520;0
20210316 125000;8.467510;8.468790;8.467180;8.468790;0
20210316 125100;8.469090;8.469510;8.469090;8.469400;0
20210316 125200;8.469510;8.470370;8.469510;8.470090;0
20210316 125300;8.469960;8.470390;8.469780;8.469980;0
20210316 125400;8.469900;8.471490;8.469750;8.471490;0
20210316 125500;8.471780;8.477100;8.471780;8.472820;0
20210316 125600;8.472600;8.472600;8.472000;8.472050;0
20210316 125700;8.472160;8.472400;8.472110;8.472210;0
20210316 125800;8.472330;8.472450;8.471910;8.471910;0
20210316 125900;8.472070;8.472840;8.472070;8.472600;0
20210316 130000;8.472460;8.472730;8.472300;8.472530;0
20210316 130100;8.472400;8.472400;8.469040;8.469040;0
20210316 130200;8.468840;8.469800;8.464070;8.467900;0
20210316 130300;8.467810;8.468290;8.466740;8.466740;0
20210316 130400;8.466700;8.466860;8.464410;8.465020;0
20210316 130500;8.464800;8.464800;8.463130;8.463130;0
20210316 130600;8.463280;8.466700;8.462500;8.466700;0
20210316 130700;8.466730;8.469600;8.466730;8.467940;0
20210316 130800;8.467930;8.467930;8.466320;8.466830;0
20210316 130900;8.466690;8.467060;8.466520;8.466680;0
20210316 131000;8.466700;8.467210;8.466300;8.466450;0
20210316 131100;8.466310;8.466450;8.465160;8.466020;0
20210316 131200;8.465940;8.466440;8.465730;8.465870;0
20210316 131300;8.465950;8.466100;8.465670;8.466100;0
20210316 131400;8.466150;8.467340;8.465870;8.467340;0
20210316 131500;8.467420;8.467830;8.466760;8.467420;0
20210316 131600;8.467360;8.467710;8.466780;8.466840;0
20210316 131700;8.466820;8.466820;8.466030;8.466680;0
20210316 131800;8.466880;8.467950;8.466880;8.467860;0
20210316 131900;8.468080;8.468080;8.467580;8.467590;0
20210316 132000;8.467600;8.468530;8.467600;8.468410;0
20210316 132100;8.468480;8.474940;8.468480;8.471580;0
20210316 132200;8.471720;8.471720;8.469800;8.469800;0
20210316 132300;8.469720;8.470390;8.469150;8.470020;0
20210316 132400;8.469940;8.469940;8.468720;8.468970;0
20210316 132500;8.468920;8.469760;8.468900;8.469520;0
20210316 132600;8.469410;8.471440;8.469110;8.471210;0
20210316 132700;8.471130;8.477550;8.471000;8.474370;0
20210316 132800;8.474500;8.475150;8.474170;8.474680;0
20210316 132900;8.474720;8.475090;8.473920;8.474490;0
20210316 133000;8.474520;8.475230;8.471620;8.472030;0
20210316 133100;8.471750;8.471750;8.470130;8.470130;0
20210316 133200;8.470210;8.470360;8.469790;8.470360;0
20210316 133300;8.470480;8.470530;8.470160;8.470160;0
20210316 133400;8.470160;8.470660;8.470160;8.470660;0
20210316 133500;8.470720;8.472850;8.470580;8.472850;0
20210316 133600;8.472930;8.473220;8.472880;8.473050;0
20210316 133700;8.472930;8.473730;8.472390;8.472390;0
20210316 133800;8.472590;8.474480;8.472370;8.473290;0
20210316 133900;8.473370;8.474120;8.473370;8.473750;0
20210316 134000;8.473590;8.474830;8.472940;8.474430;0
20210316 134100;8.474540;8.475710;8.474250;8.475240;0
20210316 134200;8.475230;8.476480;8.475140;8.476230;0
20210316 134300;8.476340;8.477180;8.476230;8.476790;0
20210316 134400;8.476930;8.481900;8.476860;8.478360;0
20210316 134500;8.478260;8.478490;8.477110;8.477110;0
20210316 134600;8.476980;8.477090;8.475080;8.476700;0
20210316 134700;8.476920;8.476950;8.476520;8.476530;0
20210316 134800;8.476780;8.476920;8.476440;8.476480;0
20210316 134900;8.476790;8.476790;8.476390;8.476390;0
20210316 135000;8.476450;8.476610;8.470770;8.471800;0
20210316 135100;8.471820;8.472340;8.471300;8.472260;0
20210316 135200;8.472330;8.473570;8.472330;8.473570;0
20210316 135300;8.473600;8.474290;8.473240;8.474020;0
20210316 135400;8.474020;8.474560;8.473880;8.474220;0
20210316 135500;8.474350;8.474480;8.473130;8.473130;0
20210316 135600;8.473220;8.473880;8.471370;8.471960;0
20210316 135700;8.471810;8.473320;8.471340;8.473130;0
20210316 135800;8.473110;8.474760;8.473110;8.474150;0
20210316 135900;8.473970;8.474250;8.470820;8.471280;0
20210316 140000;8.471220;8.473020;8.471190;8.472820;0
20210316 140100;8.472920;8.474920;8.472920;8.473920;0
20210316 140200;8.473830;8.474810;8.473830;8.474420;0
20210316 140300;8.474420;8.474730;8.473740;8.473740;0
20210316 140400;8.473670;8.473670;8.471880;8.471970;0
20210316 140500;8.472100;8.472100;8.468930;8.469530;0
20210316 140600;8.469600;8.469920;8.469410;8.469580;0
20210316 140700;8.469510;8.470120;8.469390;8.469520;0
20210316 140800;8.469380;8.469430;8.469070;8.469420;0
20210316 140900;8.469340;8.470800;8.469220;8.469820;0
20210316 141000;8.469820;8.474280;8.469540;8.470320;0
20210316 141100;8.470320;8.474500;8.468720;8.472670;0
20210316 141200;8.472860;8.473690;8.472630;8.473620;0
20210316 141300;8.473830;8.475210;8.472670;8.473270;0
20210316 141400;8.473420;8.476620;8.473420;8.474390;0
20210316 141500;8.474360;8.474780;8.470770;8.471460;0
20210316 141600;8.471480;8.471940;8.470650;8.471160;0
20210316 141700;8.471280;8.471690;8.468030;8.468810;0
20210316 141800;8.468690;8.468770;8.468340;8.468540;0
20210316 141900;8.468470;8.468580;8.467760;8.468190;0
20210316 142000;8.468210;8.469900;8.468210;8.469820;0
20210316 142100;8.469680;8.472340;8.469020;8.469020;0
20210316 142200;8.468830;8.468890;8.467830;8.468290;0
20210316 142300;8.468380;8.468720;8.468070;8.468090;0
20210316 142400;8.468080;8.468390;8.467580;8.468390;0
20210316 142500;8.468240;8.468490;8.465820;8.466180;0
20210316 142600;8.466360;8.467410;8.463840;8.467090;0
20210316 142700;8.467080;8.467750;8.466960;8.467170;0
20210316 142800;8.467180;8.469210;8.467180;8.469090;0
20210316 142900;8.469250;8.470110;8.468580;8.468970;0
20210316 143000;8.469060;8.470050;8.468570;8.469590;0
20210316 143100;8.469710;8.475580;8.468350;8.469730;0
20210316 143200;8.469280;8.470200;8.468600;8.470200;0
20210316 143300;8.470190;8.470570;8.466820;8.466820;0
20210316 143400;8.466950;8.468130;8.466220;8.466490;0
20210316 143500;8.466700;8.469190;8.466080;8.468730;0
20210316 143600;8.468600;8.469260;8.468590;8.469240;0
20210316 143700;8.469440;8.469820;8.469130;8.469820;0
20210316 143800;8.469890;8.470710;8.469890;8.470500;0
20210316 143900;8.470380;8.470720;8.470200;8.470580;0
20210316 144000;8.470430;8.470970;8.470430;8.470610;0
20210316 144100;8.470650;8.472650;8.470490;8.470930;0
20210316 144200;8.471060;8.472520;8.471060;8.471570;0
20210316 144300;8.471430;8.471880;8.471380;8.471600;0
20210316 144400;8.471600;8.474640;8.471600;8.474100;0
20210316 144500;8.474100;8.474250;8.473070;8.473230;0
20210316 144600;8.473630;8.473850;8.473140;8.473140;0
20210316 144700;8.473110;8.473360;8.472700;8.472700;0
20210316 144800;8.472840;8.474010;8.472730;8.473200;0
20210316 144900;8.473230;8.475380;8.473230;8.474350;0
20210316 145000;8.474150;8.474150;8.471900;8.472990;0
20210316 145100;8.472950;8.473340;8.472270;8.472270;0
20210316 145200;8.472470;8.472950;8.472470;8.472790;0
20210316 145300;8.472740;8.476960;8.472670;8.473560;0
20210316 145400;8.473640;8.474210;8.473210;8.474060;0
20210316 145500;8.474090;8.478330;8.473940;8.477120;0
20210316 145600;8.476970;8.477170;8.474590;8.475080;0
20210316 145700;8.475120;8.476120;8.474010;8.474680;0
20210316 145800;8.474720;8.478490;8.473840;8.477510;0
20210316 145900;8.477500;8.478180;8.476740;8.477390;0
20210316 150000;8.477380;8.477380;8.476080;8.476260;0
20210316 150100;8.476260;8.476260;8.475460;8.475560;0
20210316 150200;8.475560;8.476150;8.475390;8.475550;0
20210316 150300;8.475710;8.476410;8.475650;8.476330;0
20210316 150400;8.476330;8.477140;8.476160;8.476420;0
20210316 150500;8.476420;8.476420;8.475470;8.475770;0
20210316 150600;8.475770;8.475770;8.474440;8.474440;0
20210316 150700;8.474450;8.474890;8.474370;8.474890;0
20210316 150800;8.474900;8.476210;8.474890;8.476210;0
20210316 150900;8.476130;8.476400;8.475710;8.476390;0
20210316 151000;8.476530;8.476540;8.476240;8.476350;0
20210316 151100;8.476600;8.476600;8.476290;8.476460;0
20210316 151200;8.476450;8.477370;8.476160;8.476920;0
20210316 151300;8.476930;8.476930;8.476920;8.476920;0
20210316 151400;8.476920;8.477140;8.476620;8.476970;0
20210316 151500;8.476960;8.477120;8.476960;8.477110;0
20210316 151600;8.477250;8.477820;8.477120;8.477820;0
20210316 151700;8.477840;8.478020;8.477500;8.477580;0
20210316 151800;8.477580;8.478290;8.477510;8.477870;0
20210316 151900;8.477870;8.477870;8.477460;8.477670;0
20210316 152000;8.477510;8.478090;8.477390;8.478060;0
20210316 152100;8.478280;8.479000;8.477420;8.479000;0
20210316 152200;8.478850;8.478860;8.478410;8.478570;0
20210316 152300;8.478500;8.478520;8.476210;8.476210;0
20210316 152400;8.478180;8.478190;8.476130;8.476130;0
20210316 152500;8.478180;8.478190;8.475620;8.475750;0
20210316 152600;8.475720;8.478190;8.475720;8.475810;0
20210316 152700;8.478180;8.478180;8.476160;8.476420;0
20210316 152800;8.476580;8.478190;8.476040;8.476440;0
20210316 152900;8.476540;8.478190;8.476460;8.477480;0
20210316 153000;8.477410;8.477510;8.476590;8.477220;0
20210316 153100;8.477030;8.477430;8.476810;8.477270;0
20210316 153200;8.477270;8.477570;8.476760;8.477070;0
20210316 153300;8.477270;8.477500;8.476550;8.476830;0
20210316 153400;8.476760;8.477310;8.476620;8.477120;0
20210316 153500;8.477010;8.478740;8.476870;8.478400;0
20210316 153600;8.478550;8.479190;8.477970;8.478750;0
20210316 153700;8.478760;8.479870;8.478420;8.478860;0
20210316 153800;8.478520;8.478700;8.478050;8.478290;0
20210316 153900;8.478400;8.479350;8.477870;8.478180;0
20210316 154000;8.478180;8.478900;8.477590;8.477630;0
20210316 154100;8.477630;8.478380;8.477590;8.478170;0
20210316 154200;8.478170;8.479180;8.478060;8.478350;0
20210316 154300;8.478150;8.479990;8.478110;8.478790;0
20210316 154400;8.478790;8.479430;8.478510;8.478800;0
20210316 154500;8.478800;8.479170;8.477510;8.477840;0
20210316 154600;8.477920;8.478540;8.477490;8.477780;0
20210316 154700;8.477770;8.478480;8.477770;8.477800;0
20210316 154800;8.477800;8.478610;8.477450;8.477590;0
20210316 154900;8.477880;8.478770;8.477730;8.478030;0
20210316 155000;8.478030;8.478530;8.477710;8.478530;0
20210316 155100;8.478780;8.479090;8.478130;8.478190;0
20210316 155200;8.478190;8.479450;8.478190;8.478770;0
20210316 155300;8.478660;8.480780;8.478590;8.480780;0
20210316 155400;8.480570;8.480760;8.480380;8.480650;0
20210316 155500;8.479820;8.479820;8.479700;8.479710;0
20210316 155600;8.479710;8.480020;8.479430;8.479490;0
20210316 155700;8.479490;8.479920;8.479340;8.479910;0
20210316 155800;8.479910;8.480700;8.479910;8.480130;0
20210316 155900;8.480130;8.480700;8.480130;8.480140;0
20210316 160000;8.479850;8.479850;8.479850;8.479850;0
20210316 161000;8.469020;8.481680;8.469020;8.481680;0
20210316 161100;8.469020;8.480890;8.468120;8.468820;0
20210316 161300;8.468860;8.474820;8.468860;8.474820;0
20210316 161400;8.475930;8.476330;8.475930;8.476330;0
20210316 161500;8.476330;8.485380;8.474830;8.485280;0
20210316 161600;8.474820;8.486280;8.474820;8.486280;0
20210316 161700;8.475630;8.486390;8.475530;8.475530;0
20210316 161800;8.486390;8.486390;8.486390;8.486390;0
20210316 161900;8.475520;8.486390;8.475520;8.475520;0
20210316 162100;8.475520;8.475520;8.475520;8.475520;0
20210316 162200;8.475520;8.475720;8.475230;8.475720;0
20210316 162300;8.475420;8.475420;8.474630;8.474630;0
20210316 162400;8.474320;8.474320;8.474320;8.474320;0
20210316 162500;8.484280;8.484780;8.483790;8.484280;0
20210316 162600;8.474220;8.474220;8.474120;8.474120;0
20210316 162700;8.483780;8.484290;8.474320;8.484080;0
20210316 162800;8.484280;8.484780;8.474120;8.484580;0
20210316 162900;8.484480;8.484780;8.483880;8.484180;0
20210316 163000;8.484080;8.484080;8.483580;8.483580;0
20210316 163100;8.483590;8.483590;8.480510;8.483180;0
20210316 163200;8.483180;8.483390;8.480410;8.483180;0
20210316 163300;8.483190;8.483280;8.481310;8.482280;0
20210316 163400;8.481680;8.483480;8.481680;8.482380;0
20210316 163500;8.482480;8.483080;8.481180;8.483080;0
20210316 163600;8.482980;8.483380;8.482780;8.483380;0
20210316 163700;8.483080;8.483480;8.482880;8.483280;0
20210316 163800;8.483190;8.483680;8.482480;8.482680;0
20210316 163900;8.481640;8.483980;8.473720;8.483790;0
20210316 164000;8.483680;8.484490;8.483480;8.483780;0
20210316 164100;8.483880;8.483880;8.483280;8.483490;0
20210316 164200;8.483280;8.483480;8.482880;8.483380;0
20210316 164300;8.483380;8.483580;8.482340;8.483480;0
20210316 164400;8.483480;8.483780;8.483180;8.483780;0
20210316 164500;8.484180;8.484380;8.474660;8.478750;0
20210316 164600;8.480080;8.480080;8.476450;8.477290;0
20210316 164700;8.475860;8.479230;8.475860;8.477960;0
20210316 164800;8.479820;8.479820;8.479010;8.479400;0
20210316 164900;8.479430;8.479820;8.477020;8.479410;0
20210316 165000;8.473260;8.481040;8.473260;8.478350;0
20210316 165100;8.477370;8.479780;8.477360;8.479780;0
20210316 165200;8.479490;8.479500;8.477490;8.479490;0
20210316 165300;8.479500;8.479500;8.476940;8.476940;0
20210316 165400;8.479360;8.479360;8.474040;8.479360;0
20210316 165500;8.478080;8.481860;8.478080;8.481660;0
20210316 165600;8.479670;8.482340;8.479670;8.482340;0
20210316 165700;8.480440;8.483090;8.480440;8.480670;0
20210316 165800;8.480670;8.480670;8.480670;8.480670;0
20210316 170200;8.480530;8.480530;8.477920;8.478620;0
20210316 170300;8.478620;8.479020;8.478520;8.478620;0
20210316 170500;8.478020;8.479820;8.477920;8.479720;0
20210316 170600;8.479920;8.480420;8.478550;8.479820;0
20210316 170700;8.479920;8.479920;8.479130;8.479620;0
20210316 170800;8.479720;8.479720;8.479420;8.479620;0
20210316 170900;8.479720;8.479720;8.479130;8.479130;0
20210316 171000;8.479130;8.479770;8.479130;8.479590;0
20210316 171100;8.479620;8.481220;8.478670;8.479020;0
20210316 171200;8.479420;8.480020;8.479420;8.479530;0
20210316 171300;8.479620;8.479720;8.479530;8.479720;0
20210316 171400;8.480120;8.480120;8.478580;8.478660;0
20210316 171500;8.478660;8.480890;8.478610;8.480230;0
20210316 171600;8.480220;8.480230;8.480220;8.480220;0
20210316 171700;8.480230;8.480230;8.480220;8.480220;0
20210316 171800;8.480220;8.481340;8.479640;8.480790;0
20210316 171900;8.481610;8.481650;8.478810;8.479030;0
20210316 172000;8.479040;8.479480;8.478380;8.478520;0
20210316 172100;8.478350;8.479250;8.477870;8.478620;0
20210316 172200;8.478620;8.479350;8.477820;8.478580;0
20210316 172300;8.478580;8.480130;8.477620;8.478010;0
20210316 172400;8.478010;8.479240;8.477790;8.478390;0
20210316 172500;8.478380;8.479270;8.477520;8.478770;0
20210316 172600;8.478770;8.479350;8.477740;8.478260;0
20210316 172700;8.478510;8.479560;8.478280;8.478990;0
20210316 172800;8.479070;8.479660;8.478380;8.478970;0
20210316 172900;8.479160;8.479840;8.478380;8.479190;0
20210316 173000;8.479190;8.480840;8.478230;8.479520;0
20210316 173100;8.479660;8.480040;8.478460;8.479330;0
20210316 173200;8.479320;8.480060;8.478840;8.479150;0
20210316 173300;8.479150;8.479630;8.478720;8.479170;0
20210316 173400;8.479180;8.479900;8.478350;8.479200;0
20210316 173500;8.479280;8.480430;8.478630;8.479840;0
20210316 173600;8.479840;8.480280;8.478120;8.478430;0
20210316 173700;8.478530;8.478920;8.476980;8.478320;0
20210316 173800;8.478430;8.478820;8.476220;8.476420;0
20210316 173900;8.476420;8.476630;8.475920;8.476620;0
20210316 174000;8.476730;8.476820;8.475620;8.476130;0
20210316 174100;8.476120;8.476820;8.474020;8.474620;0
20210316 174200;8.474520;8.475420;8.473530;8.474340;0
20210316 174300;8.474340;8.476760;8.473470;8.474820;0
20210316 174400;8.474720;8.474720;8.474020;8.474020;0
20210316 174500;8.474030;8.477320;8.474030;8.476330;0
20210316 174600;8.475820;8.476820;8.474920;8.475420;0
20210316 174700;8.475130;8.475130;8.474020;8.474330;0
20210316 174800;8.474330;8.476020;8.473620;8.475820;0
20210316 174900;8.475930;8.476520;8.474990;8.475520;0
20210316 175000;8.475320;8.476120;8.475030;8.476120;0
20210316 175100;8.475630;8.477320;8.475320;8.476320;0
20210316 175200;8.476230;8.477480;8.475410;8.476720;0
20210316 175300;8.476920;8.477950;8.475420;8.477120;0
20210316 175400;8.477020;8.477420;8.474830;8.476020;0
20210316 175500;8.475420;8.475920;8.473350;8.475520;0
20210316 175600;8.475520;8.477030;8.475420;8.476830;0
20210316 175700;8.476820;8.477130;8.474720;8.476720;0
20210316 175800;8.476730;8.476920;8.475020;8.476220;0
20210316 175900;8.476330;8.476520;8.475320;8.475320;0
20210316 180000;8.475120;8.479320;8.474320;8.477050;0
20210316 180100;8.477050;8.477050;8.475020;8.475560;0
20210316 180200;8.475550;8.475920;8.474620;8.474950;0
20210316 180300;8.474960;8.474960;8.473620;8.474360;0
20210316 180400;8.474350;8.474430;8.474220;8.474420;0
20210316 180500;8.474320;8.474630;8.473950;8.474360;0
20210316 180600;8.474220;8.474320;8.473820;8.474220;0
20210316 180700;8.474220;8.474720;8.473930;8.474250;0
20210316 180800;8.474220;8.474630;8.472550;8.472630;0
20210316 180900;8.472630;8.473820;8.472630;8.473120;0
20210316 181000;8.473220;8.473420;8.472920;8.473030;0
20210316 181100;8.472730;8.473920;8.472730;8.473920;0
20210316 181200;8.473830;8.473830;8.473120;8.473520;0
20210316 181300;8.473320;8.473530;8.473120;8.473420;0
20210316 181400;8.473320;8.473420;8.472620;8.473420;0
20210316 181500;8.473320;8.474220;8.471720;8.471920;0
20210316 181600;8.471820;8.473920;8.471820;8.473420;0
20210316 181700;8.473530;8.473600;8.472120;8.472120;0
20210316 181800;8.472220;8.474720;8.472160;8.472680;0
20210316 181900;8.472680;8.474420;8.472270;8.474320;0
20210316 182000;8.473820;8.475230;8.472940;8.474820;0
20210316 182100;8.475120;8.475120;8.473030;8.474120;0
20210316 182200;8.474030;8.474520;8.473020;8.474400;0
20210316 182300;8.474400;8.474420;8.472920;8.474240;0
20210316 182400;8.473990;8.474600;8.472910;8.473920;0
20210316 182500;8.473960;8.474210;8.472720;8.474200;0
20210316 182600;8.474210;8.474210;8.472750;8.473310;0
20210316 182700;8.473310;8.474420;8.472870;8.474230;0
20210316 182800;8.474120;8.476970;8.473120;8.474660;0
20210316 182900;8.474610;8.478890;8.473120;8.475320;0
20210316 183000;8.475420;8.475830;8.473820;8.475120;0
20210316 183100;8.474920;8.475320;8.473250;8.473820;0
20210316 183200;8.474030;8.477520;8.472520;8.473580;0
20210316 183300;8.473580;8.477110;8.472420;8.474520;0
20210316 183400;8.474420;8.477220;8.472640;8.472780;0
20210316 183500;8.472750;8.474230;8.472220;8.472970;0
20210316 183600;8.473230;8.474660;8.472430;8.473220;0
20210316 183700;8.473320;8.474630;8.472220;8.473520;0
20210316 183800;8.473620;8.474230;8.472360;8.472450;0
20210316 183900;8.472720;8.473190;8.472120;8.473090;0
20210316 184000;8.473220;8.476490;8.472180;8.474720;0
20210316 184100;8.474720;8.475660;8.473830;8.474120;0
20210316 184200;8.474220;8.475020;8.472890;8.473820;0
20210316 184300;8.473630;8.476480;8.472730;8.475840;0
20210316 184400;8.475720;8.476240;8.471520;8.472220;0
20210316 184500;8.472220;8.473920;8.471220;8.473320;0
20210316 184600;8.473020;8.474950;8.471850;8.472620;0
20210316 184700;8.472020;8.474290;8.471720;8.473520;0
20210316 184800;8.473390;8.475220;8.473100;8.474130;0
20210316 184900;8.474220;8.475450;8.473720;8.474230;0
20210316 185000;8.474320;8.477330;8.471720;8.473320;0
20210316 185100;8.473520;8.474220;8.472630;8.473020;0
20210316 185200;8.473020;8.475320;8.473020;8.475320;0
20210316 185300;8.474720;8.476920;8.473610;8.474020;0
20210316 185400;8.474020;8.475020;8.473300;8.474620;0
20210316 185500;8.474530;8.476750;8.473980;8.476020;0
20210316 185600;8.475920;8.481770;8.474920;8.479520;0
20210316 185700;8.479280;8.479280;8.474340;8.475690;0
20210316 185800;8.475730;8.477420;8.475120;8.476330;0
20210316 185900;8.476230;8.476230;8.475620;8.475720;0
20210316 190000;8.475720;8.480050;8.475720;8.476810;0
20210316 190100;8.476850;8.477640;8.473920;8.475620;0
20210316 190200;8.475530;8.475530;8.472510;8.473020;0
20210316 190300;8.472920;8.481370;8.472120;8.475100;0
20210316 190400;8.475060;8.477230;8.474850;8.476120;0
20210316 190500;8.476220;8.477220;8.472620;8.473990;0
20210316 190600;8.473820;8.477420;8.472410;8.475250;0
20210316 190700;8.475250;8.475250;8.472040;8.473920;0
20210316 190800;8.473830;8.476420;8.471530;8.474720;0
20210316 190900;8.474820;8.476420;8.471220;8.472820;0
20210316 191000;8.472720;8.474520;8.471320;8.473720;0
20210316 191100;8.472920;8.475120;8.471910;8.473630;0
20210316 191200;8.473730;8.474130;8.471350;8.473220;0
20210316 191300;8.473020;8.473620;8.471050;8.473520;0
20210316 191400;8.473620;8.473730;8.471120;8.472820;0
20210316 191500;8.473520;8.478420;8.472320;8.474720;0
20210316 191600;8.474820;8.476220;8.473920;8.475520;0
20210316 191700;8.475420;8.479020;8.475420;8.477920;0
20210316 191800;8.477820;8.479450;8.474610;8.474920;0
20210316 191900;8.474960;8.476430;8.474720;8.475730;0
20210316 192000;8.475390;8.477120;8.473710;8.476280;0
20210316 192100;8.476460;8.477360;8.474210;8.475640;0
20210316 192200;8.475260;8.477300;8.473820;8.477290;0
20210316 192300;8.477610;8.477620;8.474110;8.475340;0
20210316 192400;8.475340;8.477220;8.473510;8.475730;0
20210316 192500;8.475720;8.475790;8.471450;8.474060;0
20210316 192600;8.472940;8.481990;8.472340;8.476360;0
20210316 192700;8.476360;8.481670;8.475570;8.476180;0
20210316 192800;8.476190;8.476220;8.474610;8.475320;0
20210316 192900;8.475220;8.477720;8.474020;8.474620;0
20210316 193000;8.474520;8.475920;8.471500;8.474030;0
20210316 193100;8.474120;8.475330;8.473210;8.474520;0
20210316 193200;8.474620;8.475820;8.472720;8.473820;0
20210316 193300;8.473930;8.474820;8.472110;8.473730;0
20210316 193400;8.472920;8.477520;8.472820;8.477320;0
20210316 193500;8.477520;8.478120;8.475160;8.476720;0
20210316 193600;8.476820;8.477320;8.475510;8.476620;0
20210316 193700;8.476520;8.479310;8.473160;8.473160;0
20210316 193800;8.474230;8.474530;8.471520;8.472460;0
20210316 193900;8.474320;8.477220;8.472750;8.472750;0
20210316 194000;8.472620;8.480520;8.472620;8.477930;0
20210316 194100;8.477640;8.481520;8.474250;8.474670;0
20210316 194200;8.474670;8.475420;8.473020;8.473020;0
20210316 194300;8.473030;8.476720;8.473000;8.473020;0
20210316 194400;8.473220;8.480320;8.472840;8.474350;0
20210316 194500;8.473910;8.478270;8.473910;8.474720;0
20210316 194600;8.474730;8.480740;8.473420;8.473420;0
20210316 194700;8.473520;8.476220;8.472510;8.475220;0
20210316 194800;8.475730;8.481650;8.475040;8.476320;0
20210316 194900;8.476420;8.476620;8.474520;8.475120;0
20210316 195000;8.475020;8.478730;8.474120;8.474820;0
20210316 195100;8.475020;8.476920;8.474230;8.475620;0
20210316 195200;8.475720;8.481470;8.474960;8.479780;0
20210316 195300;8.479780;8.482160;8.478930;8.481070;0
20210316 195400;8.481070;8.483440;8.479380;8.481060;0
20210316 195500;8.481060;8.482180;8.479110;8.480770;0
20210316 195600;8.480780;8.484130;8.480130;8.480900;0
20210316 195700;8.480890;8.481640;8.476570;8.476570;0
20210316 195800;8.477330;8.478520;8.476940;8.477790;0
20210316 195900;8.478050;8.481180;8.474660;8.474660;0
20210316 200000;8.477780;8.483420;8.477390;8.481640;0
20210316 200100;8.482070;8.482720;8.479320;8.481480;0
20210316 200200;8.481420;8.490400;8.478820;8.484380;0
20210316 200300;8.484190;8.484190;8.482150;8.483480;0
20210316 200400;8.483480;8.486180;8.480680;8.483080;0
20210316 200500;8.483180;8.483520;8.481480;8.482380;0
20210316 200600;8.482280;8.482380;8.479490;8.479580;0
20210316 200700;8.479680;8.481420;8.478250;8.479250;0
20210316 200800;8.479210;8.480190;8.477580;8.478890;0
20210316 200900;8.478680;8.480660;8.477780;8.480290;0
20210316 201000;8.480390;8.482620;8.480250;8.481690;0
20210316 201100;8.482320;8.483720;8.480990;8.481720;0
20210316 201200;8.481720;8.482530;8.478280;8.479020;0
20210316 201300;8.478630;8.482680;8.476810;8.480620;0
20210316 201400;8.480720;8.486030;8.480720;8.486030;0
20210316 201500;8.486020;8.486330;8.484410;8.484480;0
20210316 201600;8.485230;8.486420;8.480620;8.481430;0
20210316 201700;8.481380;8.482730;8.478420;8.481690;0
20210316 201800;8.481680;8.485380;8.480940;8.484980;0
20210316 201900;8.484980;8.486530;8.484160;8.484380;0
20210316 202000;8.484280;8.485820;8.483320;8.483680;0
20210316 202100;8.483110;8.485020;8.483110;8.484380;0
20210316 202200;8.484280;8.486020;8.483710;8.484490;0
20210316 202300;8.484590;8.485830;8.484480;8.485830;0
20210316 202400;8.485870;8.486330;8.485160;8.485200;0
20210316 202500;8.485200;8.486400;8.484780;8.485380;0
20210316 202600;8.485420;8.486540;8.485240;8.485910;0
20210316 202700;8.485960;8.487520;8.485920;8.486850;0
20210316 202800;8.486950;8.489920;8.486060;8.486460;0
20210316 202900;8.486180;8.487220;8.486180;8.486710;0
20210316 203000;8.486760;8.495370;8.486330;8.491040;0
20210316 203100;8.491040;8.491320;8.487820;8.490840;0
20210316 203200;8.490840;8.491350;8.488020;8.489720;0
20210316 203300;8.489830;8.490820;8.487620;8.490220;0
20210316 203400;8.490120;8.490120;8.488860;8.489290;0
20210316 203500;8.489370;8.489970;8.487130;8.487930;0
20210316 203600;8.488020;8.498500;8.487990;8.494880;0
20210316 203700;8.494880;8.495220;8.493360;8.494020;0
20210316 203800;8.494270;8.494270;8.487820;8.489920;0
20210316 203900;8.490220;8.492110;8.488020;8.488820;0
20210316 204000;8.488720;8.491120;8.488420;8.490420;0
20210316 204100;8.490310;8.491220;8.489170;8.490250;0
20210316 204200;8.490250;8.490620;8.485470;8.487970;0
20210316 204300;8.487970;8.491480;8.485960;8.491380;0
20210316 204400;8.491280;8.494120;8.486720;8.490380;0
20210316 204500;8.490280;8.490820;8.485480;8.488520;0
20210316 204600;8.488520;8.488530;8.483540;8.486460;0
20210316 204700;8.486100;8.487930;8.483940;8.485320;0
20210316 204800;8.485320;8.486290;8.483320;8.484020;0
20210316 204900;8.483930;8.487420;8.483530;8.486310;0
20210316 205000;8.486500;8.488020;8.485710;8.487280;0
20210316 205100;8.487290;8.487420;8.480490;8.483620;0
20210316 205200;8.483520;8.485600;8.480650;8.483040;0
20210316 205300;8.483040;8.488810;8.482850;8.487020;0
20210316 205400;8.487030;8.487220;8.485750;8.485920;0
20210316 205500;8.485850;8.486150;8.484720;8.485010;0
20210316 205600;8.485110;8.485120;8.476920;8.479420;0
20210316 205700;8.479330;8.482920;8.478030;8.478820;0
20210316 205800;8.478730;8.480600;8.478120;8.480600;0
20210316 205900;8.480630;8.481730;8.480590;8.481730;0
20210316 210000;8.481550;8.481920;8.481450;8.481760;0
20210316 210100;8.481690;8.482220;8.481690;8.482160;0
20210316 210200;8.482430;8.482430;8.481950;8.482160;0
20210316 210300;8.482220;8.482520;8.481750;8.481750;0
20210316 210400;8.481560;8.482020;8.481180;8.481180;0
20210316 210500;8.481350;8.489890;8.481350;8.486550;0
20210316 210600;8.486050;8.489360;8.484490;8.485660;0
20210316 210700;8.485850;8.488360;8.484060;8.485150;0
20210316 210800;8.485160;8.487050;8.483850;8.485350;0
20210316 210900;8.485260;8.489850;8.484620;8.487550;0
20210316 211000;8.487550;8.490250;8.486350;8.486850;0
20210316 211100;8.486850;8.489370;8.485150;8.485350;0
20210316 211200;8.485450;8.486620;8.485040;8.485890;0
20210316 211300;8.485860;8.485860;8.485140;8.485280;0
20210316 211400;8.485240;8.485410;8.485140;8.485300;0
20210316 211500;8.485420;8.485530;8.484930;8.484930;0
20210316 211600;8.484730;8.487350;8.483970;8.484670;0
20210316 211700;8.484170;8.484720;8.483990;8.484330;0
20210316 211800;8.484230;8.484790;8.484080;8.484470;0
20210316 211900;8.484510;8.484510;8.484190;8.484230;0
20210316 212000;8.484280;8.484560;8.484280;8.484560;0
20210316 212100;8.484680;8.486020;8.484680;8.484950;0
20210316 212200;8.485220;8.485350;8.484550;8.485050;0
20210316 212300;8.485160;8.485620;8.484960;8.484960;0
20210316 212400;8.485010;8.485200;8.484900;8.485200;0
20210316 212500;8.485200;8.486130;8.484550;8.485150;0
20210316 212600;8.484970;8.486520;8.484320;8.484920;0
20210316 212700;8.484930;8.488200;8.483750;8.484320;0
20210316 212800;8.484420;8.485640;8.482750;8.483620;0
20210316 212900;8.483730;8.487050;8.483220;8.484420;0
20210316 213000;8.484420;8.486950;8.483150;8.483920;0
20210316 213100;8.483830;8.485240;8.483250;8.484730;0
20210316 213200;8.484430;8.486760;8.482850;8.484420;0
20210316 213300;8.484520;8.485820;8.483520;8.484820;0
20210316 213400;8.484720;8.485120;8.484160;8.484920;0
20210316 213500;8.484920;8.485020;8.483970;8.484440;0
20210316 213600;8.484490;8.485020;8.483890;8.485020;0
20210316 213700;8.484930;8.488160;8.483450;8.485420;0
20210316 213800;8.485720;8.489050;8.484620;8.486230;0
20210316 213900;8.486460;8.488560;8.484350;8.484350;0
20210316 214000;8.485220;8.485530;8.483780;8.483780;0
20210316 214100;8.483820;8.485320;8.483780;8.484120;0
20210316 214200;8.484250;8.485920;8.484050;8.485700;0
20210316 214300;8.485520;8.486120;8.484950;8.485930;0
20210316 214400;8.485940;8.488750;8.484990;8.486100;0
20210316 214500;8.486190;8.488760;8.486100;8.486940;0
20210316 214600;8.487100;8.488530;8.487100;8.487670;0
20210316 214700;8.488050;8.491550;8.487950;8.489820;0
20210316 214800;8.489820;8.490260;8.484050;8.484250;0
20210316 214900;8.484250;8.486550;8.481620;8.483550;0
20210316 215000;8.483550;8.490430;8.483550;8.487320;0
20210316 215100;8.487320;8.488830;8.486630;8.487550;0
20210316 215200;8.487550;8.490850;8.486960;8.487550;0
20210316 215300;8.487050;8.488160;8.481320;8.482230;0
20210316 215400;8.482220;8.486060;8.480830;8.482220;0
20210316 215500;8.482020;8.486420;8.481250;8.485720;0
20210316 215600;8.485820;8.487020;8.485120;8.486420;0
20210316 215700;8.486330;8.486700;8.484050;8.484520;0
20210316 215800;8.484620;8.487150;8.483120;8.484720;0
20210316 215900;8.484820;8.485270;8.483070;8.484520;0
20210316 220000;8.484420;8.484820;8.483120;8.484300;0
20210316 220100;8.484320;8.484720;8.482850;8.483590;0
20210316 220200;8.483600;8.484750;8.474730;8.475180;0
20210316 220300;8.475420;8.481750;8.474460;8.475350;0
20210316 220400;8.475360;8.480520;8.474750;8.479350;0
20210316 220500;8.479350;8.481170;8.478580;8.479130;0
20210316 220600;8.479220;8.482450;8.478750;8.480550;0
20210316 220700;8.480550;8.482410;8.479950;8.480730;0
20210316 220800;8.480620;8.485020;8.480020;8.481050;0
20210316 220900;8.481120;8.483800;8.480480;8.481430;0
20210316 221000;8.481420;8.482580;8.480620;8.481470;0
20210316 221100;8.481470;8.482970;8.480810;8.481600;0
20210316 221200;8.481640;8.485250;8.480960;8.481700;0
20210316 221300;8.481690;8.487280;8.481690;8.482770;0
20210316 221400;8.482770;8.483750;8.482400;8.483670;0
20210316 221500;8.483800;8.486050;8.483150;8.484130;0
20210316 221600;8.484150;8.484220;8.482470;8.483030;0
20210316 221700;8.483020;8.484950;8.481120;8.482620;0
20210316 221800;8.482720;8.485560;8.481690;8.483810;0
20210316 221900;8.483800;8.483970;8.482250;8.482820;0
20210316 222000;8.482730;8.483220;8.481550;8.482920;0
20210316 222100;8.482920;8.483300;8.482330;8.483150;0
20210316 222200;8.483150;8.483730;8.482440;8.482940;0
20210316 222300;8.483300;8.484150;8.483090;8.483190;0
20210316 222400;8.483150;8.483560;8.483150;8.483260;0
20210316 222500;8.483620;8.484010;8.483190;8.483260;0
20210316 222600;8.483210;8.483720;8.483020;8.483470;0
20210316 222700;8.483380;8.484670;8.482820;8.483310;0
20210316 222800;8.483310;8.484080;8.483060;8.483060;0
20210316 222900;8.483060;8.484080;8.482670;8.483170;0
20210316 223000;8.483310;8.485380;8.483310;8.484260;0
20210316 223100;8.484250;8.484820;8.483550;8.483550;0
20210316 223200;8.483550;8.484710;8.483510;8.484000;0
20210316 223300;8.484030;8.484730;8.483970;8.484600;0
20210316 223400;8.484600;8.484850;8.483320;8.483780;0
20210316 223500;8.483790;8.484360;8.483490;8.483780;0
20210316 223600;8.483790;8.484830;8.483740;8.484750;0
20210316 223700;8.484760;8.485220;8.484120;8.484220;0
20210316 223800;8.484220;8.485030;8.483530;8.484220;0
20210316 223900;8.484220;8.485720;8.483710;8.484650;0
20210316 224000;8.484650;8.485420;8.483990;8.484450;0
20210316 224100;8.484450;8.485970;8.484050;8.485970;0
20210316 224200;8.485840;8.486420;8.485230;8.486120;0
20210316 224300;8.486120;8.489120;8.485050;8.485600;0
20210316 224400;8.485420;8.486270;8.484920;8.486000;0
20210316 224500;8.486030;8.486390;8.484960;8.485700;0
20210316 224600;8.485700;8.486110;8.484720;8.485450;0
20210316 224700;8.485450;8.485960;8.484250;8.485250;0
20210316 224800;8.485260;8.485520;8.484430;8.485300;0
20210316 224900;8.485050;8.486640;8.484850;8.486640;0
20210316 225000;8.486250;8.487830;8.485820;8.486900;0
20210316 225100;8.486870;8.487460;8.486650;8.487450;0
20210316 225200;8.487450;8.487530;8.486770;8.487050;0
20210316 225300;8.487070;8.487620;8.486160;8.486250;0
20210316 225400;8.486250;8.486320;8.485220;8.485420;0
20210316 225500;8.485320;8.486020;8.484820;8.485420;0
20210316 225600;8.485320;8.486230;8.485030;8.485030;0
20210316 225700;8.485130;8.486020;8.484890;8.485660;0
20210316 225800;8.485650;8.486420;8.484940;8.485620;0
20210316 225900;8.485720;8.485950;8.484920;8.485450;0
20210316 230000;8.485450;8.486930;8.485450;8.485720;0
20210316 230100;8.485720;8.486620;8.485620;8.486220;0
20210316 230200;8.486220;8.486830;8.485650;8.485920;0
20210316 230300;8.485820;8.486630;8.485420;8.486430;0
20210316 230400;8.486420;8.486630;8.485550;8.485820;0
20210316 230500;8.485820;8.486330;8.485250;8.485720;0
20210316 230600;8.485720;8.487220;8.485550;8.487020;0
20210316 230700;8.487130;8.487130;8.486250;8.486250;0
20210316 230800;8.486250;8.486250;8.485020;8.485020;0
20210316 230900;8.485070;8.486020;8.484980;8.485960;0
20210316 231000;8.485960;8.487130;8.485950;8.486450;0
20210316 231100;8.486450;8.487120;8.486450;8.486650;0
20210316 231200;8.486650;8.486930;8.485450;8.485550;0
20210316 231300;8.485550;8.486560;8.485550;8.486030;0
20210316 231400;8.485930;8.486520;8.485650;8.486050;0
20210316 231500;8.486050;8.487020;8.485970;8.486550;0
20210316 231600;8.486560;8.487720;8.486550;8.487220;0
20210316 231700;8.487120;8.487630;8.486850;8.486850;0
20210316 231800;8.486850;8.487420;8.486020;8.486060;0
20210316 231900;8.486050;8.487220;8.485850;8.487050;0
20210316 232000;8.487050;8.487630;8.486750;8.487120;0
20210316 232100;8.487120;8.487420;8.486130;8.487020;0
20210316 232200;8.486820;8.487530;8.486430;8.486920;0
20210316 232300;8.486920;8.487620;8.486250;8.487220;0
20210316 232400;8.487130;8.487440;8.486340;8.486920;0
20210316 232500;8.486920;8.487670;8.486220;8.486620;0
20210316 232600;8.486730;8.487070;8.486040;8.486220;0
20210316 232700;8.486120;8.486900;8.485540;8.485820;0
20210316 232800;8.486000;8.486840;8.485410;8.486540;0
20210316 232900;8.486530;8.486530;8.485120;8.485340;0
20210316 233000;8.485340;8.486240;8.485150;8.485620;0
20210316 233100;8.485630;8.486220;8.485170;8.486220;0
20210316 233200;8.486220;8.486310;8.485000;8.485630;0
20210316 233300;8.485630;8.486130;8.485070;8.485720;0
20210316 233400;8.485620;8.486030;8.485150;8.485520;0
20210316 233500;8.485720;8.485830;8.484910;8.485420;0
20210316 233600;8.485620;8.485660;8.484380;8.485060;0
20210316 233700;8.484780;8.485450;8.484390;8.485310;0
20210316 233800;8.484700;8.485410;8.484180;8.484840;0
20210316 233900;8.484840;8.484940;8.483770;8.483770;0
20210316 234000;8.483800;8.484360;8.483710;8.484090;0
20210316 234100;8.484820;8.484830;8.483390;8.483920;0
20210316 234200;8.483950;8.484800;8.483800;8.484250;0
20210316 234300;8.484120;8.485150;8.483910;8.484950;0
20210316 234400;8.484950;8.485030;8.483950;8.484630;0
20210316 234500;8.484750;8.485030;8.484230;8.484460;0
20210316 234600;8.484150;8.485240;8.484130;8.484800;0
20210316 234700;8.484680;8.485030;8.484180;8.484760;0
20210316 234800;8.484760;8.485030;8.484020;8.484360;0
20210316 234900;8.484520;8.485430;8.483850;8.485160;0
20210316 235000;8.485150;8.485530;8.484620;8.485150;0
20210316 235100;8.485220;8.486130;8.484910;8.485750;0
20210316 235200;8.485960;8.486250;8.484520;8.484520;0
20210316 235300;8.484730;8.485160;8.483780;8.484150;0
20210316 235400;8.484370;8.484730;8.483750;8.484350;0
20210316 235500;8.484350;8.484530;8.483750;8.484150;0
20210316 235600;8.484150;8.484580;8.483520;8.483660;0
20210316 235700;8.483680;8.484130;8.483420;8.483590;0
20210316 235800;8.483630;8.483820;8.482890;8.483750;0
20210316 235900;8.483610;8.483610;8.482650;8.482830;0
20210317 000000;8.482780;8.483420;8.482590;8.482590;0
20210317 000100;8.482590;8.482740;8.482090;8.482600;0
20210317 000200;8.482380;8.482870;8.482380;8.482870;0
20210317 000300;8.482850;8.484130;8.482850;8.483450;0
20210317 000400;8.483520;8.484060;8.483100;8.483520;0
20210317 000500;8.483520;8.484360;8.483350;8.484020;0
20210317 000600;8.484050;8.484050;8.482790;8.482790;0
20210317 000700;8.482790;8.484030;8.482470;8.483720;0
20210317 000800;8.483650;8.483760;8.483070;8.483420;0
20210317 000900;8.483520;8.483920;8.482520;8.482930;0
20210317 001000;8.483130;8.483820;8.482250;8.482920;0
20210317 001100;8.482920;8.483530;8.482480;8.483120;0
20210317 001200;8.483120;8.483320;8.482230;8.483020;0
20210317 001300;8.483030;8.485230;8.483020;8.485120;0
20210317 001400;8.485220;8.486020;8.485120;8.486020;0
20210317 001500;8.485920;8.486120;8.485390;8.485480;0
20210317 001600;8.485850;8.486150;8.485650;8.485950;0
20210317 001700;8.485960;8.486150;8.485650;8.485950;0
20210317 001800;8.486160;8.486320;8.485220;8.485850;0
20210317 001900;8.485850;8.486220;8.485430;8.485750;0
20210317 002000;8.485960;8.486620;8.485960;8.486150;0
20210317 002100;8.486150;8.486730;8.485690;8.486150;0
20210317 002200;8.486150;8.486530;8.486120;8.486150;0
20210317 002300;8.486150;8.486530;8.486050;8.486350;0
20210317 002400;8.486350;8.487220;8.486180;8.486950;0
20210317 002500;8.486950;8.487220;8.486120;8.486550;0
20210317 002600;8.486550;8.486720;8.486120;8.486450;0
20210317 002700;8.486450;8.486730;8.485650;8.486150;0
20210317 002800;8.486150;8.486560;8.486150;8.486550;0
20210317 002900;8.486550;8.486550;8.485390;8.485860;0
20210317 003000;8.485850;8.486550;8.485120;8.485350;0
20210317 003100;8.485350;8.485930;8.484920;8.485560;0
20210317 003200;8.485550;8.486330;8.485480;8.485550;0
20210317 003300;8.485550;8.486450;8.485180;8.486450;0
20210317 003400;8.486450;8.487160;8.485820;8.486060;0
20210317 003500;8.486060;8.486660;8.486060;8.486660;0
20210317 003600;8.486650;8.486850;8.486080;8.486550;0
20210317 003700;8.486550;8.487050;8.485880;8.486350;0
20210317 003800;8.486350;8.486660;8.484920;8.485250;0
20210317 003900;8.485250;8.486720;8.484850;8.485550;0
20210317 004000;8.485460;8.485630;8.484600;8.485270;0
20210317 004100;8.485180;8.485920;8.485160;8.485920;0
20210317 004200;8.485920;8.486330;8.485020;8.485620;0
20210317 004300;8.485720;8.486420;8.485360;8.486230;0
20210317 004400;8.486120;8.486720;8.485020;8.486620;0
20210317 004500;8.486920;8.486920;8.485820;8.486130;0
20210317 004600;8.486320;8.486720;8.485370;8.486230;0
20210317 004700;8.486120;8.486120;8.484670;8.485020;0
20210317 004800;8.484950;8.485730;8.484950;8.485620;0
20210317 004900;8.485520;8.485720;8.485050;8.485720;0
20210317 005000;8.485820;8.485820;8.485060;8.485210;0
20210317 005100;8.485140;8.485320;8.485010;8.485320;0
20210317 005200;8.485220;8.485420;8.484850;8.484850;0
20210317 005300;8.485120;8.485120;8.484240;8.484950;0
20210317 005400;8.485220;8.485460;8.484890;8.485460;0
20210317 005500;8.485450;8.486360;8.484890;8.486350;0
20210317 005600;8.486350;8.486650;8.485920;8.486650;0
20210317 005700;8.486650;8.486820;8.485850;8.486560;0
20210317 005800;8.486750;8.487430;8.486380;8.486650;0
20210317 005900;8.486560;8.487520;8.486120;8.486320;0
20210317 010000;8.486420;8.486920;8.484510;8.485160;0
20210317 010100;8.485320;8.486080;8.485080;8.485870;0
20210317 010200;8.485870;8.485870;8.484970;8.484970;0
20210317 010300;8.484820;8.484820;8.484820;8.484820;0
20210317 010400;8.484890;8.484890;8.484390;8.484430;0
20210317 010500;8.484620;8.485420;8.484400;8.485120;0
20210317 010600;8.485220;8.485220;8.483840;8.485000;0
20210317 010700;8.484930;8.484930;8.482850;8.482850;0
20210317 010800;8.482730;8.482930;8.482370;8.482640;0
20210317 010900;8.482730;8.482730;8.482640;8.482650;0
20210317 011000;8.482500;8.482500;8.482150;8.482150;0
20210317 011100;8.482030;8.482030;8.481050;8.481520;0
20210317 011200;8.481420;8.481420;8.480680;8.480680;0
20210317 011300;8.480910;8.480910;8.480260;8.480260;0
20210317 011400;8.480520;8.481020;8.480520;8.480740;0
20210317 011500;8.480880;8.481520;8.480330;8.480400;0
20210317 011600;8.480340;8.480470;8.478640;8.478830;0
20210317 011700;8.479720;8.480580;8.478100;8.478100;0
20210317 011800;8.478090;8.478090;8.477040;8.477040;0
20210317 011900;8.477050;8.477320;8.476630;8.476630;0
20210317 012000;8.476630;8.476920;8.476280;8.476350;0
20210317 012100;8.476290;8.476350;8.476130;8.476130;0
20210317 012200;8.476290;8.476710;8.476060;8.476130;0
20210317 012300;8.476350;8.476860;8.476350;8.476700;0
20210317 012400;8.476840;8.476840;8.476270;8.476270;0
20210317 012500;8.476200;8.476920;8.476200;8.476570;0
20210317 012600;8.476420;8.476550;8.475770;8.475930;0
20210317 012700;8.476020;8.476340;8.475520;8.476210;0
20210317 012800;8.476070;8.476070;8.475410;8.475550;0
20210317 012900;8.475480;8.475480;8.475050;8.475050;0
20210317 013000;8.475090;8.475520;8.474880;8.474880;0
20210317 013100;8.474980;8.474980;8.474730;8.474730;0
20210317 013200;8.474450;8.474450;8.473700;8.473850;0
20210317 013300;8.473940;8.474720;8.473940;8.474710;0
20210317 013400;8.474920;8.475560;8.474710;8.475420;0
20210317 013500;8.475560;8.476060;8.475560;8.475780;0
20210317 013600;8.475930;8.475990;8.475420;8.475850;0
20210317 013700;8.475710;8.475710;8.475520;8.475560;0
20210317 013800;8.475420;8.475420;8.474480;8.474910;0
20210317 013900;8.474850;8.475270;8.474850;8.475120;0
20210317 014000;8.475120;8.475280;8.475120;8.475270;0
20210317 014100;8.475270;8.475690;8.475270;8.475480;0
20210317 014200;8.475550;8.475770;8.475120;8.475120;0
20210317 014300;8.475200;8.475410;8.475130;8.475130;0
20210317 014400;8.475270;8.475270;8.474270;8.474340;0
20210317 014500;8.474410;8.474410;8.474130;8.474270;0
20210317 014600;8.474420;8.474700;8.474410;8.474700;0
20210317 014700;8.474840;8.475140;8.474840;8.475140;0
20210317 014800;8.475270;8.475340;8.475120;8.475340;0
20210317 014900;8.475480;8.475820;8.475480;8.475780;0
20210317 015000;8.475910;8.476020;8.475490;8.475690;0
20210317 015100;8.475620;8.475840;8.474990;8.475140;0
20210317 015200;8.475130;8.475340;8.474990;8.474990;0
20210317 015300;8.474840;8.474840;8.474700;8.474700;0
20210317 015400;8.474550;8.474550;8.474410;8.474410;0
20210317 015500;8.474220;8.474220;8.474080;8.474080;0
20210317 015600;8.474220;8.474220;8.473660;8.474070;0
20210317 015700;8.474220;8.474360;8.474000;8.474000;0
20210317 015800;8.474150;8.475020;8.465820;8.470520;0
20210317 015900;8.470510;8.474800;8.470140;8.473470;0
20210317 020000;8.473470;8.473480;8.468540;8.471320;0
20210317 020100;8.471620;8.472620;8.470980;8.471250;0
20210317 020200;8.471230;8.471240;8.468600;8.469200;0
20210317 020300;8.469270;8.470770;8.468270;8.469640;0
20210317 020400;8.469570;8.472150;8.469310;8.471430;0
20210317 020500;8.471270;8.474190;8.471210;8.473970;0
20210317 020600;8.474010;8.474580;8.473630;8.474390;0
20210317 020700;8.474620;8.476600;8.474620;8.476510;0
20210317 020800;8.476430;8.476430;8.474030;8.474150;0
20210317 020900;8.474150;8.474160;8.472760;8.473590;0
20210317 021000;8.473740;8.474850;8.473740;8.474500;0
20210317 021100;8.474510;8.475780;8.474400;8.475780;0
20210317 021200;8.475780;8.476050;8.474410;8.475050;0
20210317 021300;8.475040;8.475040;8.474380;8.474680;0
20210317 021400;8.474670;8.475010;8.474570;8.475010;0
20210317 021500;8.474860;8.476060;8.474860;8.476060;0
20210317 021600;8.476070;8.479870;8.476070;8.479220;0
20210317 021700;8.479300;8.480760;8.478300;8.479260;0
20210317 021800;8.479260;8.480040;8.479260;8.479530;0
20210317 021900;8.479530;8.483120;8.479530;8.482520;0
20210317 022000;8.482510;8.484930;8.482510;8.484820;0
20210317 022100;8.484720;8.486030;8.483930;8.485070;0
20210317 022200;8.485080;8.486200;8.485070;8.486200;0
20210317 022300;8.486210;8.487030;8.485710;8.486400;0
20210317 022400;8.486320;8.486340;8.484760;8.484970;0
20210317 022500;8.484980;8.485980;8.483070;8.483490;0
20210317 022600;8.483500;8.483920;8.483130;8.483240;0
20210317 022700;8.483340;8.483410;8.480830;8.482340;0
20210317 022800;8.482450;8.483720;8.481910;8.482070;0
20210317 022900;8.482120;8.482120;8.481570;8.481570;0
20210317 023000;8.481530;8.481970;8.481050;8.481210;0
20210317 023100;8.481210;8.481920;8.480560;8.480560;0
20210317 023200;8.480570;8.480730;8.480160;8.480250;0
20210317 023300;8.480310;8.480830;8.480310;8.480590;0
20210317 023400;8.480590;8.481230;8.479780;8.479780;0
20210317 023500;8.479650;8.479920;8.479230;8.479230;0
20210317 023600;8.479230;8.479280;8.475290;8.476360;0
20210317 023700;8.476280;8.482050;8.476280;8.481970;0
20210317 023800;8.482190;8.483040;8.481370;8.481690;0
20210317 023900;8.481680;8.482130;8.480520;8.482120;0
20210317 024000;8.481130;8.481950;8.480190;8.481880;0
20210317 024100;8.481610;8.482560;8.481420;8.481900;0
20210317 024200;8.481880;8.484460;8.481880;8.484430;0
20210317 024300;8.484430;8.484430;8.481740;8.481740;0
20210317 024400;8.481490;8.482340;8.481030;8.482020;0
20210317 024500;8.481920;8.483870;8.481560;8.483140;0
20210317 024600;8.483120;8.483620;8.479150;8.480240;0
20210317 024700;8.480390;8.484100;8.480390;8.483660;0
20210317 024800;8.483660;8.483660;8.482420;8.482700;0
20210317 024900;8.482700;8.484040;8.482700;8.483320;0
20210317 025000;8.483230;8.485820;8.483230;8.485330;0
20210317 025100;8.485240;8.485540;8.483270;8.483740;0
20210317 025200;8.484020;8.484960;8.483160;8.483160;0
20210317 025300;8.483350;8.484880;8.482880;8.484590;0
20210317 025400;8.484590;8.485580;8.484590;8.485410;0
20210317 025500;8.485410;8.488000;8.484850;8.486960;0
20210317 025600;8.486740;8.488330;8.486540;8.488100;0
20210317 025700;8.488120;8.488230;8.487230;8.487230;0
20210317 025800;8.487170;8.487690;8.485900;8.487670;0
20210317 025900;8.487580;8.494490;8.487380;8.492810;0
20210317 030000;8.492810;8.492820;8.490970;8.491240;0
20210317 030100;8.491450;8.491450;8.485730;8.490260;0
20210317 030200;8.490360;8.491340;8.489130;8.490070;0
20210317 030300;8.490110;8.490720;8.489880;8.490190;0
20210317 030400;8.490150;8.490710;8.488620;8.488780;0
20210317 030500;8.488690;8.491310;8.488280;8.490360;0
20210317 030600;8.490360;8.491920;8.489710;8.491500;0
20210317 030700;8.491500;8.492010;8.490580;8.491890;0
20210317 030800;8.491670;8.492310;8.490910;8.490910;0
20210317 030900;8.491150;8.492710;8.491150;8.491250;0
20210317 031000;8.491360;8.491810;8.490650;8.490760;0
20210317 031100;8.490690;8.490690;8.487430;8.487430;0
20210317 031200;8.487570;8.487620;8.485640;8.486470;0
20210317 031300;8.486480;8.486610;8.485210;8.485210;0
20210317 031400;8.485310;8.485950;8.485300;8.485820;0
20210317 031500;8.486000;8.486390;8.485360;8.486350;0
20210317 031600;8.486350;8.487430;8.485990;8.487400;0
20210317 031700;8.487290;8.487500;8.485570;8.486600;0
20210317 031800;8.486800;8.488930;8.486420;8.488780;0
20210317 031900;8.488780;8.488780;8.487110;8.487980;0
20210317 032000;8.487860;8.487860;8.485790;8.486460;0
20210317 032100;8.486540;8.486980;8.486260;8.486260;0
20210317 032200;8.486220;8.486960;8.486050;8.486960;0
20210317 032300;8.486950;8.489080;8.486380;8.489080;0
20210317 032400;8.489080;8.489550;8.485320;8.487000;0
20210317 032500;8.487000;8.487980;8.486030;8.486460;0
20210317 032600;8.486340;8.489830;8.486340;8.489600;0
20210317 032700;8.489600;8.489600;8.486380;8.486430;0
20210317 032800;8.486420;8.488420;8.486420;8.488240;0
20210317 032900;8.488340;8.488460;8.487200;8.487570;0
20210317 033000;8.487410;8.487530;8.485460;8.486760;0
20210317 033100;8.486760;8.486940;8.485400;8.485410;0
20210317 033200;8.485280;8.485330;8.483600;8.484520;0
20210317 033300;8.484520;8.487920;8.484520;8.487800;0
20210317 033400;8.487800;8.488260;8.487200;8.488210;0
20210317 033500;8.488080;8.489110;8.487740;8.488750;0
20210317 033600;8.488650;8.488650;8.486700;8.486700;0
20210317 033700;8.486900;8.490310;8.486770;8.487130;0
20210317 033800;8.487060;8.487720;8.486910;8.487070;0
20210317 033900;8.487070;8.490090;8.487070;8.488610;0
20210317 034000;8.488600;8.488760;8.488060;8.488060;0
20210317 034100;8.488060;8.488060;8.487040;8.487090;0
20210317 034200;8.487010;8.488060;8.486720;8.487320;0
20210317 034300;8.487320;8.487540;8.484880;8.486110;0
20210317 034400;8.486160;8.486160;8.485030;8.485650;0
20210317 034500;8.485650;8.486090;8.485160;8.485760;0
20210317 034600;8.485750;8.485830;8.485150;8.485690;0
20210317 034700;8.485690;8.486060;8.485680;8.486030;0
20210317 034800;8.485990;8.486010;8.484510;8.485290;0
20210317 034900;8.485410;8.489550;8.485410;8.489540;0
20210317 035000;8.489720;8.492660;8.489540;8.492660;0
20210317 035100;8.492650;8.493760;8.492270;8.492270;0
20210317 035200;8.492210;8.492620;8.487130;8.489320;0
20210317 035300;8.489370;8.490990;8.488960;8.490980;0
20210317 035400;8.490980;8.491790;8.490360;8.490370;0
20210317 035500;8.490300;8.490600;8.487250;8.488440;0
20210317 035600;8.488360;8.489690;8.486660;8.486860;0
20210317 035700;8.486780;8.487730;8.486770;8.487470;0
20210317 035800;8.487560;8.487880;8.487160;8.487780;0
20210317 035900;8.487850;8.488600;8.487510;8.488600;0
20210317 040000;8.488390;8.488390;8.486960;8.488000;0
20210317 040100;8.488070;8.490880;8.488070;8.490810;0
20210317 040200;8.490800;8.491650;8.490630;8.491110;0
20210317 040300;8.491040;8.492260;8.490440;8.490970;0
20210317 040400;8.490960;8.490960;8.487820;8.487870;0
20210317 040500;8.487740;8.487740;8.483290;8.484260;0
20210317 040600;8.484380;8.484380;8.482900;8.482900;0
20210317 040700;8.482900;8.483640;8.481000;8.483340;0
20210317 040800;8.483420;8.483770;8.483120;8.483450;0
20210317 040900;8.483450;8.486030;8.482840;8.483370;0
20210317 041000;8.483450;8.486430;8.482900;8.483190;0
20210317 041100;8.483240;8.483250;8.480090;8.482860;0
20210317 041200;8.482830;8.482840;8.480370;8.480490;0
20210317 041300;8.480490;8.483150;8.480210;8.482840;0
20210317 041400;8.482670;8.482670;8.480730;8.481660;0
20210317 041500;8.481600;8.481890;8.480820;8.481070;0
20210317 041600;8.481070;8.482060;8.480140;8.481960;0
20210317 041700;8.481970;8.482320;8.479250;8.479250;0
20210317 041800;8.479120;8.480130;8.477780;8.477890;0
20210317 041900;8.477830;8.479120;8.477660;8.479120;0
20210317 042000;8.479130;8.479130;8.477590;8.478600;0
20210317 042100;8.478710;8.479390;8.478330;8.478830;0
20210317 042200;8.478890;8.480660;8.475140;8.476080;0
20210317 042300;8.476270;8.476270;8.474280;8.474480;0
20210317 042400;8.474480;8.477260;8.474220;8.477260;0
20210317 042500;8.477250;8.478230;8.476980;8.478230;0
20210317 042600;8.478160;8.478550;8.477110;8.477340;0
20210317 042700;8.477280;8.478050;8.474440;8.475630;0
20210317 042800;8.475730;8.475730;8.474430;8.475480;0
20210317 042900;8.475270;8.476860;8.475140;8.476600;0
20210317 043000;8.476660;8.476660;8.474690;8.474690;0
20210317 043100;8.474690;8.475390;8.474250;8.475330;0
20210317 043200;8.475270;8.476490;8.475130;8.476280;0
20210317 043300;8.476280;8.477590;8.476230;8.477040;0
20210317 043400;8.477040;8.477100;8.476060;8.476360;0
20210317 043500;8.476360;8.476650;8.476180;8.476190;0
20210317 043600;8.476510;8.476680;8.476330;8.476400;0
20210317 043700;8.476400;8.476400;8.475290;8.475900;0
20210317 043800;8.475900;8.476260;8.475580;8.476190;0
20210317 043900;8.476200;8.476290;8.475950;8.475950;0
20210317 044000;8.475970;8.477120;8.475940;8.477010;0
20210317 044100;8.477000;8.477040;8.475290;8.476030;0
20210317 044200;8.476100;8.476180;8.473210;8.473480;0
20210317 044300;8.473560;8.474660;8.473070;8.474600;0
20210317 044400;8.474640;8.477560;8.474600;8.477560;0
20210317 044500;8.477750;8.479270;8.476530;8.476530;0
20210317 044600;8.476650;8.476660;8.475390;8.476350;0
20210317 044700;8.476350;8.477670;8.476060;8.477670;0
20210317 044800;8.477680;8.480040;8.477520;8.480030;0
20210317 044900;8.480040;8.480690;8.479970;8.480410;0
20210317 045000;8.480420;8.482180;8.479640;8.482180;0
20210317 045100;8.482120;8.482490;8.481700;8.482280;0
20210317 045200;8.482150;8.482600;8.481710;8.482410;0
20210317 045300;8.482160;8.482250;8.481630;8.482250;0
20210317 045400;8.482360;8.482410;8.481930;8.482120;0
20210317 045500;8.482080;8.482180;8.480860;8.481460;0
20210317 045600;8.481590;8.481590;8.480040;8.480230;0
20210317 045700;8.480370;8.480510;8.479490;8.479610;0
20210317 045800;8.479560;8.480750;8.479180;8.480050;0
20210317 045900;8.480310;8.480630;8.478580;8.478580;0
20210317 050000;8.478680;8.480350;8.477060;8.479560;0
20210317 050100;8.479750;8.479750;8.477630;8.477630;0
20210317 050200;8.477690;8.478140;8.477490;8.477880;0
20210317 050300;8.478060;8.478720;8.477840;8.478720;0
20210317 050400;8.478510;8.479500;8.478500;8.479500;0
20210317 050500;8.479490;8.481200;8.479490;8.481200;0
20210317 050600;8.481200;8.483720;8.481170;8.482870;0
20210317 050700;8.482870;8.486440;8.482720;8.483010;0
20210317 050800;8.483010;8.483540;8.482430;8.483090;0
20210317 050900;8.483090;8.483990;8.480340;8.483820;0
20210317 051000;8.483610;8.483610;8.480190;8.482620;0
20210317 051100;8.482630;8.484260;8.482630;8.484250;0
20210317 051200;8.484250;8.484260;8.481840;8.483360;0
20210317 051300;8.483360;8.483800;8.483340;8.483560;0
20210317 051400;8.483560;8.483650;8.482350;8.482980;0
20210317 051500;8.483100;8.484700;8.483020;8.484700;0
20210317 051600;8.484700;8.486400;8.483650;8.485950;0
20210317 051700;8.485950;8.485950;8.483690;8.485000;0
20210317 051800;8.485010;8.485010;8.482470;8.483560;0
20210317 051900;8.483560;8.484880;8.483560;8.484700;0
20210317 052000;8.484790;8.485760;8.482910;8.483100;0
20210317 052100;8.483110;8.483110;8.480510;8.481710;0
20210317 052200;8.481600;8.482070;8.478610;8.478620;0
20210317 052300;8.478460;8.480660;8.478400;8.480660;0
20210317 052400;8.480560;8.480930;8.480400;8.480890;0
20210317 052500;8.481150;8.481440;8.481060;8.481240;0
20210317 052600;8.481240;8.482580;8.481240;8.482360;0
20210317 052700;8.482340;8.482340;8.480940;8.480960;0
20210317 052800;8.480920;8.480920;8.479200;8.479200;0
20210317 052900;8.479200;8.479200;8.476830;8.477190;0
20210317 053000;8.477270;8.478370;8.477270;8.477980;0
20210317 053100;8.477990;8.479220;8.477980;8.479090;0
20210317 053200;8.479120;8.479330;8.477230;8.477430;0
20210317 053300;8.477230;8.481620;8.477200;8.481530;0
20210317 053400;8.481520;8.481650;8.480000;8.480000;0
20210317 053500;8.480000;8.481160;8.479130;8.481160;0
20210317 053600;8.481060;8.481940;8.480410;8.480560;0
20210317 053700;8.480560;8.480570;8.478590;8.478940;0
20210317 053800;8.478950;8.480720;8.478740;8.479920;0
20210317 053900;8.479910;8.480150;8.477060;8.478170;0
20210317 054000;8.478180;8.480240;8.478050;8.480240;0
20210317 054100;8.480240;8.481910;8.479870;8.481910;0
20210317 054200;8.481910;8.482100;8.481580;8.481880;0
20210317 054300;8.481880;8.481880;8.481120;8.481120;0
20210317 054400;8.481120;8.482380;8.479360;8.479570;0
20210317 054500;8.479570;8.480030;8.478780;8.479310;0
20210317 054600;8.479440;8.480630;8.478650;8.480170;0
20210317 054700;8.480000;8.480340;8.479810;8.480020;0
20210317 054800;8.479930;8.480070;8.478900;8.480030;0
20210317 054900;8.479930;8.481330;8.478890;8.478890;0
20210317 055000;8.478750;8.479450;8.478490;8.479200;0
20210317 055100;8.479180;8.483200;8.479180;8.483200;0
20210317 055200;8.483190;8.483840;8.483000;8.483390;0
20210317 055300;8.483390;8.483520;8.480520;8.481870;0
20210317 055400;8.481870;8.481880;8.480730;8.481210;0
20210317 055500;8.481110;8.481570;8.478390;8.481420;0
20210317 055600;8.481460;8.481530;8.480520;8.480670;0
20210317 055700;8.480720;8.481040;8.480520;8.480520;0
20210317 055800;8.480550;8.481320;8.480550;8.480830;0
20210317 055900;8.481120;8.481750;8.480890;8.481390;0
20210317 060000;8.481420;8.482220;8.481050;8.482120;0
20210317 060100;8.482260;8.482650;8.481340;8.481340;0
20210317 060200;8.481480;8.483460;8.481170;8.483260;0
20210317 060300;8.483340;8.485270;8.483330;8.484680;0
20210317 060400;8.484740;8.490280;8.482310;8.485700;0
20210317 060500;8.485700;8.485700;8.483500;8.484410;0
20210317 060600;8.484340;8.487120;8.484260;8.486950;0
20210317 060700;8.487010;8.487420;8.486410;8.487150;0
20210317 060800;8.487150;8.487180;8.483790;8.487180;0
20210317 060900;8.487050;8.488100;8.486900;8.487460;0
20210317 061000;8.487460;8.489630;8.487460;8.487940;0
20210317 061100;8.487930;8.491430;8.487930;8.491430;0
20210317 061200;8.491430;8.491740;8.488940;8.489220;0
20210317 061300;8.489330;8.490880;8.489230;8.489960;0
20210317 061400;8.490030;8.492120;8.488950;8.489130;0
20210317 061500;8.489140;8.491930;8.489140;8.491750;0
20210317 061600;8.491820;8.496740;8.491480;8.496480;0
20210317 061700;8.496620;8.501370;8.496620;8.501220;0
20210317 061800;8.500950;8.502230;8.497310;8.497790;0
20210317 061900;8.497800;8.498420;8.495010;8.497500;0
20210317 062000;8.497500;8.497940;8.496710;8.496710;0
20210317 062100;8.496900;8.497650;8.494550;8.494550;0
20210317 062200;8.494620;8.497480;8.494620;8.497480;0
20210317 062300;8.497480;8.499190;8.496630;8.498010;0
20210317 062400;8.498010;8.500120;8.498010;8.499000;0
20210317 062500;8.499000;8.501010;8.498990;8.500400;0
20210317 062600;8.500470;8.500930;8.500060;8.500130;0
20210317 062700;8.499790;8.502650;8.499140;8.502490;0
20210317 062800;8.502480;8.504250;8.502290;8.502630;0
20210317 062900;8.502750;8.505240;8.502270;8.505000;0
20210317 063000;8.504660;8.504790;8.501470;8.502370;0
20210317 063100;8.502420;8.504150;8.502420;8.503820;0
20210317 063200;8.503840;8.504420;8.501690;8.502200;0
20210317 063300;8.501970;8.502190;8.497420;8.498490;0
20210317 063400;8.498500;8.501720;8.498310;8.501020;0
20210317 063500;8.501030;8.502670;8.498580;8.501120;0
20210317 063600;8.501150;8.502940;8.500180;8.502940;0
20210317 063700;8.502930;8.504720;8.502930;8.504550;0
20210317 063800;8.504540;8.504540;8.503240;8.504110;0
20210317 063900;8.504100;8.505190;8.503760;8.504690;0
20210317 064000;8.504730;8.507150;8.504720;8.505020;0
20210317 064100;8.504950;8.505330;8.504110;8.504190;0
20210317 064200;8.504190;8.505260;8.504190;8.504540;0
20210317 064300;8.504410;8.504460;8.503570;8.504010;0
20210317 064400;8.503880;8.503880;8.501380;8.501940;0
20210317 064500;8.502220;8.503020;8.501470;8.502240;0
20210317 064600;8.502310;8.502880;8.502020;8.502350;0
20210317 064700;8.502440;8.502640;8.497600;8.498720;0
20210317 064800;8.498750;8.499380;8.498060;8.499300;0
20210317 064900;8.499180;8.499180;8.497780;8.498020;0
20210317 065000;8.498220;8.503500;8.497580;8.503330;0
20210317 065100;8.503320;8.503320;8.501010;8.501800;0
20210317 065200;8.501750;8.503530;8.501750;8.503520;0
20210317 065300;8.503660;8.504230;8.503540;8.503560;0
20210317 065400;8.503500;8.504040;8.502990;8.503210;0
20210317 065500;8.503170;8.503440;8.500570;8.502560;0
20210317 065600;8.502570;8.504320;8.502570;8.503270;0
20210317 065700;8.503430;8.504530;8.502740;8.503510;0
20210317 065800;8.503820;8.505920;8.503760;8.505910;0
20210317 065900;8.505840;8.506520;8.505790;8.505840;0
20210317 070000;8.506010;8.510850;8.505840;8.507260;0
20210317 070100;8.507480;8.509280;8.507070;8.509040;0
20210317 070200;8.508970;8.510070;8.507050;8.510020;0
20210317 070300;8.509910;8.513110;8.509690;8.510450;0
20210317 070400;8.510440;8.510440;8.507790;8.508350;0
20210317 070500;8.508350;8.511170;8.508350;8.508650;0
20210317 070600;8.508650;8.509030;8.508120;8.508890;0
20210317 070700;8.508960;8.509840;8.508220;8.508820;0
20210317 070800;8.508750;8.512440;8.508050;8.509380;0
20210317 070900;8.509460;8.510820;8.509030;8.509360;0
20210317 071000;8.509420;8.510860;8.509180;8.510750;0
20210317 071100;8.510890;8.511210;8.509070;8.509280;0
20210317 071200;8.509050;8.509050;8.502440;8.503840;0
20210317 071300;8.503800;8.508060;8.501360;8.505950;0
20210317 071400;8.505870;8.506780;8.504130;8.504510;0
20210317 071500;8.504640;8.508060;8.504490;8.507720;0
20210317 071600;8.507470;8.507470;8.501990;8.502210;0
20210317 071700;8.502420;8.504950;8.501920;8.504410;0
20210317 071800;8.504400;8.505800;8.504250;8.505700;0
20210317 071900;8.505700;8.506390;8.503950;8.504430;0
20210317 072000;8.504420;8.505420;8.503080;8.503480;0
20210317 072100;8.503530;8.507930;8.503200;8.507820;0
20210317 072200;8.507830;8.508350;8.506130;8.508000;0
20210317 072300;8.508110;8.509440;8.504790;8.509280;0
20210317 072400;8.509320;8.511130;8.509120;8.509120;0
20210317 072500;8.509040;8.509120;8.503320;8.508110;0
20210317 072600;8.508090;8.508800;8.508090;8.508790;0
20210317 072700;8.509010;8.510260;8.509010;8.510050;0
20210317 072800;8.510140;8.511060;8.510140;8.510290;0
20210317 072900;8.510220;8.510390;8.509430;8.510090;0
20210317 073000;8.510030;8.510710;8.507220;8.507250;0
20210317 073100;8.507150;8.508840;8.504290;8.505180;0
20210317 073200;8.505090;8.506690;8.504460;8.505590;0
20210317 073300;8.505580;8.509080;8.505160;8.506680;0
20210317 073400;8.506430;8.507340;8.506100;8.506100;0
20210317 073500;8.506100;8.510470;8.505690;8.510470;0
20210317 073600;8.510330;8.512580;8.510130;8.511000;0
20210317 073700;8.510920;8.511970;8.509780;8.511970;0
20210317 073800;8.512050;8.513550;8.510530;8.510630;0
20210317 073900;8.510720;8.511050;8.505850;8.506500;0
20210317 074000;8.506430;8.511350;8.505760;8.508700;0
20210317 074100;8.508650;8.509220;8.507570;8.508390;0
20210317 074200;8.508530;8.510830;8.507760;8.507900;0
20210317 074300;8.507950;8.508230;8.505460;8.505510;0
20210317 074400;8.505430;8.509180;8.505240;8.507730;0
20210317 074500;8.507580;8.509770;8.506980;8.507080;0
20210317 074600;8.506970;8.506970;8.504110;8.504140;0
20210317 074700;8.504360;8.508220;8.504360;8.507850;0
20210317 074800;8.508020;8.508020;8.505240;8.507180;0
20210317 074900;8.507160;8.507350;8.503400;8.504680;0
20210317 075000;8.504680;8.505130;8.502760;8.503940;0
20210317 075100;8.504050;8.504210;8.503160;8.503680;0
20210317 075200;8.503810;8.505230;8.503570;8.504940;0
20210317 075300;8.505010;8.505530;8.501190;8.501480;0
20210317 075400;8.501260;8.503690;8.501260;8.503550;0
20210317 075500;8.503560;8.503730;8.499030;8.499100;0
20210317 075600;8.499160;8.503700;8.498560;8.500640;0
20210317 075700;8.500560;8.500920;8.496900;8.497920;0
20210317 075800;8.498040;8.499760;8.496980;8.497980;0
20210317 075900;8.497890;8.497990;8.495810;8.497020;0
20210317 080000;8.497030;8.498890;8.497020;8.497510;0
20210317 080100;8.497270;8.499650;8.497190;8.497320;0
20210317 080200;8.497320;8.500520;8.496080;8.498890;0
20210317 080300;8.499030;8.499860;8.496290;8.499520;0
20210317 080400;8.499620;8.500890;8.497480;8.499770;0
20210317 080500;8.500880;8.501220;8.499480;8.499480;0
20210317 080600;8.499360;8.499860;8.495910;8.498530;0
20210317 080700;8.498540;8.499600;8.497370;8.499560;0
20210317 080800;8.499680;8.500760;8.499110;8.500000;0
20210317 080900;8.500130;8.500730;8.498080;8.498080;0
20210317 081000;8.498170;8.499470;8.496600;8.498290;0
20210317 081100;8.498290;8.498290;8.495590;8.496080;0
20210317 081200;8.496080;8.498730;8.494880;8.498500;0
20210317 081300;8.498710;8.503280;8.498710;8.500840;0
20210317 081400;8.501000;8.502960;8.499600;8.499600;0
20210317 081500;8.499530;8.499680;8.497790;8.498490;0
20210317 081600;8.498620;8.499380;8.498210;8.498650;0
20210317 081700;8.498530;8.498550;8.496990;8.497860;0
20210317 081800;8.497830;8.499420;8.497780;8.498350;0
20210317 081900;8.498420;8.498500;8.496250;8.496930;0
20210317 082000;8.496890;8.497170;8.495980;8.496340;0
20210317 082100;8.496280;8.496280;8.493620;8.495760;0
20210317 082200;8.495610;8.495610;8.492850;8.494110;0
20210317 082300;8.494230;8.494620;8.493550;8.494380;0
20210317 082400;8.494500;8.498370;8.494410;8.498370;0
20210317 082500;8.498420;8.499230;8.495820;8.496650;0
20210317 082600;8.496650;8.498210;8.496380;8.496860;0
20210317 082700;8.496790;8.497860;8.496420;8.497210;0
20210317 082800;8.497300;8.498110;8.494650;8.497170;0
20210317 082900;8.497030;8.497780;8.496550;8.497280;0
20210317 083000;8.497170;8.497390;8.495970;8.496410;0
20210317 083100;8.496400;8.497110;8.495820;8.496550;0
20210317 083200;8.496580;8.498530;8.496520;8.498170;0
20210317 083300;8.498300;8.500280;8.498300;8.500280;0
20210317 083400;8.500320;8.502240;8.500270;8.500940;0
20210317 083500;8.500810;8.501020;8.497440;8.497700;0
20210317 083600;8.497600;8.498910;8.496930;8.498900;0
20210317 083700;8.498610;8.498750;8.493540;8.497230;0
20210317 083800;8.497310;8.497940;8.495010;8.495830;0
20210317 083900;8.495820;8.496080;8.491800;8.492770;0
20210317 084000;8.492700;8.494480;8.491690;8.494470;0
20210317 084100;8.494470;8.494960;8.493310;8.494810;0
20210317 084200;8.494820;8.495890;8.494280;8.494660;0
20210317 084300;8.494820;8.494830;8.488750;8.488980;0
20210317 084400;8.489180;8.491240;8.488630;8.490210;0
20210317 084500;8.490210;8.490400;8.485430;8.486320;0
20210317 084600;8.486380;8.487350;8.485560;8.486680;0
20210317 084700;8.486680;8.491380;8.486610;8.489360;0
20210317 084800;8.489390;8.491800;8.488410;8.491800;0
20210317 084900;8.491800;8.494320;8.491740;8.494030;0
20210317 085000;8.494110;8.494840;8.491850;8.492710;0
20210317 085100;8.492690;8.495700;8.491270;8.494970;0
20210317 085200;8.495030;8.496280;8.492620;8.493660;0
20210317 085300;8.493650;8.495140;8.493220;8.495130;0
20210317 085400;8.495130;8.496220;8.493270;8.493650;0
20210317 085500;8.493660;8.496020;8.493290;8.494440;0
20210317 085600;8.494660;8.495240;8.493340;8.494060;0
20210317 085700;8.493650;8.496260;8.493650;8.496260;0
20210317 085800;8.496160;8.497800;8.495780;8.497200;0
20210317 085900;8.497190;8.497260;8.494790;8.495900;0
20210317 090000;8.495900;8.496120;8.490720;8.491780;0
20210317 090100;8.491630;8.494510;8.491630;8.494000;0
20210317 090200;8.494000;8.496170;8.492710;8.495010;0
20210317 090300;8.495010;8.495940;8.492320;8.492470;0
20210317 090400;8.492550;8.492830;8.490170;8.491910;0
20210317 090500;8.491910;8.494200;8.491870;8.493520;0
20210317 090600;8.493520;8.494920;8.493210;8.494510;0
20210317 090700;8.494590;8.496020;8.493230;8.493490;0
20210317 090800;8.493410;8.495830;8.492960;8.495820;0
20210317 090900;8.495900;8.496760;8.494330;8.494440;0
20210317 091000;8.494370;8.494370;8.490840;8.491120;0
20210317 091100;8.491220;8.491920;8.487020;8.488170;0
20210317 091200;8.488170;8.488390;8.485660;8.486110;0
20210317 091300;8.486100;8.487410;8.486100;8.486150;0
20210317 091400;8.486290;8.486550;8.483410;8.485830;0
20210317 091500;8.485890;8.485890;8.483680;8.484780;0
20210317 091600;8.484660;8.485450;8.483730;8.483810;0
20210317 091700;8.483800;8.486930;8.481730;8.485300;0
20210317 091800;8.485200;8.486140;8.484160;8.484160;0
20210317 091900;8.484540;8.489470;8.483580;8.488820;0
20210317 092000;8.488830;8.488830;8.487220;8.487560;0
20210317 092100;8.487580;8.491220;8.487580;8.489610;0
20210317 092200;8.489700;8.493070;8.489420;8.490920;0
20210317 092300;8.491030;8.492060;8.488940;8.491270;0
20210317 092400;8.491190;8.491550;8.488750;8.490880;0
20210317 092500;8.490880;8.490880;8.488840;8.488960;0
20210317 092600;8.488810;8.493530;8.488620;8.491750;0
20210317 092700;8.491650;8.493270;8.490300;8.492060;0
20210317 092800;8.492240;8.493080;8.491700;8.493080;0
20210317 092900;8.493210;8.496550;8.492860;8.495570;0
20210317 093000;8.495570;8.498290;8.493320;8.498010;0
20210317 093100;8.497910;8.498880;8.497720;8.498870;0
20210317 093200;8.498860;8.500550;8.498770;8.499470;0
20210317 093300;8.499150;8.499150;8.496110;8.496390;0
20210317 093400;8.496330;8.496330;8.494190;8.494400;0
20210317 093500;8.494510;8.496670;8.492230;8.496670;0
20210317 093600;8.496850;8.500130;8.495370;8.500070;0
20210317 093700;8.499980;8.499980;8.499120;8.499310;0
20210317 093800;8.499250;8.500390;8.499000;8.500390;0
20210317 093900;8.500520;8.500860;8.499400;8.499510;0
20210317 094000;8.499580;8.500430;8.497790;8.497790;0
20210317 094100;8.497940;8.501280;8.497940;8.501200;0
20210317 094200;8.501270;8.502640;8.500130;8.500290;0
20210317 094300;8.500220;8.501320;8.498450;8.501250;0
20210317 094400;8.501080;8.504120;8.501080;8.503870;0
20210317 094500;8.503900;8.507520;8.503900;8.506370;0
20210317 094600;8.506240;8.506240;8.501580;8.503320;0
20210317 094700;8.503520;8.506050;8.501890;8.505900;0
20210317 094800;8.506110;8.507660;8.506110;8.506710;0
20210317 094900;8.506830;8.510380;8.505970;8.507060;0
20210317 095000;8.507230;8.508340;8.506170;8.507040;0
20210317 095100;8.506990;8.506990;8.501260;8.505930;0
20210317 095200;8.506000;8.506000;8.501220;8.502870;0
20210317 095300;8.502420;8.502720;8.500370;8.501580;0
20210317 095400;8.501690;8.505660;8.501540;8.501960;0
20210317 095500;8.502060;8.505790;8.501850;8.505790;0
20210317 095600;8.505860;8.507650;8.505850;8.506210;0
20210317 095700;8.506250;8.506270;8.502810;8.503850;0
20210317 095800;8.503610;8.504640;8.502430;8.504020;0
20210317 095900;8.504320;8.505240;8.501310;8.505040;0
20210317 100000;8.505100;8.507320;8.505100;8.507320;0
20210317 100100;8.507320;8.508480;8.503490;8.505060;0
20210317 100200;8.505060;8.507360;8.505060;8.507230;0
20210317 100300;8.507230;8.507400;8.501600;8.503470;0
20210317 100400;8.503620;8.508440;8.503620;8.508330;0
20210317 100500;8.508330;8.509010;8.504310;8.504460;0
20210317 100600;8.504170;8.504170;8.503230;8.503480;0
20210317 100700;8.503490;8.503820;8.502750;8.503810;0
20210317 100800;8.503820;8.504290;8.502940;8.503730;0
20210317 100900;8.504060;8.505640;8.504060;8.505040;0
20210317 101000;8.505040;8.506460;8.504720;8.504970;0
20210317 101100;8.504590;8.505030;8.502790;8.502870;0
20210317 101200;8.502800;8.502980;8.500130;8.501160;0
20210317 101300;8.501290;8.502470;8.500750;8.500750;0
20210317 101400;8.500810;8.501510;8.499090;8.501460;0
20210317 101500;8.501630;8.503360;8.501380;8.503280;0
20210317 101600;8.503280;8.504190;8.503280;8.503680;0
20210317 101700;8.503680;8.503680;8.501490;8.502530;0
20210317 101800;8.502220;8.503310;8.501700;8.503060;0
20210317 101900;8.503060;8.503060;8.500090;8.500540;0
20210317 102000;8.500460;8.500470;8.497760;8.498050;0
20210317 102100;8.498050;8.500090;8.494960;8.499790;0
20210317 102200;8.499790;8.500720;8.499210;8.500390;0
20210317 102300;8.500400;8.500400;8.496730;8.499180;0
20210317 102400;8.499180;8.500640;8.499180;8.500640;0
20210317 102500;8.500640;8.503780;8.499780;8.503520;0
20210317 102600;8.503530;8.505730;8.501310;8.505520;0
20210317 102700;8.505530;8.508820;8.504980;8.508200;0
20210317 102800;8.508210;8.508540;8.507620;8.508010;0
20210317 102900;8.508010;8.509760;8.508010;8.509370;0
20210317 103000;8.509380;8.512950;8.508970;8.510970;0
20210317 103100;8.510820;8.510820;8.508070;8.508130;0
20210317 103200;8.508470;8.510190;8.508270;8.509830;0
20210317 103300;8.510020;8.510170;8.504120;8.507090;0
20210317 103400;8.507230;8.507880;8.506540;8.506920;0
20210317 103500;8.506910;8.507360;8.506490;8.506760;0
20210317 103600;8.506760;8.508290;8.505230;8.505840;0
20210317 103700;8.506020;8.506850;8.505310;8.506820;0
20210317 103800;8.506970;8.507860;8.506890;8.507840;0
20210317 103900;8.508240;8.513030;8.508170;8.512460;0
20210317 104000;8.512520;8.513270;8.507480;8.507620;0
20210317 104100;8.507530;8.510110;8.507260;8.509520;0
20210317 104200;8.509870;8.509870;8.505020;8.505440;0
20210317 104300;8.505370;8.509680;8.505060;8.509470;0
20210317 104400;8.509530;8.513420;8.508800;8.511160;0
20210317 104500;8.511160;8.511170;8.508690;8.508890;0
20210317 104600;8.509000;8.511720;8.507470;8.509890;0
20210317 104700;8.510050;8.510630;8.509440;8.509900;0
20210317 104800;8.510050;8.511070;8.509400;8.509490;0
20210317 104900;8.509390;8.510050;8.508260;8.510050;0
20210317 105000;8.510160;8.510880;8.502670;8.502850;0
20210317 105100;8.502870;8.504100;8.499700;8.504100;0
20210317 105200;8.504040;8.505260;8.502520;8.504800;0
20210317 105300;8.504790;8.509380;8.503970;8.504150;0
20210317 105400;8.504230;8.504470;8.501600;8.504090;0
20210317 105500;8.504090;8.508600;8.504090;8.508510;0
20210317 105600;8.508530;8.509630;8.505910;8.506750;0
20210317 105700;8.506700;8.510600;8.506540;8.509490;0
20210317 105800;8.509460;8.509860;8.507760;8.508640;0
20210317 105900;8.508720;8.510510;8.508540;8.509390;0
20210317 110000;8.509250;8.512830;8.509140;8.512510;0
20210317 110100;8.512510;8.514140;8.511010;8.513630;0
20210317 110200;8.513700;8.515550;8.510360;8.511320;0
20210317 110300;8.511320;8.511330;8.507570;8.511180;0
20210317 110400;8.511200;8.511380;8.505480;8.508350;0
20210317 110500;8.508280;8.510440;8.506220;8.510300;0
20210317 110600;8.510180;8.511350;8.509830;8.510280;0
20210317 110700;8.510310;8.511350;8.506750;8.506860;0
20210317 110800;8.506890;8.507010;8.505360;8.506050;0
20210317 110900;8.506070;8.506730;8.505080;8.505730;0
20210317 111000;8.505680;8.507020;8.505050;8.506970;0
20210317 111100;8.507110;8.507150;8.505610;8.506700;0
20210317 111200;8.506650;8.507170;8.506160;8.506770;0
20210317 111300;8.506910;8.508030;8.505750;8.507290;0
20210317 111400;8.507290;8.514230;8.507290;8.513400;0
20210317 111500;8.513190;8.513200;8.510150;8.510150;0
20210317 111600;8.510160;8.512280;8.510050;8.510480;0
20210317 111700;8.510490;8.511480;8.510340;8.510460;0
20210317 111800;8.510610;8.510930;8.509980;8.510540;0
20210317 111900;8.510500;8.510570;8.507670;8.508550;0
20210317 112000;8.508410;8.508600;8.507950;8.508600;0
20210317 112100;8.508600;8.508970;8.508300;8.508320;0
20210317 112200;8.508010;8.509520;8.507690;8.509300;0
20210317 112300;8.509240;8.509750;8.508610;8.508850;0
20210317 112400;8.508860;8.510810;8.507670;8.509710;0
20210317 112500;8.509700;8.509870;8.509180;8.509470;0
20210317 112600;8.509470;8.513100;8.509290;8.511390;0
20210317 112700;8.511190;8.511700;8.509840;8.511600;0
20210317 112800;8.511610;8.511770;8.509400;8.509560;0
20210317 112900;8.509570;8.510250;8.509570;8.509990;0
20210317 113000;8.510040;8.513740;8.509520;8.513410;0
20210317 113100;8.513460;8.513510;8.511990;8.512350;0
20210317 113200;8.512460;8.513490;8.512280;8.512820;0
20210317 113300;8.512770;8.514290;8.512430;8.513960;0
20210317 113400;8.514020;8.514720;8.513610;8.514300;0
20210317 113500;8.514300;8.514390;8.513920;8.514060;0
20210317 113600;8.514360;8.515140;8.514030;8.515100;0
20210317 113700;8.515040;8.515100;8.514640;8.514650;0
20210317 113800;8.514640;8.514860;8.514300;8.514300;0
20210317 113900;8.514340;8.514730;8.513970;8.514380;0
20210317 114000;8.514370;8.514380;8.513180;8.513430;0
20210317 114100;8.513300;8.513760;8.512910;8.513500;0
20210317 114200;8.513540;8.513650;8.511730;8.512060;0
20210317 114300;8.512020;8.512170;8.511050;8.512120;0
20210317 114400;8.512120;8.512120;8.511360;8.511360;0
20210317 114500;8.511390;8.511440;8.510450;8.511300;0
20210317 114600;8.511250;8.512130;8.509250;8.509310;0
20210317 114700;8.509300;8.510420;8.509180;8.510360;0
20210317 114800;8.510360;8.510800;8.509650;8.510160;0
20210317 114900;8.510170;8.510170;8.509200;8.509230;0
20210317 115000;8.509280;8.509310;8.508710;8.508840;0
20210317 115100;8.508790;8.509480;8.508600;8.509480;0
20210317 115200;8.509460;8.509680;8.508150;8.508150;0
20210317 115300;8.508150;8.508210;8.505140;8.505260;0
20210317 115400;8.505140;8.505510;8.501530;8.502070;0
20210317 115500;8.502080;8.503140;8.502080;8.502820;0
20210317 115600;8.502950;8.503300;8.502630;8.502690;0
20210317 115700;8.502690;8.504580;8.502340;8.504580;0
20210317 115800;8.504590;8.507570;8.504590;8.507330;0
20210317 115900;8.507350;8.507820;8.507100;8.507490;0
20210317 120000;8.507490;8.507880;8.507010;8.507460;0
20210317 120100;8.507490;8.507920;8.507280;8.507570;0
20210317 120200;8.507740;8.507740;8.504460;8.504830;0
20210317 120300;8.504840;8.505370;8.504380;8.504580;0
20210317 120400;8.504580;8.505030;8.504180;8.504650;0
20210317 120500;8.504600;8.505230;8.504330;8.504800;0
20210317 120600;8.504760;8.504760;8.501020;8.501260;0
20210317 120700;8.501510;8.502820;8.501510;8.502390;0
20210317 120800;8.502420;8.502720;8.501390;8.501660;0
20210317 120900;8.501670;8.502920;8.501640;8.502170;0
20210317 121000;8.501910;8.502840;8.501910;8.502570;0
20210317 121100;8.502620;8.503070;8.502390;8.502410;0
20210317 121200;8.502380;8.502800;8.501600;8.501600;0
20210317 121300;8.501510;8.501870;8.501250;8.501380;0
20210317 121400;8.501380;8.503070;8.501350;8.503050;0
20210317 121500;8.502910;8.503360;8.502910;8.503340;0
20210317 121600;8.503340;8.503870;8.502970;8.502970;0
20210317 121700;8.502890;8.503680;8.502520;8.503680;0
20210317 121800;8.503680;8.504090;8.503680;8.503760;0
20210317 121900;8.503720;8.503830;8.502850;8.503350;0
20210317 122000;8.503560;8.505000;8.503430;8.504100;0
20210317 122100;8.504000;8.504420;8.503690;8.503970;0
20210317 122200;8.503830;8.504380;8.503160;8.503170;0
20210317 122300;8.502960;8.503520;8.502860;8.503520;0
20210317 122400;8.503530;8.503720;8.502920;8.502920;0
20210317 122500;8.502800;8.502940;8.500430;8.500600;0
20210317 122600;8.500630;8.501750;8.500320;8.501570;0
20210317 122700;8.501630;8.501960;8.501370;8.501580;0
20210317 122800;8.501590;8.502080;8.499700;8.499920;0
20210317 122900;8.499910;8.501620;8.499710;8.499910;0
20210317 123000;8.499910;8.500380;8.498800;8.498810;0
20210317 123100;8.498780;8.498980;8.497900;8.498150;0
20210317 123200;8.498080;8.498590;8.497710;8.497810;0
20210317 123300;8.497670;8.499870;8.497670;8.499170;0
20210317 123400;8.499120;8.499340;8.497440;8.498160;0
20210317 123500;8.498070;8.498120;8.495670;8.496700;0
20210317 123600;8.496780;8.497130;8.496690;8.496850;0
20210317 123700;8.496920;8.497130;8.496430;8.496780;0
20210317 123800;8.496790;8.498740;8.494170;8.494300;0
20210317 123900;8.494340;8.494710;8.494170;8.494330;0
20210317 124000;8.494510;8.494950;8.494220;8.494220;0
20210317 124100;8.494350;8.494940;8.494180;8.494640;0
20210317 124200;8.494700;8.495620;8.494700;8.495480;0
20210317 124300;8.495360;8.496070;8.495220;8.496070;0
20210317 124400;8.496190;8.496490;8.495850;8.495900;0
20210317 124500;8.495740;8.496680;8.494740;8.495380;0
20210317 124600;8.495370;8.495370;8.494630;8.494850;0
20210317 124700;8.494990;8.495820;8.494920;8.494920;0
20210317 124800;8.494860;8.494980;8.493080;8.493130;0
20210317 124900;8.493000;8.495300;8.492720;8.494000;0
20210317 125000;8.494130;8.496980;8.493770;8.496360;0
20210317 125100;8.496430;8.496690;8.495300;8.495660;0
20210317 125200;8.495600;8.495600;8.493680;8.494430;0
20210317 125300;8.494400;8.494610;8.493160;8.493720;0
20210317 125400;8.493840;8.495180;8.493810;8.494110;0
20210317 125500;8.494140;8.494780;8.494140;8.494770;0
20210317 125600;8.494550;8.494790;8.494210;8.494480;0
20210317 125700;8.494330;8.495280;8.494330;8.495270;0
20210317 125800;8.495420;8.503560;8.495250;8.496060;0
20210317 125900;8.496270;8.500250;8.495530;8.499110;0
20210317 130000;8.499100;8.499100;8.459220;8.461660;0
20210317 130100;8.461520;8.462490;8.439420;8.443020;0
20210317 130200;8.442970;8.450400;8.440410;8.448960;0
20210317 130300;8.448050;8.467530;8.444190;8.464980;0
20210317 130400;8.464430;8.482590;8.460700;8.460700;0
20210317 130500;8.460690;8.467560;8.453020;8.460220;0
20210317 130600;8.460220;8.460220;8.439830;8.441930;0
20210317 130700;8.441800;8.454550;8.436650;8.444890;0
20210317 130800;8.443270;8.453740;8.441390;8.451350;0
20210317 130900;8.451350;8.455710;8.447100;8.455710;0
20210317 131000;8.455330;8.455330;8.446100;8.446110;0
20210317 131100;8.446110;8.448040;8.439440;8.443230;0
20210317 131200;8.443370;8.443490;8.434730;8.438910;0
20210317 131300;8.439160;8.440040;8.431170;8.433640;0
20210317 131400;8.433830;8.439080;8.432600;8.433610;0
20210317 131500;8.433470;8.439140;8.432540;8.435510;0
20210317 131600;8.435520;8.435720;8.433130;8.433650;0
20210317 131700;8.433480;8.447790;8.433310;8.439790;0
20210317 131800;8.439790;8.445320;8.432330;8.442230;0
20210317 131900;8.442230;8.446640;8.437420;8.445210;0
20210317 132000;8.445430;8.446020;8.431920;8.442910;0
20210317 132100;8.442920;8.448540;8.440330;8.443740;0
20210317 132200;8.443450;8.445800;8.439880;8.444510;0
20210317 132300;8.444150;8.444970;8.433800;8.435120;0
20210317 132400;8.435750;8.440470;8.433070;8.438050;0
20210317 132500;8.438050;8.440360;8.433540;8.434580;0
20210317 132600;8.434840;8.441820;8.431720;8.435660;0
20210317 132700;8.435720;8.437550;8.432340;8.435390;0
20210317 132800;8.435400;8.439180;8.435400;8.438140;0
20210317 132900;8.438160;8.440670;8.435100;8.439570;0
20210317 133000;8.439570;8.440030;8.437300;8.439420;0
20210317 133100;8.439420;8.440650;8.435110;8.435320;0
20210317 133200;8.435200;8.441070;8.435170;8.436650;0
20210317 133300;8.436680;8.441390;8.435310;8.441250;0
20210317 133400;8.441470;8.447850;8.441470;8.447850;0
20210317 133500;8.447750;8.447990;8.435620;8.439170;0
20210317 133600;8.439180;8.439180;8.431390;8.432060;0
20210317 133700;8.431990;8.433300;8.426660;8.426750;0
20210317 133800;8.426960;8.429290;8.423740;8.427700;0
20210317 133900;8.427650;8.428740;8.423730;8.425170;0
20210317 134000;8.425170;8.428950;8.423860;8.425090;0
20210317 134100;8.425090;8.425290;8.420180;8.421490;0
20210317 134200;8.421420;8.422620;8.418280;8.419360;0
20210317 134300;8.418870;8.418990;8.406920;8.408870;0
20210317 134400;8.408920;8.411350;8.408080;8.410920;0
20210317 134500;8.411120;8.412220;8.405780;8.406040;0
20210317 134600;8.405960;8.408130;8.405650;8.406720;0
20210317 134700;8.406730;8.412830;8.405570;8.411770;0
20210317 134800;8.411780;8.421130;8.411640;8.421020;0
20210317 134900;8.421020;8.422330;8.417920;8.421120;0
20210317 135000;8.421120;8.432040;8.418420;8.418630;0
20210317 135100;8.418720;8.419830;8.410720;8.418780;0
20210317 135200;8.418770;8.420390;8.417520;8.418200;0
20210317 135300;8.418020;8.418990;8.413870;8.413990;0
20210317 135400;8.413980;8.415220;8.412480;8.414220;0
20210317 135500;8.414440;8.415680;8.413120;8.415210;0
20210317 135600;8.415210;8.420380;8.414100;8.414360;0
20210317 135700;8.414690;8.426560;8.414340;8.415440;0
20210317 135800;8.415430;8.419290;8.414750;8.419000;0
20210317 135900;8.418920;8.419480;8.415950;8.416520;0
20210317 140000;8.416570;8.416730;8.412410;8.412410;0
20210317 140100;8.412250;8.413820;8.411420;8.413330;0
20210317 140200;8.413080;8.416020;8.412420;8.415750;0
20210317 140300;8.415740;8.418450;8.414410;8.414410;0
20210317 140400;8.414470;8.415500;8.413570;8.415070;0
20210317 140500;8.415120;8.417530;8.414610;8.415260;0
20210317 140600;8.415210;8.415920;8.413960;8.415220;0
20210317 140700;8.415220;8.415520;8.413620;8.413620;0
20210317 140800;8.413770;8.418120;8.413240;8.416130;0
20210317 140900;8.416120;8.419320;8.414540;8.419320;0
20210317 141000;8.419320;8.421030;8.418620;8.420720;0
20210317 141100;8.420820;8.423020;8.420120;8.421830;0
20210317 141200;8.421920;8.426220;8.420570;8.423820;0
20210317 141300;8.423820;8.427620;8.423620;8.426020;0
20210317 141400;8.425930;8.425930;8.422720;8.423430;0
20210317 141500;8.423270;8.423420;8.420720;8.421150;0
20210317 141600;8.421130;8.422020;8.419970;8.421120;0
20210317 141700;8.421420;8.421750;8.419850;8.420220;0
20210317 141800;8.420220;8.422320;8.420190;8.422320;0
20210317 141900;8.422120;8.424080;8.421890;8.423750;0
20210317 142000;8.423610;8.427750;8.423470;8.426910;0
20210317 142100;8.427030;8.428650;8.426400;8.428320;0
20210317 142200;8.428300;8.433270;8.426530;8.426530;0
20210317 142300;8.426560;8.427240;8.424600;8.425720;0
20210317 142400;8.425860;8.425860;8.424060;8.424460;0
20210317 142500;8.424730;8.425020;8.423580;8.423660;0
20210317 142600;8.423570;8.423940;8.422590;8.422590;0
20210317 142700;8.422680;8.422680;8.420960;8.421240;0
20210317 142800;8.421420;8.421960;8.420810;8.420910;0
20210317 142900;8.420820;8.420820;8.417020;8.418570;0
20210317 143000;8.418420;8.419070;8.414910;8.415270;0
20210317 143100;8.415260;8.416730;8.413940;8.416040;0
20210317 143200;8.415920;8.416420;8.412500;8.412830;0
20210317 143300;8.412510;8.413650;8.411890;8.413430;0
20210317 143400;8.413480;8.414910;8.408540;8.409630;0
20210317 143500;8.409750;8.412570;8.409750;8.412560;0
20210317 143600;8.412740;8.416080;8.411920;8.415790;0
20210317 143700;8.415700;8.417530;8.415700;8.416960;0
20210317 143800;8.417100;8.417100;8.410050;8.414970;0
20210317 143900;8.415120;8.416660;8.414110;8.414710;0
20210317 144000;8.414510;8.414660;8.410680;8.411920;0
20210317 144100;8.411920;8.412430;8.411290;8.412220;0
20210317 144200;8.412220;8.412220;8.409360;8.410450;0
20210317 144300;8.410460;8.414820;8.410460;8.414810;0
20210317 144400;8.414690;8.416360;8.413760;8.416320;0
20210317 144500;8.416190;8.416400;8.414290;8.414750;0
20210317 144600;8.414650;8.414650;8.410230;8.410320;0
20210317 144700;8.410360;8.411750;8.408950;8.411750;0
20210317 144800;8.411680;8.411890;8.408690;8.411840;0
20210317 144900;8.411840;8.414670;8.411840;8.414540;0
20210317 145000;8.414900;8.423730;8.414840;8.420390;0
20210317 145100;8.420040;8.424520;8.414140;8.414700;0
20210317 145200;8.414590;8.424640;8.414410;8.417090;0
20210317 145300;8.417090;8.418920;8.414070;8.417490;0
20210317 145400;8.417490;8.419030;8.417410;8.418630;0
20210317 145500;8.418480;8.421290;8.415590;8.416040;0
20210317 145600;8.415890;8.417010;8.415750;8.417010;0
20210317 145700;8.417080;8.418330;8.416790;8.418330;0
20210317 145800;8.418440;8.419950;8.417810;8.419350;0
20210317 145900;8.419360;8.421520;8.419140;8.421130;0
20210317 150000;8.421120;8.421490;8.419700;8.420860;0
20210317 150100;8.421070;8.421360;8.415060;8.416020;0
20210317 150200;8.415930;8.415960;8.413380;8.413830;0
20210317 150300;8.413830;8.413960;8.407000;8.411210;0
20210317 150400;8.411080;8.411450;8.409750;8.411450;0
20210317 150500;8.411730;8.414640;8.410050;8.414530;0
20210317 150600;8.414570;8.414570;8.410980;8.411490;0
20210317 150700;8.411530;8.411860;8.411430;8.411720;0
20210317 150800;8.411900;8.412460;8.410340;8.411170;0
20210317 150900;8.411290;8.411390;8.410640;8.410920;0
20210317 151000;8.410950;8.411600;8.410440;8.411210;0
20210317 151100;8.411190;8.411270;8.410770;8.410930;0
20210317 151200;8.410940;8.410970;8.409050;8.410040;0
20210317 151300;8.410120;8.410260;8.405080;8.407650;0
20210317 151400;8.407800;8.409260;8.407400;8.408780;0
20210317 151500;8.409090;8.409930;8.408950;8.409540;0
20210317 151600;8.409460;8.409820;8.409430;8.409780;0
20210317 151700;8.409750;8.409750;8.409450;8.409460;0
20210317 151800;8.409400;8.409400;8.408250;8.409220;0
20210317 151900;8.409170;8.409170;8.408790;8.408960;0
20210317 152000;8.408920;8.410270;8.408920;8.410270;0
20210317 152100;8.410360;8.410700;8.410310;8.410510;0
20210317 152200;8.410470;8.410610;8.410320;8.410390;0
20210317 152300;8.410570;8.410630;8.409910;8.409910;0
20210317 152400;8.409950;8.410390;8.409480;8.409680;0
20210317 152500;8.409740;8.410350;8.409740;8.409800;0
20210317 152600;8.409810;8.410220;8.409090;8.410220;0
20210317 152700;8.409810;8.410410;8.409180;8.410060;0
20210317 152800;8.410060;8.410060;8.408380;8.408820;0
20210317 152900;8.408880;8.410140;8.408680;8.409630;0
20210317 153000;8.409630;8.410550;8.409630;8.410260;0
20210317 153100;8.410370;8.410730;8.410170;8.410440;0
20210317 153200;8.410510;8.410510;8.409410;8.409410;0
20210317 153300;8.409420;8.409420;8.408820;8.409270;0
20210317 153400;8.408920;8.409120;8.407820;8.408020;0
20210317 153500;8.407820;8.408130;8.407520;8.407720;0
20210317 153600;8.407830;8.408520;8.406720;8.406830;0
20210317 153700;8.406720;8.407420;8.406720;8.407320;0
20210317 153800;8.407320;8.407620;8.406820;8.407020;0
20210317 153900;8.407020;8.407030;8.405420;8.406230;0
20210317 154000;8.406140;8.407630;8.405720;8.406920;0
20210317 154100;8.407030;8.407130;8.405830;8.406920;0
20210317 154200;8.406830;8.407330;8.405720;8.405820;0
20210317 154300;8.405720;8.408610;8.405420;8.407620;0
20210317 154400;8.407020;8.407620;8.406620;8.407520;0
20210317 154500;8.407430;8.407930;8.406520;8.406720;0
20210317 154600;8.406620;8.406720;8.406120;8.406120;0
20210317 154700;8.406220;8.406520;8.404820;8.405320;0
20210317 154800;8.405430;8.405830;8.404590;8.405320;0
20210317 154900;8.405520;8.406330;8.405130;8.405490;0
20210317 155000;8.405400;8.405900;8.405400;8.405570;0
20210317 155100;8.405570;8.406930;8.405570;8.406900;0
20210317 155200;8.406920;8.407320;8.405820;8.406420;0
20210317 155300;8.406520;8.407220;8.406020;8.406520;0
20210317 155400;8.406330;8.408520;8.406120;8.407920;0
20210317 155500;8.408020;8.408330;8.407030;8.407920;0
20210317 155600;8.407920;8.408720;8.407920;8.408720;0
20210317 155700;8.408630;8.408830;8.408520;8.408720;0
20210317 155800;8.408820;8.409320;8.408720;8.409120;0
20210317 155900;8.409120;8.410130;8.408920;8.409730;0
20210317 160000;8.407830;8.407830;8.407830;8.407830;0
20210317 161000;8.399920;8.405180;8.398590;8.400780;0
20210317 161100;8.400580;8.400580;8.396620;8.396820;0
20210317 161200;8.399280;8.399280;8.396920;8.396920;0
20210317 161300;8.396820;8.396920;8.396520;8.396920;0
20210317 161500;8.397520;8.397920;8.397520;8.397920;0
20210317 161600;8.397820;8.397920;8.397820;8.397920;0
20210317 161700;8.398130;8.398720;8.398130;8.398720;0
20210317 161800;8.400120;8.400130;8.398920;8.400130;0
20210317 161900;8.398920;8.398920;8.397520;8.398620;0
20210317 162000;8.396530;8.398520;8.396530;8.398520;0
20210317 162100;8.398920;8.398920;8.398520;8.398620;0
20210317 162300;8.399220;8.399220;8.399120;8.399120;0
20210317 162500;8.399220;8.399220;8.399120;8.399120;0
20210317 162600;8.399220;8.399220;8.399220;8.399220;0
20210317 162800;8.399320;8.399620;8.399320;8.399620;0
20210317 163000;8.399520;8.399520;8.399520;8.399520;0
20210317 163100;8.399630;8.399720;8.399630;8.399720;0
20210317 163200;8.399820;8.399820;8.399820;8.399820;0
20210317 163600;8.399420;8.399420;8.399420;8.399420;0
20210317 163700;8.399320;8.399320;8.399220;8.399220;0
20210317 164100;8.399320;8.399320;8.399320;8.399320;0
20210317 164200;8.399500;8.399500;8.399500;8.399500;0
20210317 164300;8.399500;8.399500;8.399350;8.399350;0
20210317 164400;8.400210;8.400700;8.400210;8.400700;0
20210317 164500;8.400590;8.401240;8.399560;8.401170;0
20210317 164600;8.401240;8.401680;8.399620;8.401090;0
20210317 164700;8.401030;8.402320;8.400570;8.402020;0
20210317 164800;8.402220;8.403940;8.402220;8.403940;0
20210317 164900;8.403250;8.403600;8.403250;8.403600;0
20210317 165000;8.402910;8.403690;8.402910;8.403690;0
20210317 165100;8.403830;8.404250;8.403610;8.404250;0
20210317 165200;8.403880;8.403880;8.403880;8.403880;0
20210317 165300;8.403070;8.404210;8.403070;8.403850;0
20210317 165400;8.403470;8.404300;8.403470;8.404300;0
20210317 165500;8.404370;8.404380;8.404370;8.404380;0
20210317 165600;8.404510;8.404510;8.404340;8.404340;0
20210317 165700;8.404340;8.404340;8.403870;8.404170;0
20210317 165800;8.405070;8.405290;8.404840;8.405290;0
20210317 165900;8.405390;8.405530;8.405390;8.405530;0
20210317 170000;8.405590;8.408260;8.401220;8.404660;0
20210317 170100;8.404500;8.407620;8.402670;8.407420;0
20210317 170200;8.407180;8.407490;8.401650;8.405380;0
20210317 170300;8.404280;8.407770;8.402850;8.405910;0
20210317 170400;8.405910;8.406910;8.402490;8.404770;0
20210317 170500;8.404770;8.405640;8.401110;8.403750;0
20210317 170600;8.403750;8.406030;8.401970;8.405100;0
20210317 170700;8.405110;8.406160;8.402710;8.404980;0
20210317 170800;8.404980;8.406880;8.402220;8.403710;0
20210317 170900;8.403710;8.405630;8.402060;8.403440;0
20210317 171000;8.403430;8.404980;8.401840;8.403850;0
20210317 171100;8.403940;8.404750;8.401760;8.403690;0
20210317 171200;8.403830;8.406210;8.401970;8.404860;0
20210317 171300;8.404980;8.406170;8.402890;8.404400;0
20210317 171400;8.404400;8.405740;8.402920;8.403320;0
20210317 171500;8.403420;8.405690;8.403420;8.405420;0
20210317 171600;8.405360;8.407960;8.403520;8.406110;0
20210317 171700;8.406120;8.407810;8.404830;8.405520;0
20210317 171800;8.405620;8.407660;8.404670;8.405910;0
20210317 171900;8.405420;8.407320;8.404420;8.406060;0
20210317 172000;8.406060;8.407790;8.404220;8.406440;0
20210317 172100;8.406430;8.407520;8.403970;8.405710;0
20210317 172200;8.405720;8.407610;8.404330;8.407610;0
20210317 172300;8.407610;8.408210;8.404960;8.407400;0
20210317 172400;8.407400;8.407880;8.405900;8.406890;0
20210317 172500;8.407180;8.407320;8.403670;8.405690;0
20210317 172600;8.406120;8.406280;8.402000;8.403620;0
20210317 172700;8.403630;8.404980;8.401960;8.403770;0
20210317 172800;8.403590;8.404490;8.399540;8.402580;0
20210317 172900;8.402580;8.403830;8.398340;8.403610;0
20210317 173000;8.403610;8.404430;8.402570;8.404350;0
20210317 173100;8.404340;8.405430;8.400800;8.403080;0
20210317 173200;8.403080;8.404020;8.399040;8.404020;0
20210317 173300;8.404020;8.404580;8.404020;8.404580;0
20210317 173400;8.404760;8.405550;8.403720;8.405160;0
20210317 173500;8.404920;8.405880;8.399780;8.404840;0
20210317 173600;8.404840;8.404840;8.400040;8.403790;0
20210317 173700;8.404020;8.404040;8.401080;8.402900;0
20210317 173800;8.402430;8.403780;8.400710;8.403740;0
20210317 173900;8.403740;8.404400;8.399610;8.402790;0
20210317 174000;8.403140;8.403690;8.400170;8.401340;0
20210317 174100;8.401240;8.402120;8.400110;8.400820;0
20210317 174200;8.400820;8.403740;8.399720;8.403740;0
20210317 174300;8.404020;8.405880;8.401650;8.403660;0
20210317 174400;8.403650;8.405130;8.402000;8.403230;0
20210317 174500;8.403230;8.406240;8.402870;8.404130;0
20210317 174600;8.404130;8.408650;8.402880;8.408390;0
20210317 174700;8.408130;8.409620;8.405730;8.409100;0
20210317 174800;8.409110;8.410200;8.406760;8.408680;0
20210317 174900;8.408670;8.409380;8.404330;8.406850;0
20210317 175000;8.406840;8.407780;8.406000;8.407770;0
20210317 175100;8.407780;8.407960;8.403160;8.406180;0
20210317 175200;8.406180;8.407420;8.402610;8.405680;0
20210317 175300;8.405680;8.407290;8.404120;8.406780;0
20210317 175400;8.406770;8.407880;8.405150;8.405640;0
20210317 175500;8.405970;8.407700;8.405180;8.406030;0
20210317 175600;8.406270;8.407950;8.406240;8.407950;0
20210317 175700;8.408070;8.408990;8.405760;8.408570;0
20210317 175800;8.408780;8.408850;8.406020;8.406520;0
20210317 175900;8.406620;8.407420;8.406220;8.406620;0
20210317 180000;8.406820;8.407530;8.404150;8.405550;0
20210317 180100;8.406220;8.406920;8.403750;8.404320;0
20210317 180200;8.404930;8.405520;8.402260;8.403920;0
20210317 180300;8.404120;8.404920;8.402990;8.403620;0
20210317 180400;8.403720;8.404020;8.401200;8.403120;0
20210317 180500;8.403120;8.403420;8.402320;8.402820;0
20210317 180600;8.402730;8.403820;8.402720;8.403520;0
20210317 180700;8.403620;8.405850;8.402440;8.403140;0
20210317 180800;8.403720;8.405300;8.403140;8.404530;0
20210317 180900;8.404720;8.404930;8.403120;8.404720;0
20210317 181000;8.404630;8.406320;8.403510;8.405440;0
20210317 181100;8.405440;8.406830;8.402890;8.406740;0
20210317 181200;8.406740;8.407350;8.404920;8.407050;0
20210317 181300;8.406820;8.408420;8.404430;8.406230;0
20210317 181400;8.406230;8.408620;8.404350;8.406390;0
20210317 181500;8.406380;8.407740;8.404840;8.405760;0
20210317 181600;8.405900;8.407520;8.404020;8.405560;0
20210317 181700;8.405860;8.407570;8.405360;8.405670;0
20210317 181800;8.406070;8.408140;8.405280;8.405520;0
20210317 181900;8.405420;8.407530;8.405420;8.407530;0
20210317 182000;8.407780;8.407930;8.405330;8.406070;0
20210317 182100;8.406060;8.406460;8.405320;8.406080;0
20210317 182200;8.406280;8.406800;8.405130;8.405660;0
20210317 182300;8.405870;8.406660;8.405470;8.405960;0
20210317 182400;8.405960;8.407020;8.405320;8.405720;0
20210317 182500;8.405920;8.406210;8.405260;8.405480;0
20210317 182600;8.405480;8.405930;8.404470;8.404980;0
20210317 182700;8.404970;8.404970;8.404040;8.404060;0
20210317 182800;8.404320;8.404940;8.404010;8.404530;0
20210317 182900;8.404540;8.405000;8.404380;8.404870;0
20210317 183000;8.404470;8.405080;8.404320;8.405050;0
20210317 183100;8.404920;8.404920;8.404380;8.404380;0
20210317 183200;8.404380;8.404860;8.404230;8.404380;0
20210317 183300;8.404380;8.405560;8.404070;8.404820;0
20210317 183400;8.404850;8.405790;8.404520;8.405660;0
20210317 183500;8.405580;8.405580;8.403920;8.405270;0
20210317 183600;8.405270;8.405800;8.404400;8.404870;0
20210317 183700;8.404870;8.405500;8.404380;8.404910;0
20210317 183800;8.404770;8.405250;8.404550;8.405000;0
20210317 183900;8.404920;8.405540;8.404520;8.404620;0
20210317 184000;8.404910;8.405560;8.404390;8.404890;0
20210317 184100;8.404630;8.404860;8.404470;8.404600;0
20210317 184200;8.404330;8.404850;8.403990;8.404420;0
20210317 184300;8.404380;8.405960;8.404380;8.405950;0
20210317 184400;8.405950;8.406560;8.404900;8.405290;0
20210317 184500;8.405150;8.406370;8.404790;8.405880;0
20210317 184600;8.405880;8.406610;8.405270;8.405920;0
20210317 184700;8.406070;8.406570;8.404850;8.405650;0
20210317 184800;8.405660;8.406610;8.405240;8.406000;0
20210317 184900;8.406130;8.406720;8.404720;8.404860;0
20210317 185000;8.404860;8.405620;8.404380;8.405130;0
20210317 185100;8.404390;8.404510;8.403920;8.404390;0
20210317 185200;8.403920;8.404390;8.403920;8.404380;0
20210317 185300;8.404390;8.404390;8.403920;8.404390;0
20210317 185400;8.404380;8.405380;8.398620;8.399870;0
20210317 185500;8.399750;8.400530;8.399320;8.399530;0
20210317 185600;8.399690;8.402100;8.398510;8.402100;0
20210317 185700;8.402100;8.402150;8.401700;8.401770;0
20210317 185800;8.401560;8.401580;8.401000;8.401240;0
20210317 185900;8.401170;8.401270;8.401050;8.401050;0
20210317 190000;8.401060;8.402850;8.401050;8.401870;0
20210317 190100;8.401870;8.401870;8.401040;8.401330;0
20210317 190200;8.401330;8.404120;8.400800;8.403880;0
20210317 190300;8.403910;8.405790;8.403440;8.405100;0
20210317 190400;8.405100;8.405240;8.402690;8.402770;0
20210317 190500;8.402880;8.403170;8.402190;8.402450;0
20210317 190600;8.402440;8.403190;8.402320;8.402320;0
20210317 190700;8.402100;8.402390;8.399440;8.400000;0
20210317 190800;8.399990;8.400320;8.399300;8.399310;0
20210317 190900;8.399310;8.399570;8.395420;8.397620;0
20210317 191000;8.397720;8.398130;8.396580;8.397930;0
20210317 191100;8.397920;8.399420;8.395520;8.399420;0
20210317 191200;8.399520;8.400330;8.396420;8.397220;0
20210317 191300;8.397320;8.397550;8.395740;8.397340;0
20210317 191400;8.397600;8.397720;8.396190;8.396380;0
20210317 191500;8.395860;8.396640;8.393390;8.393740;0
20210317 191600;8.393560;8.394380;8.393160;8.394320;0
20210317 191700;8.394400;8.394500;8.393460;8.393520;0
20210317 191800;8.393500;8.393570;8.392070;8.392510;0
20210317 191900;8.392460;8.392910;8.392100;8.392170;0
20210317 192000;8.392220;8.393720;8.392210;8.392220;0
20210317 192100;8.392270;8.392520;8.392180;8.392260;0
20210317 192200;8.392260;8.392260;8.392180;8.392180;0
20210317 192300;8.392180;8.393530;8.392180;8.392180;0
20210317 192400;8.392180;8.394620;8.392180;8.394220;0
20210317 192500;8.394320;8.397020;8.394320;8.396020;0
20210317 192600;8.395990;8.397520;8.395440;8.396620;0
20210317 192700;8.396480;8.396480;8.395940;8.396290;0
20210317 192800;8.396440;8.396440;8.395480;8.396240;0
20210317 192900;8.396390;8.398420;8.396240;8.397860;0
20210317 193000;8.397850;8.398220;8.393980;8.393980;0
20210317 193100;8.393980;8.393980;8.388640;8.392020;0
20210317 193200;8.392020;8.394830;8.391030;8.393450;0
20210317 193300;8.393450;8.397820;8.392320;8.396530;0
20210317 193400;8.396620;8.398720;8.395420;8.396760;0
20210317 193500;8.396760;8.396920;8.395320;8.395720;0
20210317 193600;8.395830;8.396630;8.394820;8.395220;0
20210317 193700;8.395050;8.396320;8.393620;8.393720;0
20210317 193800;8.393820;8.395620;8.393250;8.395120;0
20210317 193900;8.395120;8.396330;8.394220;8.395020;0
20210317 194000;8.395120;8.398130;8.394120;8.397020;0
20210317 194100;8.396820;8.399220;8.396820;8.397820;0
20210317 194200;8.397920;8.398920;8.397650;8.398720;0
20210317 194300;8.398820;8.400120;8.396950;8.399630;0
20210317 194400;8.399520;8.400420;8.398320;8.400020;0
20210317 194500;8.399920;8.400130;8.398820;8.399130;0
20210317 194600;8.399220;8.399820;8.398320;8.399620;0
20210317 194700;8.399620;8.399620;8.397960;8.397960;0
20210317 194800;8.397890;8.402320;8.397470;8.402220;0
20210317 194900;8.402120;8.402420;8.401320;8.401590;0
20210317 195000;8.401310;8.402950;8.401050;8.401290;0
20210317 195100;8.401430;8.402720;8.401360;8.402650;0
20210317 195200;8.402670;8.406250;8.402460;8.406250;0
20210317 195300;8.406460;8.407740;8.405180;8.405230;0
20210317 195400;8.405290;8.406620;8.405230;8.405770;0
20210317 195500;8.405910;8.406520;8.404710;8.406300;0
20210317 195600;8.406380;8.407990;8.405530;8.407150;0
20210317 195700;8.407150;8.407490;8.403930;8.403930;0
20210317 195800;8.403810;8.405050;8.403320;8.403580;0
20210317 195900;8.403570;8.404750;8.403570;8.404140;0
20210317 200000;8.403940;8.404020;8.391680;8.396050;0
20210317 200100;8.396050;8.398650;8.392980;8.393750;0
20210317 200200;8.393750;8.398190;8.392950;8.398190;0
20210317 200300;8.397640;8.399530;8.395190;8.399520;0
20210317 200400;8.399420;8.400170;8.396990;8.399750;0
20210317 200500;8.399490;8.402470;8.395980;8.401150;0
20210317 200600;8.401150;8.401930;8.400520;8.401720;0
20210317 200700;8.402000;8.402000;8.399410;8.400020;0
20210317 200800;8.400090;8.402520;8.399980;8.402420;0
20210317 200900;8.402330;8.402920;8.401550;8.402350;0
20210317 201000;8.402360;8.403850;8.402040;8.402620;0
20210317 201100;8.402720;8.404460;8.401890;8.404280;0
20210317 201200;8.404280;8.404510;8.402220;8.402830;0
20210317 201300;8.403120;8.403620;8.402250;8.402760;0
20210317 201400;8.402760;8.403720;8.402760;8.403260;0
20210317 201500;8.403250;8.403520;8.402800;8.403450;0
20210317 201600;8.403380;8.403680;8.402940;8.403160;0
20210317 201700;8.403160;8.403340;8.396720;8.396850;0
20210317 201800;8.396750;8.399750;8.396170;8.399750;0
20210317 201900;8.399680;8.399680;8.396320;8.396390;0
20210317 202000;8.396440;8.397350;8.395910;8.397180;0
20210317 202100;8.396970;8.397240;8.396390;8.396650;0
20210317 202200;8.396750;8.397750;8.396520;8.397750;0
20210317 202300;8.397760;8.398300;8.397320;8.397850;0
20210317 202400;8.397650;8.399120;8.397420;8.398550;0
20210317 202500;8.399420;8.400820;8.399420;8.400190;0
20210317 202600;8.400240;8.401930;8.400230;8.401520;0
20210317 202700;8.401620;8.404230;8.401620;8.403850;0
20210317 202800;8.403700;8.405220;8.403260;8.404820;0
20210317 202900;8.404920;8.405270;8.404160;8.405080;0
20210317 203000;8.405000;8.405820;8.404660;8.405720;0
20210317 203100;8.405820;8.407240;8.405190;8.406220;0
20210317 203200;8.405930;8.407750;8.405930;8.407210;0
20210317 203300;8.407220;8.412070;8.407140;8.411950;0
20210317 203400;8.411860;8.412520;8.411520;8.412080;0
20210317 203500;8.412080;8.412090;8.410180;8.410270;0
20210317 203600;8.410490;8.411620;8.410260;8.410310;0
20210317 203700;8.410310;8.410420;8.409880;8.410100;0
20210317 203800;8.410100;8.410100;8.408680;8.408690;0
20210317 203900;8.408680;8.409220;8.407680;8.409190;0
20210317 204000;8.408860;8.408860;8.403120;8.407460;0
20210317 204100;8.407620;8.409520;8.406850;8.407950;0
20210317 204200;8.407950;8.409020;8.406320;8.408860;0
20210317 204300;8.408850;8.410730;8.408850;8.410720;0
20210317 204400;8.410620;8.412730;8.409750;8.411230;0
20210317 204500;8.411320;8.411630;8.409700;8.410520;0
20210317 204600;8.410720;8.410720;8.409120;8.409120;0
20210317 204700;8.409120;8.409530;8.407200;8.408720;0
20210317 204800;8.408830;8.409220;8.407320;8.408720;0
20210317 204900;8.408520;8.409230;8.407680;8.407920;0
20210317 205000;8.408120;8.408460;8.406210;8.406630;0
20210317 205100;8.406880;8.407550;8.406400;8.407060;0
20210317 205200;8.407050;8.408360;8.406750;8.408150;0
20210317 205300;8.407950;8.407960;8.406520;8.407740;0
20210317 205400;8.407470;8.408720;8.405060;8.405060;0
20210317 205500;8.405120;8.405930;8.404120;8.404660;0
20210317 205600;8.404960;8.405460;8.403950;8.405250;0
20210317 205700;8.405350;8.405860;8.404920;8.405450;0
20210317 205800;8.404730;8.407150;8.404730;8.407150;0
20210317 205900;8.407350;8.408420;8.407150;8.408150;0
20210317 210000;8.408350;8.410220;8.407050;8.409750;0
20210317 210100;8.409790;8.411020;8.409650;8.410550;0
20210317 210200;8.410450;8.410650;8.410040;8.410040;0
20210317 210300;8.410120;8.411520;8.410050;8.410850;0
20210317 210400;8.410730;8.412020;8.410260;8.411230;0
20210317 210500;8.411320;8.412370;8.411170;8.412370;0
20210317 210600;8.412580;8.414120;8.412580;8.413800;0
20210317 210700;8.413890;8.413890;8.413040;8.413150;0
20210317 210800;8.413160;8.414230;8.413110;8.414020;0
20210317 210900;8.413960;8.414160;8.412180;8.412210;0
20210317 211000;8.412210;8.413800;8.412170;8.413800;0
20210317 211100;8.413800;8.414100;8.412650;8.412750;0
20210317 211200;8.412750;8.412760;8.411220;8.411920;0
20210317 211300;8.411930;8.412090;8.411720;8.412030;0
20210317 211400;8.412020;8.412370;8.412020;8.412370;0
20210317 211500;8.412370;8.412370;8.411800;8.411800;0
20210317 211600;8.411800;8.412030;8.411240;8.412030;0
20210317 211700;8.412020;8.412020;8.411040;8.411510;0
20210317 211800;8.411430;8.411830;8.411150;8.411830;0
20210317 211900;8.411820;8.413130;8.411820;8.413000;0
20210317 212000;8.412990;8.412990;8.412400;8.412600;0
20210317 212100;8.412480;8.412670;8.412480;8.412610;0
20210317 212200;8.412830;8.412830;8.412690;8.412720;0
20210317 212300;8.412860;8.413210;8.412790;8.413000;0
20210317 212400;8.413150;8.413490;8.413070;8.413420;0
20210317 212500;8.413490;8.413490;8.413330;8.413330;0
20210317 212600;8.413290;8.413750;8.412970;8.413170;0
20210317 212700;8.413170;8.413170;8.403520;8.411320;0
20210317 212800;8.411120;8.411670;8.404220;8.409920;0
20210317 212900;8.409720;8.412790;8.405820;8.406550;0
20210317 213000;8.406650;8.408910;8.406650;8.408810;0
20210317 213100;8.408810;8.410410;8.408810;8.410120;0
20210317 213200;8.410120;8.410960;8.410050;8.410960;0
20210317 213300;8.411020;8.411630;8.409750;8.409950;0
20210317 213400;8.409960;8.410030;8.408350;8.409130;0
20210317 213500;8.408980;8.409790;8.408980;8.409680;0
20210317 213600;8.409510;8.410010;8.409120;8.409920;0
20210317 213700;8.409850;8.410120;8.407030;8.407650;0
20210317 213800;8.407460;8.407560;8.405620;8.406750;0
20210317 213900;8.406960;8.407550;8.405680;8.407550;0
20210317 214000;8.407550;8.409030;8.406620;8.407650;0
20210317 214100;8.407650;8.408720;8.407350;8.408250;0
20210317 214200;8.408250;8.411020;8.405320;8.410750;0
20210317 214300;8.409820;8.410650;8.408950;8.409250;0
20210317 214400;8.409250;8.409360;8.408320;8.409250;0
20210317 214500;8.409250;8.410350;8.408350;8.409750;0
20210317 214600;8.409750;8.412120;8.409450;8.410720;0
20210317 214700;8.410730;8.411030;8.408850;8.409630;0
20210317 214800;8.409560;8.409720;8.408220;8.409420;0
20210317 214900;8.409630;8.410620;8.408150;8.408820;0
20210317 215000;8.408730;8.410520;8.408420;8.410350;0
20210317 215100;8.410350;8.410820;8.410050;8.410130;0
20210317 215200;8.410120;8.411030;8.409250;8.410520;0
20210317 215300;8.410520;8.410820;8.408750;8.409620;0
20210317 215400;8.409820;8.409830;8.408350;8.409650;0
20210317 215500;8.409750;8.410350;8.407720;8.409250;0
20210317 215600;8.409250;8.409860;8.408150;8.408160;0
20210317 215700;8.408150;8.411560;8.407850;8.411150;0
20210317 215800;8.411150;8.411150;8.409450;8.409750;0
20210317 215900;8.409750;8.409860;8.407050;8.408260;0
20210317 220000;8.408250;8.410550;8.407750;8.410550;0
20210317 220100;8.410550;8.410650;8.409650;8.409850;0
20210317 220200;8.409850;8.410230;8.406150;8.407520;0
20210317 220300;8.407320;8.408130;8.404920;8.406950;0
20210317 220400;8.407150;8.408420;8.405150;8.405760;0
20210317 220500;8.405750;8.410730;8.404810;8.407050;0
20210317 220600;8.407050;8.407760;8.404820;8.406860;0
20210317 220700;8.406850;8.408130;8.406450;8.407150;0
20210317 220800;8.407150;8.409120;8.406050;8.408050;0
20210317 220900;8.408050;8.408550;8.407150;8.408250;0
20210317 221000;8.408460;8.408750;8.406560;8.407350;0
20210317 221100;8.407450;8.409220;8.406420;8.408120;0
20210317 221200;8.408220;8.410020;8.406930;8.410020;0
20210317 221300;8.410030;8.410420;8.408130;8.409210;0
20210317 221400;8.409160;8.411330;8.408770;8.410450;0
20210317 221500;8.410450;8.411030;8.409080;8.410520;0
20210317 221600;8.410520;8.410720;8.409190;8.410020;0
20210317 221700;8.409830;8.411340;8.409320;8.409820;0
20210317 221800;8.409920;8.410020;8.407370;8.409120;0
20210317 221900;8.409330;8.409620;8.407640;8.408420;0
20210317 222000;8.408920;8.411120;8.408720;8.410050;0
20210317 222100;8.410820;8.411120;8.409450;8.410630;0
20210317 222200;8.410720;8.410830;8.408920;8.409830;0
20210317 222300;8.409720;8.411320;8.408820;8.411320;0
20210317 222400;8.411320;8.411420;8.410120;8.410490;0
20210317 222500;8.411120;8.415470;8.410450;8.413150;0
20210317 222600;8.413150;8.418500;8.412630;8.415060;0
20210317 222700;8.415050;8.416320;8.414850;8.415650;0
20210317 222800;8.415650;8.415960;8.413350;8.414150;0
20210317 222900;8.414160;8.415230;8.413750;8.414250;0
20210317 223000;8.414250;8.414460;8.412060;8.412650;0
20210317 223100;8.412650;8.415230;8.412620;8.413950;0
20210317 223200;8.413550;8.415230;8.413120;8.413550;0
20210317 223300;8.413550;8.415430;8.413550;8.415350;0
20210317 223400;8.415350;8.416620;8.414220;8.415460;0
20210317 223500;8.415450;8.416120;8.414530;8.415150;0
20210317 223600;8.415150;8.416260;8.414740;8.416250;0
20210317 223700;8.416250;8.417520;8.415850;8.416420;0
20210317 223800;8.416420;8.418730;8.416150;8.417350;0
20210317 223900;8.417350;8.419120;8.417230;8.418150;0
20210317 224000;8.418160;8.418420;8.416760;8.417450;0
20210317 224100;8.417150;8.417720;8.416390;8.416650;0
20210317 224200;8.416960;8.418360;8.415950;8.416490;0
20210317 224300;8.416150;8.417320;8.415560;8.416150;0
20210317 224400;8.416160;8.417160;8.415750;8.416950;0
20210317 224500;8.416520;8.418350;8.416450;8.417950;0
20210317 224600;8.417950;8.420660;8.417450;8.419650;0
20210317 224700;8.419650;8.422220;8.418550;8.421460;0
20210317 224800;8.421460;8.422000;8.421070;8.421280;0
20210317 224900;8.421310;8.422330;8.421100;8.422020;0
20210317 225000;8.421820;8.421820;8.420600;8.421360;0
20210317 225100;8.421350;8.422820;8.421350;8.422420;0
20210317 225200;8.422220;8.422330;8.421510;8.421810;0
20210317 225300;8.421800;8.421920;8.421310;8.421480;0
20210317 225400;8.421690;8.422590;8.421670;8.422530;0
20210317 225500;8.422490;8.422880;8.422070;8.422440;0
20210317 225600;8.422230;8.422720;8.422180;8.422420;0
20210317 225700;8.422420;8.423710;8.422310;8.423450;0
20210317 225800;8.423360;8.424720;8.423320;8.424370;0
20210317 225900;8.424300;8.424820;8.423920;8.424200;0
20210317 230000;8.424310;8.424430;8.422920;8.422930;0
20210317 230100;8.423000;8.423090;8.422170;8.422500;0
20210317 230200;8.422480;8.422830;8.422180;8.422180;0
20210317 230300;8.422370;8.422900;8.421850;8.421850;0
20210317 230400;8.421850;8.422480;8.421850;8.422330;0
20210317 230500;8.422330;8.423250;8.422150;8.422690;0
20210317 230600;8.422710;8.423180;8.422280;8.422280;0
20210317 230700;8.422340;8.422590;8.421620;8.421730;0
20210317 230800;8.422020;8.422370;8.421660;8.422030;0
20210317 230900;8.422250;8.423220;8.422250;8.422870;0
20210317 231000;8.422940;8.423410;8.422320;8.422810;0
20210317 231100;8.422800;8.423350;8.422580;8.423260;0
20210317 231200;8.423470;8.423810;8.423350;8.423570;0
20210317 231300;8.423640;8.425230;8.423480;8.424550;0
20210317 231400;8.424560;8.425960;8.423550;8.425130;0
20210317 231500;8.424950;8.426220;8.424400;8.425050;0
20210317 231600;8.425130;8.427030;8.424850;8.426650;0
20210317 231700;8.426720;8.427830;8.426420;8.427620;0
20210317 231800;8.427620;8.427820;8.426750;8.427260;0
20210317 231900;8.426850;8.427420;8.426000;8.426620;0
20210317 232000;8.425800;8.427320;8.425800;8.426360;0
20210317 232100;8.426420;8.426930;8.425490;8.425620;0
20210317 232200;8.425490;8.427130;8.425490;8.426330;0
20210317 232300;8.426330;8.426620;8.425850;8.426430;0
20210317 232400;8.426320;8.427320;8.425950;8.427020;0
20210317 232500;8.426930;8.427230;8.426050;8.426930;0
20210317 232600;8.426920;8.432020;8.425440;8.427230;0
20210317 232700;8.427430;8.428170;8.426320;8.427970;0
20210317 232800;8.427970;8.427980;8.424730;8.425450;0
20210317 232900;8.425450;8.425950;8.424950;8.425760;0
20210317 233000;8.425950;8.427540;8.425650;8.427020;0
20210317 233100;8.427010;8.427270;8.426840;8.426930;0
20210317 233200;8.426930;8.427140;8.425500;8.425670;0
20210317 233300;8.425850;8.425850;8.425280;8.425280;0
20210317 233400;8.425510;8.426850;8.425510;8.426660;0
20210317 233500;8.426500;8.426730;8.425950;8.426230;0
20210317 233600;8.426160;8.426160;8.423660;8.423760;0
20210317 233700;8.423750;8.424600;8.423490;8.423580;0
20210317 233800;8.423660;8.425410;8.423590;8.425120;0
20210317 233900;8.424920;8.425180;8.423070;8.423070;0
20210317 234000;8.423120;8.423120;8.421590;8.422140;0
20210317 234100;8.422150;8.422310;8.421320;8.421420;0
20210317 234200;8.421490;8.424230;8.421410;8.424230;0
20210317 234300;8.424000;8.424370;8.423960;8.424280;0
20210317 234400;8.424150;8.424150;8.423370;8.423510;0
20210317 234500;8.423580;8.423660;8.423350;8.423420;0
20210317 234600;8.423320;8.423320;8.422670;8.422810;0
20210317 234700;8.422870;8.422960;8.421660;8.421950;0
20210317 234800;8.421950;8.422260;8.419090;8.419750;0
20210317 234900;8.420250;8.421650;8.418650;8.421650;0
20210317 235000;8.421550;8.421550;8.419870;8.419930;0
20210317 235100;8.419930;8.419940;8.419810;8.419940;0
20210317 235200;8.419860;8.420040;8.419860;8.419960;0
20210317 235300;8.419960;8.421130;8.419720;8.419830;0
20210317 235400;8.419830;8.420420;8.418890;8.419760;0
20210317 235500;8.419730;8.420210;8.419330;8.420050;0
20210317 235600;8.420040;8.420620;8.419730;8.420550;0
20210317 235700;8.420530;8.420870;8.420160;8.420480;0
20210317 235800;8.420490;8.421230;8.420250;8.421070;0
20210317 235900;8.420810;8.422310;8.418690;8.420230;0
20210318 000000;8.420240;8.421510;8.418900;8.418900;0
20210318 000100;8.418910;8.420380;8.418680;8.419380;0
20210318 000200;8.419380;8.420240;8.419350;8.419870;0
20210318 000300;8.419730;8.419730;8.419000;8.419110;0
20210318 000400;8.419120;8.419920;8.418970;8.419110;0
20210318 000500;8.419110;8.419690;8.419030;8.419210;0
20210318 000600;8.419200;8.420420;8.419200;8.419480;0
20210318 000700;8.419460;8.419780;8.418780;8.419360;0
20210318 000800;8.419370;8.419440;8.418830;8.419020;0
20210318 000900;8.418940;8.422690;8.418840;8.422690;0
20210318 001000;8.422580;8.423140;8.421670;8.422100;0
20210318 001100;8.421970;8.422320;8.417820;8.418150;0
20210318 001200;8.418210;8.419250;8.418210;8.418650;0
20210318 001300;8.418650;8.419960;8.418480;8.419340;0
20210318 001400;8.419400;8.419410;8.417440;8.418120;0
20210318 001500;8.418130;8.418350;8.417260;8.417580;0
20210318 001600;8.417580;8.417590;8.417420;8.417430;0
20210318 001700;8.417430;8.417430;8.416840;8.417080;0
20210318 001800;8.417080;8.417310;8.416730;8.416890;0
20210318 001900;8.416750;8.416900;8.416140;8.416650;0
20210318 002000;8.416760;8.417460;8.416360;8.417150;0
20210318 002100;8.416640;8.417450;8.416580;8.416960;0
20210318 002200;8.416850;8.417140;8.416130;8.417030;0
20210318 002300;8.416940;8.417750;8.416510;8.417070;0
20210318 002400;8.417080;8.417800;8.414190;8.414620;0
20210318 002500;8.414610;8.417430;8.414590;8.417120;0
20210318 002600;8.417220;8.420120;8.416350;8.420020;0
20210318 002700;8.420120;8.420550;8.419150;8.419950;0
20210318 002800;8.419950;8.420080;8.417150;8.418360;0
20210318 002900;8.418350;8.418350;8.417050;8.417450;0
20210318 003000;8.417450;8.421560;8.416960;8.421560;0
20210318 003100;8.421550;8.422050;8.419220;8.419230;0
20210318 003200;8.419260;8.419330;8.410050;8.412910;0
20210318 003300;8.412600;8.412940;8.410820;8.412150;0
20210318 003400;8.411850;8.414850;8.411320;8.413930;0
20210318 003500;8.413940;8.415150;8.412750;8.413050;0
20210318 003600;8.413050;8.415060;8.413050;8.414650;0
20210318 003700;8.414650;8.415860;8.414090;8.414760;0
20210318 003800;8.414850;8.415260;8.413350;8.413750;0
20210318 003900;8.413550;8.414860;8.413170;8.413410;0
20210318 004000;8.413850;8.414350;8.413120;8.414250;0
20210318 004100;8.414150;8.414820;8.413750;8.414150;0
20210318 004200;8.414150;8.415150;8.413720;8.414650;0
20210318 004300;8.414950;8.416120;8.414350;8.415750;0
20210318 004400;8.415950;8.417150;8.415350;8.416350;0
20210318 004500;8.416460;8.417350;8.414950;8.417050;0
20210318 004600;8.417050;8.417360;8.415950;8.416850;0
20210318 004700;8.416850;8.417060;8.415750;8.416550;0
20210318 004800;8.416450;8.417460;8.415850;8.416550;0
20210318 004900;8.416550;8.416860;8.415450;8.416150;0
20210318 005000;8.415950;8.416750;8.415450;8.416350;0
20210318 005100;8.416250;8.416560;8.415460;8.415920;0
20210318 005200;8.415920;8.416550;8.415320;8.416050;0
20210318 005300;8.416050;8.416650;8.414950;8.415560;0
20210318 005400;8.415550;8.417060;8.415150;8.416660;0
20210318 005500;8.416350;8.416450;8.414850;8.416160;0
20210318 005600;8.416150;8.416350;8.414950;8.415350;0
20210318 005700;8.415250;8.416020;8.414820;8.415550;0
20210318 005800;8.415450;8.417150;8.414950;8.416050;0
20210318 005900;8.415960;8.418260;8.415950;8.417250;0
20210318 010000;8.417250;8.417250;8.414890;8.415790;0
20210318 010100;8.416060;8.418720;8.415860;8.418610;0
20210318 010200;8.418660;8.420080;8.418510;8.419940;0
20210318 010300;8.420010;8.420070;8.418340;8.418810;0
20210318 010400;8.418670;8.418740;8.414480;8.416220;0
20210318 010500;8.416320;8.417120;8.415320;8.417120;0
20210318 010600;8.417120;8.417120;8.415440;8.415450;0
20210318 010700;8.415620;8.416250;8.414820;8.415120;0
20210318 010800;8.414920;8.416220;8.414850;8.415330;0
20210318 010900;8.415520;8.416520;8.415050;8.416430;0
20210318 011000;8.416320;8.416430;8.415350;8.415350;0
20210318 011100;8.414920;8.415120;8.414650;8.415000;0
20210318 011200;8.414880;8.415460;8.414880;8.415000;0
20210318 011300;8.415070;8.415440;8.415070;8.415280;0
20210318 011400;8.415070;8.415070;8.414150;8.414260;0
20210318 011500;8.414270;8.416530;8.413720;8.415360;0
20210318 011600;8.415350;8.416130;8.413100;8.414930;0
20210318 011700;8.414820;8.416020;8.414140;8.414140;0
20210318 011800;8.414220;8.415320;8.414130;8.414320;0
20210318 011900;8.414280;8.415030;8.413830;8.414020;0
20210318 012000;8.414120;8.414420;8.413490;8.413830;0
20210318 012100;8.413790;8.414520;8.412920;8.413320;0
20210318 012200;8.413320;8.413330;8.412910;8.412980;0
20210318 012300;8.412980;8.412990;8.412070;8.412490;0
20210318 012400;8.412490;8.412560;8.410520;8.410520;0
20210318 012500;8.410520;8.410980;8.410330;8.410560;0
20210318 012600;8.410700;8.410980;8.410410;8.410560;0
20210318 012700;8.410570;8.410570;8.408770;8.408770;0
20210318 012800;8.408780;8.410160;8.408780;8.409960;0
20210318 012900;8.410100;8.410530;8.409070;8.409880;0
20210318 013000;8.409750;8.410220;8.408050;8.408540;0
20210318 013100;8.408540;8.409760;8.408370;8.409330;0
20210318 013200;8.409330;8.409350;8.408270;8.408510;0
20210318 013300;8.408590;8.410470;8.408540;8.410460;0
20210318 013400;8.410160;8.410320;8.410110;8.410180;0
20210318 013500;8.410250;8.410400;8.409080;8.409080;0
20210318 013600;8.409020;8.409020;8.407410;8.407760;0
20210318 013700;8.407760;8.407760;8.407760;8.407760;0
20210318 013800;8.407550;8.407630;8.407340;8.407350;0
20210318 013900;8.407340;8.407470;8.406840;8.407470;0
20210318 014000;8.407280;8.407460;8.405500;8.405630;0
20210318 014100;8.405500;8.405920;8.404570;8.404930;0
20210318 014200;8.404820;8.405120;8.404350;8.404820;0
20210318 014300;8.404720;8.404830;8.404350;8.404720;0
20210318 014400;8.404820;8.405030;8.403010;8.403320;0
20210318 014500;8.403300;8.403330;8.401890;8.401890;0
20210318 014600;8.401960;8.402170;8.396920;8.398420;0
20210318 014700;8.398530;8.399920;8.397320;8.399910;0
20210318 014800;8.399780;8.399780;8.397230;8.398310;0
20210318 014900;8.398170;8.398450;8.396760;8.397240;0
20210318 015000;8.397840;8.398320;8.396860;8.397780;0
20210318 015100;8.397710;8.398800;8.394430;8.394880;0
20210318 015200;8.394920;8.395160;8.394460;8.394460;0
20210318 015300;8.394600;8.395570;8.394600;8.394940;0
20210318 015400;8.395010;8.395150;8.394450;8.394530;0
20210318 015500;8.394730;8.398380;8.394730;8.397650;0
20210318 015600;8.397870;8.399420;8.397790;8.398860;0
20210318 015700;8.399000;8.399000;8.397860;8.397860;0
20210318 015800;8.397580;8.397720;8.396700;8.396710;0
20210318 015900;8.396710;8.396840;8.395360;8.395690;0
20210318 020000;8.396240;8.398250;8.393460;8.394000;0
20210318 020100;8.393850;8.394490;8.393400;8.393510;0
20210318 020200;8.393640;8.397030;8.393300;8.394990;0
20210318 020300;8.395240;8.395350;8.393310;8.393810;0
20210318 020400;8.393550;8.393850;8.386030;8.389930;0
20210318 020500;8.389930;8.393570;8.388950;8.389300;0
20210318 020600;8.389410;8.390330;8.388620;8.389720;0
20210318 020700;8.389730;8.396030;8.389080;8.392160;0
20210318 020800;8.392290;8.395710;8.390900;8.390900;0
20210318 020900;8.390960;8.391010;8.387420;8.387950;0
20210318 021000;8.388010;8.391220;8.386000;8.389140;0
20210318 021100;8.389400;8.391890;8.388730;8.390920;0
20210318 021200;8.390930;8.391130;8.388440;8.389020;0
20210318 021300;8.388920;8.391150;8.387620;8.390320;0
20210318 021400;8.390320;8.392670;8.390100;8.392020;0
20210318 021500;8.392020;8.393930;8.391320;8.392560;0
20210318 021600;8.392660;8.395720;8.392660;8.395720;0
20210318 021700;8.395580;8.397260;8.395060;8.397180;0
20210318 021800;8.397200;8.397480;8.394230;8.397480;0
20210318 021900;8.397480;8.397480;8.395800;8.396200;0
20210318 022000;8.396180;8.397040;8.394750;8.396960;0
20210318 022100;8.396950;8.403590;8.396870;8.403510;0
20210318 022200;8.403400;8.415240;8.403070;8.415240;0
20210318 022300;8.415230;8.418860;8.411550;8.414490;0
20210318 022400;8.414320;8.417180;8.413730;8.417180;0
20210318 022500;8.417250;8.422090;8.416450;8.422090;0
20210318 022600;8.422090;8.426270;8.420520;8.424550;0
20210318 022700;8.424550;8.427720;8.423890;8.426650;0
20210318 022800;8.426570;8.427760;8.424820;8.424820;0
20210318 022900;8.424630;8.424990;8.419060;8.424680;0
20210318 023000;8.424670;8.432290;8.423700;8.430800;0
20210318 023100;8.430540;8.430830;8.421810;8.430190;0
20210318 023200;8.430080;8.431620;8.427350;8.431320;0
20210318 023300;8.431220;8.432230;8.427980;8.429740;0
20210318 023400;8.429740;8.432720;8.428140;8.428800;0
20210318 023500;8.428640;8.433720;8.427360;8.433720;0
20210318 023600;8.433950;8.438120;8.429870;8.434420;0
20210318 023700;8.434620;8.439750;8.434530;8.437830;0
20210318 023800;8.437920;8.440950;8.437690;8.440550;0
20210318 023900;8.440830;8.444520;8.439610;8.439890;0
20210318 024000;8.439990;8.441370;8.436830;8.440960;0
20210318 024100;8.441180;8.446320;8.440340;8.445930;0
20210318 024200;8.445820;8.449850;8.441180;8.449290;0
20210318 024300;8.449180;8.450640;8.443760;8.447130;0
20210318 024400;8.447120;8.455260;8.444720;8.455190;0
20210318 024500;8.455180;8.455240;8.444710;8.452340;0
20210318 024600;8.452050;8.455850;8.446280;8.452090;0
20210318 024700;8.452200;8.456780;8.452020;8.452760;0
20210318 024800;8.452630;8.456830;8.451530;8.455420;0
20210318 024900;8.455620;8.460890;8.455620;8.458390;0
20210318 025000;8.458480;8.458790;8.457620;8.458360;0
20210318 025100;8.458250;8.458340;8.451960;8.453190;0
20210318 025200;8.453290;8.457990;8.451520;8.451810;0
20210318 025300;8.451770;8.451770;8.447760;8.450710;0
20210318 025400;8.450510;8.454390;8.446980;8.449940;0
20210318 025500;8.450120;8.453420;8.446250;8.450510;0
20210318 025600;8.450470;8.451800;8.448440;8.450850;0
20210318 025700;8.450870;8.453900;8.449260;8.450160;0
20210318 025800;8.450360;8.452890;8.446530;8.449760;0
20210318 025900;8.449990;8.454100;8.448170;8.452530;0
20210318 030000;8.452470;8.457430;8.448260;8.455290;0
20210318 030100;8.455140;8.455270;8.445200;8.450120;0
20210318 030200;8.449940;8.450560;8.441310;8.441390;0
20210318 030300;8.441460;8.442440;8.431350;8.432280;0
20210318 030400;8.432290;8.438520;8.431810;8.432890;0
20210318 030500;8.432510;8.436850;8.430400;8.432370;0
20210318 030600;8.432400;8.434670;8.424740;8.433260;0
20210318 030700;8.432730;8.438160;8.422720;8.430550;0
20210318 030800;8.430550;8.432050;8.428620;8.429820;0
20210318 030900;8.429720;8.431650;8.429330;8.431650;0
20210318 031000;8.431650;8.439310;8.431020;8.437980;0
20210318 031100;8.437470;8.437480;8.431300;8.431600;0
20210318 031200;8.431540;8.435320;8.431540;8.432740;0
20210318 031300;8.432730;8.432730;8.430170;8.431920;0
20210318 031400;8.431910;8.434810;8.431670;8.433270;0
20210318 031500;8.433480;8.435760;8.431830;8.432610;0
20210318 031600;8.432600;8.432600;8.428870;8.430820;0
20210318 031700;8.430940;8.438170;8.430580;8.438160;0
20210318 031800;8.438170;8.442020;8.436580;8.436580;0
20210318 031900;8.436590;8.438780;8.436480;8.438480;0
20210318 032000;8.438560;8.440290;8.437890;8.439940;0
20210318 032100;8.439940;8.440130;8.434190;8.434250;0
20210318 032200;8.434170;8.436700;8.433730;8.436070;0
20210318 032300;8.436070;8.436670;8.432260;8.433320;0
20210318 032400;8.433320;8.434000;8.431650;8.432990;0
20210318 032500;8.433000;8.435280;8.432430;8.434300;0
20210318 032600;8.434300;8.435160;8.433140;8.433600;0
20210318 032700;8.433700;8.435120;8.433700;8.434590;0
20210318 032800;8.434610;8.435690;8.432220;8.432970;0
20210318 032900;8.432980;8.435540;8.431390;8.432620;0
20210318 033000;8.432630;8.436960;8.431540;8.436210;0
20210318 033100;8.436200;8.439530;8.434810;8.439090;0
20210318 033200;8.439090;8.441070;8.434940;8.440610;0
20210318 033300;8.440430;8.445730;8.439720;8.443450;0
20210318 033400;8.443350;8.443540;8.435240;8.435260;0
20210318 033500;8.435190;8.443190;8.435180;8.442460;0
20210318 033600;8.442320;8.442490;8.441570;8.441710;0
20210318 033700;8.441710;8.444870;8.439180;8.443870;0
20210318 033800;8.443860;8.444440;8.435460;8.439750;0
20210318 033900;8.439670;8.439670;8.437460;8.438930;0
20210318 034000;8.438920;8.440190;8.436920;8.440170;0
20210318 034100;8.440060;8.440170;8.436910;8.439160;0
20210318 034200;8.439310;8.442400;8.439210;8.442340;0
20210318 034300;8.442430;8.448940;8.442430;8.446870;0
20210318 034400;8.447260;8.449880;8.447260;8.449870;0
20210318 034500;8.449940;8.453480;8.447980;8.453480;0
20210318 034600;8.453350;8.462340;8.453290;8.461930;0
20210318 034700;8.462620;8.463090;8.455650;8.458440;0
20210318 034800;8.459180;8.463560;8.458290;8.462060;0
20210318 034900;8.461920;8.462110;8.452170;8.454880;0
20210318 035000;8.455150;8.458870;8.453400;8.454270;0
20210318 035100;8.454150;8.460630;8.452430;8.459620;0
20210318 035200;8.459780;8.464830;8.451220;8.451720;0
20210318 035300;8.451860;8.460410;8.451860;8.455550;0
20210318 035400;8.455550;8.457680;8.448870;8.448940;0
20210318 035500;8.449080;8.454500;8.445970;8.446470;0
20210318 035600;8.446680;8.451120;8.446120;8.447580;0
20210318 035700;8.447580;8.449490;8.445320;8.447360;0
20210318 035800;8.447360;8.449590;8.442360;8.443410;0
20210318 035900;8.443410;8.453360;8.440840;8.440840;0
20210318 040000;8.440150;8.451410;8.414560;8.415830;0
20210318 040100;8.415820;8.429020;8.413700;8.423520;0
20210318 040200;8.421620;8.423940;8.419730;8.422040;0
20210318 040300;8.422320;8.426120;8.421990;8.425830;0
20210318 040400;8.425920;8.426920;8.421020;8.421020;0
20210318 040500;8.420920;8.421620;8.412420;8.412520;0
20210318 040600;8.412520;8.414330;8.410420;8.411230;0
20210318 040700;8.411230;8.417380;8.407540;8.417100;0
20210318 040800;8.416800;8.420320;8.415970;8.418870;0
20210318 040900;8.419000;8.419000;8.408430;8.408430;0
20210318 041000;8.408430;8.414780;8.408430;8.414220;0
20210318 041100;8.414510;8.415060;8.409400;8.409400;0
20210318 041200;8.409410;8.409850;8.404490;8.404790;0
20210318 041300;8.404850;8.405620;8.402930;8.403010;0
20210318 041400;8.403220;8.407310;8.397600;8.405390;0
20210318 041500;8.405260;8.405260;8.397260;8.397370;0
20210318 041600;8.397420;8.398620;8.394320;8.394420;0
20210318 041700;8.394230;8.395900;8.389220;8.390730;0
20210318 041800;8.390390;8.391320;8.388730;8.388810;0
20210318 041900;8.388560;8.388830;8.384700;8.387820;0
20210318 042000;8.387720;8.397620;8.385820;8.395910;0
20210318 042100;8.395930;8.400120;8.393070;8.398550;0
20210318 042200;8.398840;8.401950;8.396820;8.401120;0
20210318 042300;8.401390;8.401590;8.398600;8.401250;0
20210318 042400;8.401320;8.402620;8.401120;8.401740;0
20210318 042500;8.401830;8.405210;8.401280;8.405210;0
20210318 042600;8.405210;8.410810;8.405210;8.410810;0
20210318 042700;8.410810;8.416840;8.410710;8.415740;0
20210318 042800;8.415360;8.416410;8.413260;8.416000;0
20210318 042900;8.415990;8.418370;8.415120;8.418010;0
20210318 043000;8.417930;8.419080;8.416330;8.417420;0
20210318 043100;8.417370;8.422520;8.416670;8.421820;0
20210318 043200;8.421810;8.422390;8.421180;8.421410;0
20210318 043300;8.421300;8.421540;8.420780;8.420970;0
20210318 043400;8.420890;8.421590;8.419620;8.419860;0
20210318 043500;8.419260;8.419920;8.409680;8.410500;0
20210318 043600;8.410640;8.415140;8.410600;8.414540;0
20210318 043700;8.414530;8.415440;8.411060;8.411080;0
20210318 043800;8.411020;8.411230;8.409890;8.411230;0
20210318 043900;8.410800;8.411150;8.409820;8.410630;0
20210318 044000;8.410630;8.413470;8.410500;8.410920;0
20210318 044100;8.410910;8.410910;8.409930;8.410840;0
20210318 044200;8.410770;8.412100;8.410560;8.411800;0
20210318 044300;8.411810;8.416760;8.411010;8.415300;0
20210318 044400;8.415310;8.417110;8.414340;8.416750;0
20210318 044500;8.416760;8.423060;8.416580;8.423060;0
20210318 044600;8.423220;8.423410;8.419170;8.420940;0
20210318 044700;8.421100;8.421840;8.420680;8.421360;0
20210318 044800;8.421360;8.421730;8.419200;8.419200;0
20210318 044900;8.419200;8.422860;8.418920;8.422440;0
20210318 045000;8.422450;8.422720;8.421670;8.422520;0
20210318 045100;8.422660;8.429930;8.421590;8.429270;0
20210318 045200;8.429380;8.430510;8.427490;8.429220;0
20210318 045300;8.429210;8.429970;8.429000;8.429160;0
20210318 045400;8.429160;8.430120;8.428390;8.428470;0
20210318 045500;8.428420;8.429870;8.427720;8.428210;0
20210318 045600;8.428210;8.429000;8.428210;8.428630;0
20210318 045700;8.428580;8.429470;8.427080;8.429450;0
20210318 045800;8.429450;8.430340;8.423550;8.423680;0
20210318 045900;8.423740;8.424110;8.421330;8.421330;0
20210318 050000;8.421360;8.422600;8.420400;8.420770;0
20210318 050100;8.420620;8.420690;8.418700;8.419920;0
20210318 050200;8.420040;8.421360;8.418680;8.419230;0
20210318 050300;8.419140;8.419370;8.418680;8.418680;0
20210318 050400;8.418720;8.420060;8.418450;8.418680;0
20210318 050500;8.418680;8.418860;8.416110;8.416110;0
20210318 050600;8.416190;8.421580;8.416130;8.421470;0
20210318 050700;8.421400;8.422110;8.419140;8.421930;0
20210318 050800;8.421930;8.424060;8.421930;8.422940;0
20210318 050900;8.423040;8.423150;8.421610;8.421720;0
20210318 051000;8.421720;8.423020;8.420560;8.421780;0
20210318 051100;8.421840;8.422010;8.420350;8.422010;0
20210318 051200;8.422010;8.429560;8.422010;8.429560;0
20210318 051300;8.429550;8.429660;8.426670;8.428340;0
20210318 051400;8.428440;8.430960;8.428440;8.429430;0
20210318 051500;8.429450;8.430460;8.425200;8.430100;0
20210318 051600;8.430100;8.430100;8.428050;8.428050;0
20210318 051700;8.428050;8.428230;8.425670;8.426230;0
20210318 051800;8.426240;8.429750;8.426150;8.429750;0
20210318 051900;8.429750;8.431310;8.429750;8.431190;0
20210318 052000;8.431190;8.432500;8.430600;8.430600;0
20210318 052100;8.430700;8.432120;8.426250;8.431240;0
20210318 052200;8.431240;8.432840;8.430920;8.431360;0
20210318 052300;8.431230;8.432590;8.431230;8.432040;0
20210318 052400;8.432010;8.434390;8.429790;8.433950;0
20210318 052500;8.434060;8.434180;8.432960;8.433470;0
20210318 052600;8.433460;8.434080;8.431380;8.433290;0
20210318 052700;8.433450;8.433510;8.430700;8.432540;0
20210318 052800;8.432540;8.432540;8.428470;8.430940;0
20210318 052900;8.431110;8.432420;8.431110;8.432010;0
20210318 053000;8.432030;8.432830;8.431270;8.431660;0
20210318 053100;8.431660;8.432130;8.429880;8.431160;0
20210318 053200;8.431260;8.432890;8.430970;8.432890;0
20210318 053300;8.432900;8.432900;8.430970;8.431690;0
20210318 053400;8.431590;8.431590;8.427740;8.427930;0
20210318 053500;8.427920;8.428470;8.425570;8.426010;0
20210318 053600;8.426020;8.426950;8.425760;8.426390;0
20210318 053700;8.426390;8.427090;8.423550;8.425380;0
20210318 053800;8.425380;8.425860;8.424290;8.424290;0
20210318 053900;8.424440;8.424580;8.423340;8.424550;0
20210318 054000;8.424090;8.425480;8.424040;8.424480;0
20210318 054100;8.424890;8.426470;8.424860;8.426470;0
20210318 054200;8.426460;8.428280;8.426160;8.427880;0
20210318 054300;8.427880;8.431530;8.427560;8.430000;0
20210318 054400;8.429970;8.430460;8.428710;8.428710;0
20210318 054500;8.428670;8.429070;8.427430;8.427430;0
20210318 054600;8.427380;8.427600;8.425310;8.426730;0
20210318 054700;8.426650;8.427050;8.426070;8.426070;0
20210318 054800;8.426150;8.429560;8.426150;8.429260;0
20210318 054900;8.429390;8.429680;8.428330;8.428670;0
20210318 055000;8.428660;8.428660;8.425180;8.426350;0
20210318 055100;8.426280;8.426280;8.422310;8.423530;0
20210318 055200;8.423510;8.424250;8.420330;8.420530;0
20210318 055300;8.420390;8.420390;8.415690;8.416700;0
20210318 055400;8.416800;8.417970;8.416690;8.416920;0
20210318 055500;8.416720;8.417840;8.416220;8.417800;0
20210318 055600;8.417650;8.417760;8.416070;8.416840;0
20210318 055700;8.416850;8.420570;8.416240;8.420420;0
20210318 055800;8.420450;8.421450;8.418990;8.419480;0
20210318 055900;8.419680;8.425390;8.419680;8.423960;0
20210318 060000;8.424110;8.424110;8.417530;8.417620;0
20210318 060100;8.417520;8.417600;8.412160;8.412290;0
20210318 060200;8.412420;8.415920;8.412300;8.415920;0
20210318 060300;8.416040;8.417510;8.415150;8.416960;0
20210318 060400;8.417110;8.418890;8.416920;8.418010;0
20210318 060500;8.417940;8.419380;8.414940;8.418150;0
20210318 060600;8.418130;8.420170;8.418130;8.419630;0
20210318 060700;8.419700;8.424980;8.419700;8.424980;0
20210318 060800;8.425030;8.425370;8.423330;8.424870;0
20210318 060900;8.424870;8.424870;8.422610;8.424130;0
20210318 061000;8.424060;8.427040;8.422360;8.422360;0
20210318 061100;8.422420;8.423960;8.421900;8.423430;0
20210318 061200;8.423470;8.423700;8.422870;8.423360;0
20210318 061300;8.423230;8.423230;8.420790;8.421710;0
20210318 061400;8.421700;8.425750;8.421700;8.425740;0
20210318 061500;8.425740;8.430080;8.425190;8.429220;0
20210318 061600;8.429300;8.430110;8.427980;8.428270;0
20210318 061700;8.428330;8.428660;8.426820;8.428500;0
20210318 061800;8.428440;8.428460;8.423090;8.423130;0
20210318 061900;8.423100;8.425960;8.423000;8.423320;0
20210318 062000;8.423380;8.423380;8.420460;8.421340;0
20210318 062100;8.421460;8.422600;8.420870;8.421130;0
20210318 062200;8.421170;8.421310;8.419580;8.420470;0
20210318 062300;8.420280;8.421130;8.419210;8.420210;0
20210318 062400;8.420170;8.421380;8.419290;8.421090;0
20210318 062500;8.421160;8.421580;8.420400;8.421320;0
20210318 062600;8.421360;8.421530;8.420590;8.421470;0
20210318 062700;8.421430;8.422610;8.420770;8.422430;0
20210318 062800;8.422420;8.423730;8.420800;8.423560;0
20210318 062900;8.423440;8.423520;8.421530;8.421530;0
20210318 063000;8.421560;8.424620;8.421290;8.424120;0
20210318 063100;8.424030;8.424320;8.421320;8.421810;0
20210318 063200;8.421440;8.422510;8.420930;8.421300;0
20210318 063300;8.421240;8.424560;8.421030;8.424220;0
20210318 063400;8.423920;8.428160;8.423620;8.424720;0
20210318 063500;8.424510;8.434600;8.424480;8.431600;0
20210318 063600;8.431740;8.434770;8.430480;8.431350;0
20210318 063700;8.431330;8.432720;8.430740;8.432480;0
20210318 063800;8.432700;8.436140;8.431910;8.436090;0
20210318 063900;8.436180;8.437260;8.436010;8.437100;0
20210318 064000;8.437180;8.438620;8.437180;8.437890;0
20210318 064100;8.437920;8.441570;8.437410;8.441570;0
20210318 064200;8.441530;8.442810;8.441260;8.442170;0
20210318 064300;8.442140;8.442500;8.439450;8.441580;0
20210318 064400;8.441470;8.441530;8.440370;8.440370;0
20210318 064500;8.440250;8.442040;8.439810;8.440360;0
20210318 064600;8.440300;8.440520;8.435690;8.436230;0
20210318 064700;8.436150;8.436190;8.435150;8.436190;0
20210318 064800;8.436270;8.436270;8.430970;8.432020;0
20210318 064900;8.431980;8.432710;8.430130;8.432680;0
20210318 065000;8.432850;8.434620;8.429870;8.430190;0
20210318 065100;8.430280;8.431950;8.429650;8.431270;0
20210318 065200;8.431270;8.434220;8.430980;8.434170;0
20210318 065300;8.434180;8.438430;8.434170;8.438330;0
20210318 065400;8.438470;8.439980;8.438450;8.439930;0
20210318 065500;8.439850;8.440130;8.432980;8.435930;0
20210318 065600;8.435930;8.436480;8.431640;8.431960;0
20210318 065700;8.431950;8.436680;8.431840;8.436680;0
20210318 065800;8.436820;8.437090;8.435830;8.437070;0
20210318 065900;8.437220;8.437470;8.433620;8.434570;0
20210318 070000;8.434490;8.438740;8.434240;8.436820;0
20210318 070100;8.436850;8.438950;8.436850;8.436990;0
20210318 070200;8.436990;8.437120;8.430000;8.430660;0
20210318 070300;8.430560;8.433250;8.430340;8.431700;0
20210318 070400;8.431660;8.432710;8.429080;8.429180;0
20210318 070500;8.429320;8.435010;8.429320;8.435010;0
20210318 070600;8.435010;8.436690;8.435010;8.436390;0
20210318 070700;8.436250;8.439900;8.435310;8.438940;0
20210318 070800;8.438700;8.438710;8.436140;8.436390;0
20210318 070900;8.436350;8.437150;8.436350;8.437150;0
20210318 071000;8.437450;8.439420;8.437140;8.437910;0
20210318 071100;8.437910;8.443400;8.437910;8.442700;0
20210318 071200;8.443010;8.443690;8.440200;8.442320;0
20210318 071300;8.442380;8.446130;8.439740;8.440070;0
20210318 071400;8.440210;8.443380;8.439450;8.443360;0
20210318 071500;8.443310;8.449330;8.440810;8.449240;0
20210318 071600;8.448960;8.451640;8.447470;8.451090;0
20210318 071700;8.450890;8.452450;8.447690;8.448060;0
20210318 071800;8.448150;8.450280;8.448120;8.449860;0
20210318 071900;8.449910;8.453180;8.449910;8.450260;0
20210318 072000;8.450110;8.454290;8.450050;8.453400;0
20210318 072100;8.453260;8.460660;8.451800;8.459870;0
20210318 072200;8.459800;8.464100;8.456120;8.458800;0
20210318 072300;8.458930;8.463030;8.458730;8.462940;0
20210318 072400;8.462670;8.462670;8.453930;8.456220;0
20210318 072500;8.456220;8.456480;8.452050;8.452450;0
20210318 072600;8.452430;8.452520;8.450250;8.451210;0
20210318 072700;8.451220;8.453020;8.450980;8.452730;0
20210318 072800;8.452820;8.453660;8.452190;8.453650;0
20210318 072900;8.453720;8.454240;8.437450;8.437570;0
20210318 073000;8.436800;8.453210;8.425960;8.453200;0
20210318 073100;8.453210;8.457900;8.452320;8.457160;0
20210318 073200;8.457270;8.463120;8.457270;8.462390;0
20210318 073300;8.462420;8.462640;8.458980;8.459180;0
20210318 073400;8.459210;8.462500;8.457210;8.459150;0
20210318 073500;8.459180;8.463140;8.458710;8.459770;0
20210318 073600;8.459640;8.461880;8.456020;8.461240;0
20210318 073700;8.461390;8.466190;8.461390;8.463650;0
20210318 073800;8.463510;8.464400;8.459670;8.463850;0
20210318 073900;8.463980;8.469700;8.463490;8.468710;0
20210318 074000;8.468620;8.475670;8.467310;8.468700;0
20210318 074100;8.468710;8.468930;8.466410;8.466830;0
20210318 074200;8.466700;8.471220;8.466380;8.470890;0
20210318 074300;8.471120;8.475190;8.470920;8.471900;0
20210318 074400;8.471830;8.472360;8.463730;8.463850;0
20210318 074500;8.463930;8.467150;8.463440;8.466360;0
20210318 074600;8.466360;8.466370;8.463450;8.464910;0
20210318 074700;8.464900;8.466330;8.462040;8.466310;0
20210318 074800;8.466230;8.466830;8.465370;8.466440;0
20210318 074900;8.466440;8.467650;8.463650;8.463770;0
20210318 075000;8.463740;8.464130;8.460690;8.460760;0
20210318 075100;8.460770;8.461480;8.460260;8.460260;0
20210318 075200;8.460190;8.460610;8.456170;8.457590;0
20210318 075300;8.457500;8.457680;8.452520;8.452520;0
20210318 075400;8.452340;8.454150;8.449920;8.449920;0
20210318 075500;8.451030;8.454450;8.450940;8.453570;0
20210318 075600;8.453500;8.454220;8.450050;8.450600;0
20210318 075700;8.450690;8.452350;8.449490;8.452350;0
20210318 075800;8.452260;8.454460;8.452250;8.454170;0
20210318 075900;8.454150;8.455320;8.453110;8.454370;0
20210318 080000;8.454380;8.460060;8.454030;8.458920;0
20210318 080100;8.458880;8.461200;8.457940;8.460320;0
20210318 080200;8.460400;8.461940;8.460400;8.460930;0
20210318 080300;8.460850;8.465280;8.459560;8.461350;0
20210318 080400;8.461540;8.470200;8.460580;8.461160;0
20210318 080500;8.461160;8.466790;8.461020;8.466790;0
20210318 080600;8.466790;8.469810;8.463960;8.468810;0
20210318 080700;8.468800;8.475250;8.467600;8.473620;0
20210318 080800;8.473620;8.480100;8.472620;8.475960;0
20210318 080900;8.475990;8.487170;8.475900;8.482560;0
20210318 081000;8.482280;8.486170;8.475370;8.478230;0
20210318 081100;8.478190;8.483240;8.478190;8.482580;0
20210318 081200;8.482710;8.483690;8.479920;8.480420;0
20210318 081300;8.480570;8.480660;8.475220;8.475360;0
20210318 081400;8.475280;8.484850;8.474920;8.484550;0
20210318 081500;8.484550;8.485270;8.480400;8.483220;0
20210318 081600;8.483020;8.483520;8.478740;8.481090;0
20210318 081700;8.480950;8.481030;8.475320;8.477610;0
20210318 081800;8.477740;8.482670;8.477540;8.482030;0
20210318 081900;8.481890;8.485350;8.476530;8.477970;0
20210318 082000;8.477840;8.478260;8.476120;8.477260;0
20210318 082100;8.476990;8.477520;8.474950;8.474950;0
20210318 082200;8.475020;8.477720;8.472720;8.473030;0
20210318 082300;8.473020;8.475290;8.472790;8.473940;0
20210318 082400;8.473900;8.479170;8.473900;8.478960;0
20210318 082500;8.478940;8.481340;8.478830;8.479870;0
20210318 082600;8.480050;8.481080;8.479700;8.480740;0
20210318 082700;8.480740;8.481950;8.480520;8.481180;0
20210318 082800;8.481180;8.481360;8.480070;8.480730;0
20210318 082900;8.480760;8.485250;8.480370;8.485150;0
20210318 083000;8.485200;8.485200;8.475670;8.476220;0
20210318 083100;8.476220;8.476330;8.471240;8.472010;0
20210318 083200;8.472300;8.473380;8.468740;8.468740;0
20210318 083300;8.468860;8.473260;8.468590;8.470300;0
20210318 083400;8.470350;8.470700;8.466410;8.467800;0
20210318 083500;8.468010;8.476390;8.468010;8.474970;0
20210318 083600;8.474970;8.477390;8.474420;8.475180;0
20210318 083700;8.475110;8.477060;8.471440;8.476030;0
20210318 083800;8.476210;8.477420;8.472510;8.472860;0
20210318 083900;8.472920;8.475620;8.472820;8.473870;0
20210318 084000;8.473920;8.474070;8.468920;8.469070;0
20210318 084100;8.469170;8.469560;8.464720;8.469410;0
20210318 084200;8.469490;8.469510;8.466100;8.468930;0
20210318 084300;8.469250;8.471460;8.467960;8.470390;0
20210318 084400;8.470490;8.472280;8.469880;8.471500;0
20210318 084500;8.471430;8.478810;8.471430;8.478710;0
20210318 084600;8.478710;8.481630;8.478210;8.481630;0
20210318 084700;8.481630;8.483210;8.477760;8.480730;0
20210318 084800;8.480640;8.485690;8.479690;8.485110;0
20210318 084900;8.485210;8.488120;8.484060;8.486970;0
20210318 085000;8.487080;8.487740;8.481250;8.481400;0
20210318 085100;8.481310;8.485080;8.479450;8.484080;0
20210318 085200;8.484180;8.484860;8.481220;8.482080;0
20210318 085300;8.481990;8.486060;8.479310;8.479340;0
20210318 085400;8.479340;8.482450;8.476580;8.479890;0
20210318 085500;8.480010;8.482750;8.478360;8.480440;0
20210318 085600;8.480600;8.480600;8.474210;8.474600;0
20210318 085700;8.474900;8.477350;8.474390;8.477270;0
20210318 085800;8.477150;8.477730;8.474280;8.474810;0
20210318 085900;8.474110;8.475820;8.471860;8.472150;0
20210318 090000;8.472150;8.479670;8.471420;8.478290;0
20210318 090100;8.478370;8.479260;8.477660;8.478200;0
20210318 090200;8.477910;8.478650;8.472120;8.472150;0
20210318 090300;8.472150;8.474020;8.468640;8.469180;0
20210318 090400;8.469140;8.469930;8.464920;8.468120;0
20210318 090500;8.467970;8.474090;8.467800;8.473300;0
20210318 090600;8.473230;8.473230;8.465640;8.466520;0
20210318 090700;8.466440;8.470600;8.466410;8.470260;0
20210318 090800;8.470380;8.470630;8.469210;8.470160;0
20210318 090900;8.470220;8.472900;8.468980;8.469320;0
20210318 091000;8.469100;8.471520;8.468860;8.469060;0
20210318 091100;8.468930;8.469700;8.464500;8.468730;0
20210318 091200;8.468740;8.473860;8.468740;8.473300;0
20210318 091300;8.473410;8.474160;8.471180;8.473950;0
20210318 091400;8.473850;8.473850;8.467580;8.467850;0
20210318 091500;8.467850;8.475820;8.466270;8.475820;0
20210318 091600;8.475820;8.478570;8.474640;8.475130;0
20210318 091700;8.475200;8.476680;8.473510;8.473840;0
20210318 091800;8.473920;8.474560;8.470540;8.471810;0
20210318 091900;8.471940;8.475650;8.470940;8.471970;0
20210318 092000;8.471880;8.475940;8.471820;8.475720;0
20210318 092100;8.475790;8.479190;8.472900;8.474650;0
20210318 092200;8.474710;8.479980;8.474710;8.476380;0
20210318 092300;8.475730;8.477160;8.474920;8.476860;0
20210318 092400;8.476970;8.478880;8.476680;8.478830;0
20210318 092500;8.478900;8.479690;8.478010;8.478380;0
20210318 092600;8.478390;8.478390;8.470040;8.470320;0
20210318 092700;8.470410;8.470420;8.467620;8.469710;0
20210318 092800;8.470000;8.473430;8.468700;8.470740;0
20210318 092900;8.470780;8.473620;8.469380;8.473620;0
20210318 093000;8.473430;8.479520;8.473220;8.478280;0
20210318 093100;8.478480;8.481750;8.477110;8.477860;0
20210318 093200;8.477780;8.479540;8.475990;8.478910;0
20210318 093300;8.478910;8.479050;8.474010;8.474010;0
20210318 093400;8.474140;8.475450;8.470760;8.472060;0
20210318 093500;8.472220;8.474890;8.471950;8.474680;0
20210318 093600;8.474680;8.474680;8.468800;8.469140;0
20210318 093700;8.469060;8.469510;8.463710;8.464040;0
20210318 093800;8.464040;8.464150;8.461040;8.462190;0
20210318 093900;8.462110;8.462400;8.455740;8.461490;0
20210318 094000;8.461590;8.462730;8.459070;8.459290;0
20210318 094100;8.459320;8.462720;8.457870;8.462480;0
20210318 094200;8.462570;8.465620;8.462570;8.464620;0
20210318 094300;8.464600;8.465410;8.463480;8.465410;0
20210318 094400;8.465550;8.468170;8.464140;8.467550;0
20210318 094500;8.467780;8.469800;8.465910;8.466680;0
20210318 094600;8.466820;8.472320;8.466820;8.472190;0
20210318 094700;8.472200;8.472930;8.469460;8.470830;0
20210318 094800;8.470840;8.471520;8.467940;8.471330;0
20210318 094900;8.471320;8.471320;8.467390;8.470430;0
20210318 095000;8.470220;8.474990;8.470220;8.474980;0
20210318 095100;8.475020;8.477220;8.474580;8.474590;0
20210318 095200;8.475060;8.475680;8.470850;8.473080;0
20210318 095300;8.473080;8.473320;8.468840;8.471110;0
20210318 095400;8.471120;8.471650;8.465520;8.465520;0
20210318 095500;8.465660;8.470690;8.465520;8.470530;0
20210318 095600;8.470530;8.470640;8.467490;8.470270;0
20210318 095700;8.470320;8.472530;8.467940;8.467940;0
20210318 095800;8.467890;8.471420;8.464700;8.470030;0
20210318 095900;8.469800;8.469800;8.464770;8.468750;0
20210318 100000;8.468830;8.473880;8.468380;8.471030;0
20210318 100100;8.471040;8.471040;8.469010;8.469660;0
20210318 100200;8.469810;8.474360;8.469810;8.470850;0
20210318 100300;8.470860;8.471430;8.467600;8.470130;0
20210318 100400;8.470140;8.471170;8.468360;8.468360;0
20210318 100500;8.468350;8.468920;8.464840;8.464960;0
20210318 100600;8.464810;8.465500;8.464430;8.464550;0
20210318 100700;8.464730;8.465260;8.464190;8.464750;0
20210318 100800;8.465050;8.466640;8.464010;8.465130;0
20210318 100900;8.465130;8.465750;8.462600;8.464390;0
20210318 101000;8.464390;8.466500;8.463780;8.465840;0
20210318 101100;8.465830;8.468580;8.465830;8.467910;0
20210318 101200;8.467900;8.469510;8.467240;8.468810;0
20210318 101300;8.468810;8.471500;8.467790;8.471010;0
20210318 101400;8.470900;8.471420;8.468320;8.468460;0
20210318 101500;8.468370;8.470690;8.468370;8.468590;0
20210318 101600;8.468570;8.468600;8.462690;8.463180;0
20210318 101700;8.463010;8.465930;8.463010;8.464180;0
20210318 101800;8.464230;8.464360;8.463030;8.463080;0
20210318 101900;8.463040;8.464840;8.462620;8.463610;0
20210318 102000;8.463790;8.465130;8.463050;8.463110;0
20210318 102100;8.463100;8.464450;8.462210;8.464280;0
20210318 102200;8.463990;8.465660;8.463170;8.464250;0
20210318 102300;8.464250;8.466450;8.464200;8.466390;0
20210318 102400;8.466520;8.468270;8.466520;8.468270;0
20210318 102500;8.468430;8.473930;8.468300;8.469320;0
20210318 102600;8.469230;8.469280;8.462670;8.462790;0
20210318 102700;8.462600;8.464080;8.460240;8.460650;0
20210318 102800;8.460830;8.460840;8.455220;8.457510;0
20210318 102900;8.457500;8.457930;8.452760;8.453090;0
20210318 103000;8.453100;8.460680;8.453100;8.458200;0
20210318 103100;8.458200;8.459970;8.457880;8.459970;0
20210318 103200;8.459970;8.462230;8.456250;8.456460;0
20210318 103300;8.456480;8.457910;8.455350;8.455680;0
20210318 103400;8.455680;8.456070;8.453050;8.454020;0
20210318 103500;8.453940;8.457230;8.453940;8.455150;0
20210318 103600;8.455150;8.455730;8.453180;8.453810;0
20210318 103700;8.453860;8.455920;8.453570;8.454710;0
20210318 103800;8.454710;8.454710;8.452960;8.453360;0
20210318 103900;8.453360;8.456230;8.453270;8.456210;0
20210318 104000;8.456180;8.456180;8.455000;8.455030;0
20210318 104100;8.455080;8.456350;8.454770;8.456110;0
20210318 104200;8.455890;8.455910;8.452680;8.453090;0
20210318 104300;8.453350;8.455010;8.452410;8.452410;0
20210318 104400;8.452360;8.455270;8.451770;8.454760;0
20210318 104500;8.454800;8.458080;8.450340;8.457830;0
20210318 104600;8.457830;8.458520;8.457630;8.458240;0
20210318 104700;8.458240;8.458580;8.457120;8.458580;0
20210318 104800;8.458590;8.460210;8.458190;8.459180;0
20210318 104900;8.459240;8.459270;8.453250;8.453250;0
20210318 105000;8.453400;8.455320;8.452150;8.452240;0
20210318 105100;8.452140;8.452570;8.451270;8.451380;0
20210318 105200;8.451300;8.451300;8.445450;8.447730;0
20210318 105300;8.447640;8.452510;8.444130;8.452500;0
20210318 105400;8.452150;8.453050;8.451220;8.451360;0
20210318 105500;8.451210;8.459880;8.450950;8.457810;0
20210318 105600;8.457920;8.458660;8.456470;8.458660;0
20210318 105700;8.458580;8.461470;8.456980;8.461230;0
20210318 105800;8.461230;8.461400;8.454650;8.454820;0
20210318 105900;8.454960;8.456090;8.453240;8.453810;0
20210318 110000;8.453650;8.454850;8.451300;8.451970;0
20210318 110100;8.451970;8.453430;8.450880;8.452570;0
20210318 110200;8.452570;8.452750;8.445080;8.445290;0
20210318 110300;8.445240;8.445640;8.442710;8.444380;0
20210318 110400;8.444320;8.444320;8.441490;8.442430;0
20210318 110500;8.442290;8.442980;8.440270;8.440300;0
20210318 110600;8.440450;8.442700;8.440450;8.441790;0
20210318 110700;8.441790;8.447050;8.441220;8.446700;0
20210318 110800;8.446560;8.447960;8.445520;8.447250;0
20210318 110900;8.447340;8.447340;8.441300;8.442000;0
20210318 111000;8.442000;8.442770;8.440700;8.441800;0
20210318 111100;8.441800;8.442330;8.439530;8.439530;0
20210318 111200;8.439560;8.440800;8.437570;8.440310;0
20210318 111300;8.440310;8.441130;8.437760;8.438770;0
20210318 111400;8.439000;8.439970;8.434570;8.436350;0
20210318 111500;8.436290;8.442410;8.435850;8.442250;0
20210318 111600;8.442250;8.442300;8.439680;8.441480;0
20210318 111700;8.441560;8.442540;8.439740;8.440920;0
20210318 111800;8.440800;8.440800;8.437920;8.439180;0
20210318 111900;8.439100;8.441470;8.437950;8.441470;0
20210318 112000;8.441470;8.442800;8.438830;8.440100;0
20210318 112100;8.440290;8.440500;8.437480;8.437480;0
20210318 112200;8.437470;8.439230;8.436010;8.439000;0
20210318 112300;8.439060;8.445170;8.438850;8.444360;0
20210318 112400;8.444490;8.446790;8.444240;8.444510;0
20210318 112500;8.444390;8.444650;8.443310;8.443520;0
20210318 112600;8.443660;8.443870;8.441070;8.443870;0
20210318 112700;8.444010;8.444960;8.443750;8.444930;0
20210318 112800;8.444950;8.450430;8.444950;8.449670;0
20210318 112900;8.449620;8.452850;8.439620;8.449000;0
20210318 113000;8.449000;8.449360;8.440210;8.443220;0
20210318 113100;8.443170;8.452560;8.442170;8.446190;0
20210318 113200;8.446190;8.453240;8.445920;8.447070;0
20210318 113300;8.447200;8.453720;8.447030;8.447570;0
20210318 113400;8.447540;8.453480;8.442900;8.451970;0
20210318 113500;8.451980;8.456560;8.451540;8.455580;0
20210318 113600;8.455760;8.460200;8.451850;8.453000;0
20210318 113700;8.453220;8.460950;8.453060;8.455620;0
20210318 113800;8.455520;8.457570;8.455520;8.456680;0
20210318 113900;8.456560;8.457600;8.456110;8.457590;0
20210318 114000;8.457610;8.458110;8.457600;8.458100;0
20210318 114100;8.458100;8.459430;8.456970;8.457030;0
20210318 114200;8.457030;8.458220;8.456820;8.458220;0
20210318 114300;8.458210;8.458960;8.458210;8.458960;0
20210318 114400;8.458960;8.462010;8.458810;8.461520;0
20210318 114500;8.461520;8.461850;8.460560;8.460850;0
20210318 114600;8.460720;8.463140;8.460720;8.461670;0
20210318 114700;8.461680;8.463060;8.461680;8.462220;0
20210318 114800;8.462220;8.462370;8.461080;8.461210;0
20210318 114900;8.461240;8.462270;8.461240;8.462220;0
20210318 115000;8.462210;8.463970;8.462060;8.463970;0
20210318 115100;8.464080;8.465900;8.464080;8.464970;0
20210318 115200;8.464980;8.465650;8.463720;8.465200;0
20210318 115300;8.465460;8.466080;8.463730;8.464330;0
20210318 115400;8.464280;8.464650;8.463280;8.463600;0
20210318 115500;8.463720;8.467280;8.463420;8.467180;0
20210318 115600;8.467180;8.476660;8.466790;8.475380;0
20210318 115700;8.475250;8.476530;8.468720;8.468910;0
20210318 115800;8.468920;8.468920;8.466640;8.466780;0
20210318 115900;8.466860;8.467590;8.466670;8.467270;0
20210318 120000;8.467330;8.468970;8.467090;8.468970;0
20210318 120100;8.468980;8.473540;8.468870;8.473380;0
20210318 120200;8.473380;8.476810;8.469140;8.474420;0
20210318 120300;8.474420;8.474740;8.473520;8.474650;0
20210318 120400;8.474590;8.474590;8.468340;8.468780;0
20210318 120500;8.468770;8.471080;8.468770;8.470790;0
20210318 120600;8.470960;8.472390;8.470770;8.472100;0
20210318 120700;8.472160;8.473060;8.471330;8.472920;0
20210318 120800;8.472770;8.474010;8.472770;8.473720;0
20210318 120900;8.473930;8.475060;8.473930;8.474970;0
20210318 121000;8.474970;8.479780;8.474970;8.479320;0
20210318 121100;8.479310;8.480520;8.473250;8.473720;0
20210318 121200;8.473630;8.473630;8.472080;8.473320;0
20210318 121300;8.473360;8.474120;8.473260;8.473380;0
20210318 121400;8.473530;8.474080;8.466510;8.468460;0
20210318 121500;8.468600;8.469630;8.468060;8.468650;0
20210318 121600;8.468450;8.468870;8.467510;8.468090;0
20210318 121700;8.468100;8.468440;8.466830;8.468360;0
20210318 121800;8.468320;8.468390;8.467310;8.467730;0
20210318 121900;8.467650;8.467790;8.466150;8.466330;0
20210318 122000;8.466200;8.466710;8.464500;8.464500;0
20210318 122100;8.464500;8.464500;8.463410;8.463540;0
20210318 122200;8.463540;8.463940;8.463380;8.463940;0
20210318 122300;8.463860;8.463860;8.463130;8.463300;0
20210318 122400;8.463300;8.463700;8.462850;8.463340;0
20210318 122500;8.463340;8.463390;8.460420;8.461030;0
20210318 122600;8.460900;8.460920;8.459130;8.460410;0
20210318 122700;8.460410;8.461880;8.460240;8.461720;0
20210318 122800;8.461730;8.463530;8.461720;8.463370;0
20210318 122900;8.463450;8.463620;8.462120;8.462420;0
20210318 123000;8.462410;8.465850;8.462410;8.465810;0
20210318 123100;8.465600;8.466820;8.465530;8.466020;0
20210318 123200;8.466020;8.466020;8.463310;8.463310;0
20210318 123300;8.463440;8.463440;8.463010;8.463350;0
20210318 123400;8.463170;8.463170;8.459480;8.459480;0
20210318 123500;8.459470;8.461860;8.456450;8.461860;0
20210318 123600;8.461870;8.462950;8.460170;8.460490;0
20210318 123700;8.460780;8.461390;8.460480;8.460990;0
20210318 123800;8.461060;8.465050;8.461060;8.464780;0
20210318 123900;8.464780;8.464800;8.462400;8.463180;0
20210318 124000;8.463140;8.464510;8.463100;8.464450;0
20210318 124100;8.464310;8.465810;8.464310;8.465620;0
20210318 124200;8.465890;8.465950;8.464490;8.464490;0
20210318 124300;8.464370;8.464430;8.460900;8.460900;0
20210318 124400;8.460890;8.461250;8.459390;8.459540;0
20210318 124500;8.459580;8.460340;8.459160;8.460340;0
20210318 124600;8.460340;8.465210;8.460340;8.465130;0
20210318 124700;8.465130;8.465900;8.464850;8.465330;0
20210318 124800;8.465260;8.465260;8.463960;8.464030;0
20210318 124900;8.463960;8.464110;8.462000;8.462800;0
20210318 125000;8.462710;8.463590;8.462640;8.462640;0
20210318 125100;8.462520;8.463370;8.462100;8.463100;0
20210318 125200;8.462970;8.462970;8.460780;8.460780;0
20210318 125300;8.460830;8.460850;8.459740;8.460360;0
20210318 125400;8.460360;8.461360;8.460360;8.461130;0
20210318 125500;8.461780;8.462520;8.459670;8.460550;0
20210318 125600;8.460500;8.460640;8.459660;8.460480;0
20210318 125700;8.460400;8.460520;8.459740;8.460300;0
20210318 125800;8.460280;8.460420;8.459780;8.459780;0
20210318 125900;8.459640;8.460150;8.458780;8.460150;0
20210318 130000;8.460010;8.461070;8.459940;8.459940;0
20210318 130100;8.460020;8.460500;8.459780;8.460070;0
20210318 130200;8.459950;8.465900;8.459910;8.464400;0
20210318 130300;8.464400;8.465110;8.464270;8.464740;0
20210318 130400;8.464660;8.468410;8.464660;8.468260;0
20210318 130500;8.468340;8.468750;8.467670;8.468080;0
20210318 130600;8.467870;8.469190;8.467460;8.468570;0
20210318 130700;8.468650;8.469380;8.468150;8.469360;0
20210318 130800;8.469640;8.469670;8.469030;8.469030;0
20210318 130900;8.469170;8.469390;8.468490;8.469390;0
20210318 131000;8.469470;8.474780;8.469470;8.474050;0
20210318 131100;8.474200;8.479180;8.474200;8.478140;0
20210318 131200;8.478050;8.478050;8.476480;8.476830;0
20210318 131300;8.476940;8.477760;8.476520;8.477760;0
20210318 131400;8.477900;8.478490;8.477550;8.477650;0
20210318 131500;8.477650;8.479930;8.477170;8.479490;0
20210318 131600;8.479410;8.479510;8.478660;8.478840;0
20210318 131700;8.478880;8.479580;8.478560;8.479510;0
20210318 131800;8.479510;8.487200;8.479110;8.486760;0
20210318 131900;8.486690;8.486920;8.480220;8.483680;0
20210318 132000;8.483690;8.483800;8.481450;8.481460;0
20210318 132100;8.481450;8.483590;8.481120;8.482980;0
20210318 132200;8.482980;8.483050;8.481440;8.482180;0
20210318 132300;8.482360;8.485220;8.482360;8.485220;0
20210318 132400;8.485080;8.485360;8.484380;8.484580;0
20210318 132500;8.484670;8.484670;8.483100;8.483920;0
20210318 132600;8.483970;8.485220;8.483550;8.484580;0
20210318 132700;8.484580;8.485840;8.484580;8.485600;0
20210318 132800;8.485540;8.487160;8.485530;8.487150;0
20210318 132900;8.487150;8.490650;8.487100;8.490120;0
20210318 133000;8.490030;8.491680;8.489610;8.490070;0
20210318 133100;8.490240;8.491300;8.489690;8.489940;0
20210318 133200;8.489780;8.491110;8.489780;8.490630;0
20210318 133300;8.490780;8.496130;8.490440;8.494620;0
20210318 133400;8.494520;8.497580;8.494430;8.497580;0
20210318 133500;8.497590;8.500290;8.496820;8.500260;0
20210318 133600;8.500070;8.503440;8.499840;8.502940;0
20210318 133700;8.503260;8.503260;8.496340;8.498280;0
20210318 133800;8.498070;8.499100;8.496570;8.498930;0
20210318 133900;8.499190;8.499440;8.498430;8.498530;0
20210318 134000;8.498450;8.500920;8.498450;8.500910;0
20210318 134100;8.500980;8.503450;8.500440;8.502950;0
20210318 134200;8.503020;8.504740;8.503020;8.504740;0
20210318 134300;8.504740;8.508810;8.504740;8.508750;0
20210318 134400;8.508750;8.510760;8.504390;8.505110;0
20210318 134500;8.505240;8.505320;8.503350;8.503530;0
20210318 134600;8.503680;8.503850;8.500280;8.500280;0
20210318 134700;8.500270;8.500490;8.498960;8.499180;0
20210318 134800;8.499380;8.500780;8.499260;8.499480;0
20210318 134900;8.499620;8.499900;8.494740;8.495530;0
20210318 135000;8.495910;8.496050;8.493920;8.495560;0
20210318 135100;8.495760;8.499900;8.495760;8.497130;0
20210318 135200;8.497190;8.499210;8.496850;8.499210;0
20210318 135300;8.499270;8.500850;8.495320;8.495320;0
20210318 135400;8.495100;8.499640;8.494120;8.499630;0
20210318 135500;8.499630;8.500050;8.498590;8.499000;0
20210318 135600;8.498780;8.499090;8.496030;8.496690;0
20210318 135700;8.496580;8.497420;8.495190;8.497290;0
20210318 135800;8.497290;8.499820;8.495860;8.498280;0
20210318 135900;8.498610;8.506300;8.498610;8.503030;0
20210318 140000;8.503020;8.503820;8.498560;8.499470;0
20210318 140100;8.499570;8.500680;8.498140;8.499490;0
20210318 140200;8.499490;8.503260;8.499490;8.503260;0
20210318 140300;8.503350;8.503350;8.501990;8.503320;0
20210318 140400;8.503190;8.506390;8.502620;8.505540;0
20210318 140500;8.505530;8.513090;8.505530;8.506590;0
20210318 140600;8.506500;8.509970;8.504430;8.509250;0
20210318 140700;8.509250;8.509270;8.507790;8.508310;0
20210318 140800;8.508230;8.512880;8.506370;8.507200;0
20210318 140900;8.507210;8.508990;8.506110;8.506830;0
20210318 141000;8.506780;8.506800;8.498740;8.502720;0
20210318 141100;8.502450;8.502450;8.500420;8.501010;0
20210318 141200;8.501080;8.507370;8.500990;8.503820;0
20210318 141300;8.503580;8.509320;8.503580;8.506240;0
20210318 141400;8.506320;8.508530;8.506320;8.507340;0
20210318 141500;8.507470;8.509070;8.507460;8.508660;0
20210318 141600;8.508790;8.508970;8.506540;8.506540;0
20210318 141700;8.506310;8.510280;8.506310;8.508540;0
20210318 141800;8.508820;8.508820;8.507000;8.507370;0
20210318 141900;8.507210;8.507960;8.507180;8.507370;0
20210318 142000;8.507210;8.511140;8.506960;8.509260;0
20210318 142100;8.509260;8.509730;8.508100;8.508380;0
20210318 142200;8.508590;8.510110;8.508140;8.509980;0
20210318 142300;8.510130;8.510290;8.509440;8.509540;0
20210318 142400;8.509560;8.512140;8.509440;8.511660;0
20210318 142500;8.511520;8.514470;8.511120;8.511250;0
20210318 142600;8.511320;8.514130;8.511320;8.514070;0
20210318 142700;8.514210;8.515820;8.513030;8.513170;0
20210318 142800;8.512960;8.512990;8.508790;8.508790;0
20210318 142900;8.509020;8.510640;8.508780;8.509400;0
20210318 143000;8.509230;8.509590;8.506990;8.507550;0
20210318 143100;8.507620;8.510940;8.506570;8.510480;0
20210318 143200;8.510610;8.516460;8.510610;8.516360;0
20210318 143300;8.516450;8.516700;8.515920;8.516280;0
20210318 143400;8.516060;8.522920;8.516000;8.522460;0
20210318 143500;8.522460;8.522460;8.517250;8.517490;0
20210318 143600;8.517370;8.519590;8.517330;8.518600;0
20210318 143700;8.518520;8.520300;8.516720;8.516720;0
20210318 143800;8.516670;8.517490;8.516510;8.516970;0
20210318 143900;8.517100;8.518290;8.516830;8.517940;0
20210318 144000;8.517940;8.518160;8.516110;8.517790;0
20210318 144100;8.518460;8.519670;8.517520;8.518410;0
20210318 144200;8.518310;8.518700;8.517980;8.518700;0
20210318 144300;8.518420;8.518480;8.517000;8.517920;0
20210318 144400;8.518110;8.521460;8.517960;8.521210;0
20210318 144500;8.521210;8.522860;8.520560;8.522620;0
20210318 144600;8.522620;8.524870;8.522340;8.522860;0
20210318 144700;8.522780;8.528220;8.522780;8.527820;0
20210318 144800;8.527820;8.528540;8.526340;8.528280;0
20210318 144900;8.528280;8.528830;8.527480;8.528620;0
20210318 145000;8.528620;8.529680;8.527380;8.527380;0
20210318 145100;8.527620;8.535650;8.527420;8.533950;0
20210318 145200;8.534020;8.534090;8.525430;8.528220;0
20210318 145300;8.528050;8.529420;8.526960;8.527670;0
20210318 145400;8.527540;8.527600;8.524930;8.525900;0
20210318 145500;8.525900;8.525910;8.524160;8.525540;0
20210318 145600;8.525520;8.526210;8.525520;8.525720;0
20210318 145700;8.525800;8.526060;8.523640;8.524050;0
20210318 145800;8.524160;8.524300;8.521180;8.521760;0
20210318 145900;8.521760;8.523200;8.520930;8.523090;0
20210318 150000;8.523080;8.523080;8.519440;8.519440;0
20210318 150100;8.519430;8.519920;8.517860;8.517860;0
20210318 150200;8.518050;8.518140;8.515700;8.516470;0
20210318 150300;8.516490;8.516730;8.515400;8.515630;0
20210318 150400;8.515630;8.516800;8.514370;8.516160;0
20210318 150500;8.516160;8.516410;8.514410;8.516290;0
20210318 150600;8.516280;8.516560;8.516280;8.516530;0
20210318 150700;8.516530;8.516530;8.516230;8.516500;0
20210318 150800;8.516500;8.516510;8.513430;8.514590;0
20210318 150900;8.514760;8.515500;8.514310;8.514310;0
20210318 151000;8.514090;8.514620;8.513690;8.513730;0
20210318 151100;8.513730;8.514640;8.513730;8.514450;0
20210318 151200;8.514450;8.514830;8.514260;8.514830;0
20210318 151300;8.514840;8.516260;8.514820;8.516260;0
20210318 151400;8.516400;8.516650;8.515690;8.516510;0
20210318 151500;8.516520;8.517120;8.516410;8.517120;0
20210318 151600;8.517120;8.517620;8.516830;8.517520;0
20210318 151700;8.517620;8.517730;8.517220;8.517710;0
20210318 151800;8.517710;8.518220;8.517710;8.518030;0
20210318 151900;8.518030;8.518760;8.518030;8.518050;0
20210318 152000;8.518120;8.518830;8.518120;8.518830;0
20210318 152100;8.518690;8.518690;8.518550;8.518550;0
20210318 152200;8.518760;8.518760;8.517010;8.517160;0
20210318 152300;8.517110;8.518100;8.517010;8.517230;0
20210318 152400;8.517230;8.517770;8.517220;8.517680;0
20210318 152500;8.517550;8.518680;8.517540;8.518680;0
20210318 152600;8.518400;8.518920;8.518400;8.518720;0
20210318 152700;8.518620;8.518730;8.516920;8.517190;0
20210318 152800;8.517080;8.517940;8.516420;8.517480;0
20210318 152900;8.517400;8.518150;8.516770;8.516940;0
20210318 153000;8.516700;8.516700;8.515710;8.515710;0
20210318 153100;8.515710;8.516690;8.515710;8.516160;0
20210318 153200;8.516180;8.516490;8.515760;8.516110;0
20210318 153300;8.516110;8.516670;8.515760;8.516370;0
20210318 153400;8.516380;8.516950;8.516270;8.516840;0
20210318 153500;8.516810;8.517100;8.516730;8.517060;0
20210318 153600;8.517050;8.517060;8.514560;8.516080;0
20210318 153700;8.516090;8.516090;8.513060;8.514080;0
20210318 153800;8.514520;8.514520;8.513800;8.513850;0
20210318 153900;8.513850;8.513850;8.513500;8.513510;0
20210318 154000;8.513520;8.513900;8.513500;8.513900;0
20210318 154100;8.513880;8.513880;8.513430;8.513590;0
20210318 154200;8.513630;8.513790;8.513250;8.513250;0
20210318 154300;8.513620;8.513620;8.512920;8.513220;0
20210318 154400;8.513230;8.513230;8.509570;8.509820;0
20210318 154500;8.509920;8.511730;8.509920;8.511230;0
20210318 154600;8.511230;8.511460;8.510300;8.510610;0
20210318 154700;8.510590;8.511080;8.510510;8.510690;0
20210318 154800;8.511030;8.511240;8.510390;8.510730;0
20210318 154900;8.510750;8.511120;8.509750;8.510780;0
20210318 155000;8.510150;8.514130;8.509010;8.512830;0
20210318 155100;8.512620;8.512850;8.511050;8.512350;0
20210318 155200;8.512350;8.512350;8.511460;8.511660;0
20210318 155300;8.511660;8.512060;8.511250;8.511270;0
20210318 155400;8.511320;8.511760;8.510860;8.511450;0
20210318 155500;8.511450;8.517780;8.507650;8.513320;0
20210318 155600;8.512890;8.514520;8.508920;8.508920;0
20210318 155700;8.508930;8.511620;8.508520;8.511020;0
20210318 155800;8.511130;8.516020;8.506160;8.506160;0
20210318 155900;8.505990;8.506030;8.505990;8.505990;0
20210318 161000;8.517690;8.517690;8.517690;8.517690;0
20210318 161100;8.517690;8.517690;8.517120;8.517160;0
20210318 161200;8.517170;8.517170;8.517170;8.517170;0
20210318 161300;8.515880;8.515880;8.515180;8.515250;0
20210318 161500;8.515250;8.515830;8.515150;8.515750;0
20210318 161600;8.515890;8.520920;8.514960;8.520430;0
20210318 161700;8.520430;8.521420;8.516120;8.521420;0
20210318 161800;8.520730;8.520730;8.520720;8.520720;0
20210318 161900;8.520520;8.520520;8.520420;8.520420;0
20210318 162000;8.520320;8.520320;8.519520;8.519520;0
20210318 162100;8.518820;8.519120;8.517420;8.518220;0
20210318 162200;8.518220;8.518220;8.518120;8.518120;0
20210318 162300;8.517220;8.517820;8.516820;8.516820;0
20210318 162400;8.516920;8.516920;8.516520;8.516520;0
20210318 162500;8.517330;8.517620;8.516730;8.516730;0
20210318 162600;8.516820;8.516820;8.516820;8.516820;0
20210318 162700;8.516620;8.516620;8.516620;8.516620;0
20210318 162800;8.516420;8.517020;8.516420;8.517020;0
20210318 162900;8.517320;8.518220;8.517320;8.518220;0
20210318 163000;8.518120;8.518220;8.499220;8.499220;0
20210318 163100;8.498820;8.501730;8.498720;8.500620;0
20210318 163200;8.500630;8.500630;8.498920;8.499220;0
20210318 163300;8.499320;8.499420;8.499320;8.499420;0
20210318 163400;8.499030;8.499220;8.498020;8.499220;0
20210318 163500;8.499320;8.507250;8.499120;8.506950;0
20210318 163600;8.506950;8.507050;8.502380;8.503950;0
20210318 163700;8.503770;8.503940;8.503160;8.503190;0
20210318 163800;8.503300;8.503300;8.502850;8.503190;0
20210318 163900;8.503550;8.503930;8.503550;8.503750;0
20210318 164000;8.503890;8.504430;8.502910;8.503760;0
20210318 164100;8.504650;8.504650;8.503760;8.503760;0
20210318 164200;8.503770;8.504830;8.503770;8.503770;0
20210318 164400;8.504930;8.504930;8.501950;8.502660;0
20210318 164500;8.502670;8.509830;8.502670;8.503410;0
20210318 164600;8.503390;8.503410;8.503380;8.503410;0
20210318 164700;8.509730;8.509730;8.504000;8.504020;0
20210318 164800;8.503770;8.510560;8.503650;8.506110;0
20210318 164900;8.505950;8.506260;8.505340;8.506260;0
20210318 165000;8.505690;8.510670;8.505370;8.505420;0
20210318 165100;8.505370;8.505590;8.505370;8.505590;0
20210318 165200;8.505530;8.512620;8.505170;8.505190;0
20210318 165300;8.505190;8.505460;8.505100;8.505320;0
20210318 165400;8.508410;8.510930;8.505370;8.505390;0
20210318 165500;8.505340;8.507970;8.505200;8.505200;0
20210318 165600;8.505220;8.505940;8.505190;8.505940;0
20210318 165700;8.505950;8.508370;8.505940;8.506240;0
20210318 165800;8.506200;8.508570;8.506200;8.506210;0
20210318 170000;8.509620;8.510030;8.508820;8.508920;0
20210318 170100;8.508620;8.509520;8.507350;8.508650;0
20210318 170200;8.508640;8.509420;8.507820;8.508520;0
20210318 170300;8.508420;8.509800;8.508420;8.509020;0
20210318 170400;8.509120;8.509120;8.507360;8.507420;0
20210318 170500;8.507340;8.508660;8.506670;8.507220;0
20210318 170600;8.507500;8.509350;8.507290;8.507520;0
20210318 170700;8.506920;8.507630;8.506720;8.507630;0
20210318 170800;8.507720;8.508020;8.507720;8.507920;0
20210318 170900;8.507730;8.508120;8.506850;8.507420;0
20210318 171000;8.507320;8.511500;8.506050;8.510740;0
20210318 171100;8.511400;8.512310;8.509580;8.511650;0
20210318 171200;8.511510;8.512560;8.509460;8.510310;0
20210318 171300;8.510270;8.511940;8.509860;8.510800;0
20210318 171400;8.510760;8.511790;8.509490;8.510790;0
20210318 171500;8.510710;8.510920;8.507030;8.508820;0
20210318 171600;8.508730;8.510490;8.508000;8.509110;0
20210318 171700;8.508420;8.510640;8.508250;8.510160;0
20210318 171800;8.510130;8.510770;8.507710;8.508910;0
20210318 171900;8.508990;8.510440;8.508220;8.508680;0
20210318 172000;8.508720;8.510580;8.508470;8.508920;0
20210318 172100;8.509540;8.511180;8.508540;8.508870;0
20210318 172200;8.508860;8.510050;8.507560;8.508020;0
20210318 172300;8.508110;8.510810;8.508020;8.509580;0
20210318 172400;8.509440;8.510670;8.507920;8.510640;0
20210318 172500;8.510680;8.511660;8.509430;8.510850;0
20210318 172600;8.510890;8.511810;8.508920;8.510180;0
20210318 172700;8.510220;8.511290;8.509710;8.510080;0
20210318 172800;8.510040;8.511610;8.509410;8.509890;0
20210318 172900;8.510550;8.510550;8.508590;8.508590;0
20210318 173000;8.508440;8.509650;8.507440;8.507740;0
20210318 173100;8.507780;8.509330;8.506840;8.507430;0
20210318 173200;8.507430;8.508580;8.507120;8.508300;0
20210318 173300;8.508960;8.508960;8.507000;8.507690;0
20210318 173400;8.507670;8.508660;8.506880;8.506880;0
20210318 173500;8.507430;8.509800;8.507150;8.509570;0
20210318 173600;8.509560;8.510300;8.508170;8.509340;0
20210318 173700;8.509300;8.510000;8.508010;8.508010;0
20210318 173800;8.508490;8.510030;8.508260;8.509090;0
20210318 173900;8.508910;8.509800;8.508220;8.508640;0
20210318 174000;8.508150;8.509930;8.508150;8.509750;0
20210318 174100;8.509780;8.510860;8.508960;8.510800;0
20210318 174200;8.510800;8.511800;8.510320;8.511070;0
20210318 174300;8.510730;8.511400;8.509120;8.509640;0
20210318 174400;8.509650;8.511060;8.509150;8.510290;0
20210318 174500;8.510240;8.510930;8.508870;8.509490;0
20210318 174600;8.509510;8.510650;8.508990;8.509830;0
20210318 174700;8.509870;8.510790;8.508930;8.508930;0
20210318 174800;8.509440;8.510560;8.508920;8.510210;0
20210318 174900;8.509230;8.511010;8.509120;8.510350;0
20210318 175000;8.510310;8.510860;8.509290;8.510770;0
20210318 175100;8.510780;8.511870;8.509760;8.510410;0
20210318 175200;8.510620;8.510630;8.509180;8.509430;0
20210318 175300;8.509420;8.510950;8.507280;8.509190;0
20210318 175400;8.509230;8.511460;8.509230;8.510770;0
20210318 175500;8.510820;8.512280;8.509870;8.511400;0
20210318 175600;8.510720;8.511580;8.510220;8.510520;0
20210318 175700;8.510420;8.511130;8.510420;8.510920;0
20210318 175800;8.510920;8.512420;8.510690;8.511730;0
20210318 175900;8.511620;8.511830;8.510420;8.510520;0
20210318 180000;8.510830;8.512860;8.510830;8.512290;0
20210318 180100;8.512920;8.513410;8.511900;8.512500;0
20210318 180200;8.512470;8.514050;8.511960;8.512450;0
20210318 180300;8.513070;8.513450;8.512290;8.512290;0
20210318 180400;8.512280;8.512610;8.511680;8.512610;0
20210318 180500;8.511840;8.513530;8.510780;8.513400;0
20210318 180600;8.514160;8.514720;8.513500;8.514720;0
20210318 180700;8.514660;8.514990;8.513620;8.513630;0
20210318 180800;8.513650;8.514710;8.513300;8.513330;0
20210318 180900;8.512990;8.513570;8.512060;8.512850;0
20210318 181000;8.512700;8.512740;8.510780;8.511260;0
20210318 181100;8.511650;8.512360;8.510990;8.512290;0
20210318 181200;8.511660;8.512970;8.510720;8.510720;0
20210318 181300;8.511370;8.512500;8.510600;8.511140;0
20210318 181400;8.511230;8.512860;8.511060;8.512540;0
20210318 181500;8.512550;8.513390;8.511290;8.511390;0
20210318 181600;8.511470;8.512690;8.510940;8.512380;0
20210318 181700;8.512700;8.513250;8.511330;8.511540;0
20210318 181800;8.511630;8.514370;8.510250;8.511500;0
20210318 181900;8.511590;8.513070;8.510800;8.510800;0
20210318 182000;8.510970;8.513090;8.510230;8.510860;0
20210318 182100;8.510830;8.511740;8.509440;8.511450;0
20210318 182200;8.511490;8.511720;8.510420;8.511040;0
20210318 182300;8.511050;8.514330;8.509050;8.510110;0
20210318 182400;8.510060;8.510610;8.509800;8.510230;0
20210318 182500;8.510200;8.510560;8.510160;8.510380;0
20210318 182600;8.510350;8.510350;8.509990;8.509990;0
20210318 182700;8.510030;8.510030;8.508270;8.508900;0
20210318 182800;8.508290;8.509260;8.506750;8.507540;0
20210318 182900;8.507670;8.508630;8.507670;8.508510;0
20210318 183000;8.508510;8.509310;8.508080;8.508620;0
20210318 183100;8.509240;8.509260;8.508150;8.508520;0
20210318 183200;8.508750;8.510720;8.508750;8.510720;0
20210318 183300;8.510710;8.511900;8.510150;8.511050;0
20210318 183400;8.511060;8.511060;8.511020;8.511020;0
20210318 183500;8.511030;8.511030;8.510520;8.510530;0
20210318 183600;8.510520;8.510530;8.510520;8.510530;0
20210318 183700;8.510530;8.511590;8.508470;8.509410;0
20210318 183800;8.509410;8.511230;8.508630;8.509770;0
20210318 183900;8.509770;8.510620;8.508390;8.509190;0
20210318 184000;8.509200;8.511450;8.508260;8.509240;0
20210318 184100;8.509210;8.510240;8.508180;8.508280;0
20210318 184200;8.508310;8.510540;8.508310;8.509700;0
20210318 184300;8.509690;8.511720;8.509080;8.509910;0
20210318 184400;8.510270;8.510490;8.509160;8.509920;0
20210318 184500;8.509910;8.511270;8.509320;8.509320;0
20210318 184600;8.509320;8.511600;8.509320;8.509970;0
20210318 184700;8.509920;8.510740;8.508690;8.508950;0
20210318 184800;8.508950;8.510010;8.508700;8.509360;0
20210318 184900;8.509370;8.510820;8.508820;8.509230;0
20210318 185000;8.509170;8.509710;8.509000;8.509430;0
20210318 185100;8.509160;8.509680;8.509070;8.509410;0
20210318 185200;8.509410;8.509420;8.509410;8.509410;0
20210318 185300;8.509410;8.509530;8.509410;8.509520;0
20210318 185400;8.509520;8.510030;8.509520;8.509520;0
20210318 185500;8.509520;8.509530;8.509520;8.509520;0
20210318 185600;8.509520;8.510130;8.508160;8.509210;0
20210318 185700;8.509930;8.510410;8.509220;8.509630;0
20210318 185800;8.509630;8.509640;8.507700;8.509180;0
20210318 185900;8.509170;8.510090;8.508460;8.509750;0
20210318 190000;8.509750;8.511390;8.508380;8.509150;0
20210318 190100;8.509150;8.510880;8.508800;8.510390;0
20210318 190200;8.510390;8.512620;8.509100;8.509790;0
20210318 190300;8.509790;8.512230;8.509480;8.510070;0
20210318 190400;8.510080;8.510930;8.508660;8.508660;0
20210318 190500;8.508660;8.512510;8.508620;8.508620;0
20210318 190600;8.508420;8.512110;8.508420;8.509540;0
20210318 190700;8.509540;8.512130;8.508460;8.508460;0
20210318 190800;8.508460;8.513840;8.507580;8.508050;0
20210318 190900;8.508040;8.511060;8.507690;8.508520;0
20210318 191000;8.508280;8.511020;8.507770;8.508050;0
20210318 191100;8.507820;8.510390;8.507760;8.509870;0
20210318 191200;8.509860;8.510660;8.508110;8.509120;0
20210318 191300;8.509220;8.512560;8.508360;8.510020;0
20210318 191400;8.509660;8.512950;8.509350;8.509360;0
20210318 191500;8.509820;8.512030;8.508840;8.509420;0
20210318 191600;8.509330;8.512220;8.508510;8.508720;0
20210318 191700;8.508670;8.511350;8.508610;8.509830;0
20210318 191800;8.509920;8.511780;8.508940;8.509920;0
20210318 191900;8.510120;8.511880;8.509010;8.509420;0
20210318 192000;8.509520;8.511890;8.508870;8.509620;0
20210318 192100;8.509620;8.512220;8.509360;8.509360;0
20210318 192200;8.509330;8.512210;8.509330;8.509460;0
20210318 192300;8.509460;8.511280;8.509380;8.509380;0
20210318 192400;8.509380;8.512450;8.509380;8.509870;0
20210318 192500;8.509860;8.512220;8.509470;8.509740;0
20210318 192600;8.509460;8.510920;8.509350;8.509350;0
20210318 192700;8.509350;8.512530;8.509350;8.509510;0
20210318 192800;8.509510;8.512290;8.508780;8.508780;0
20210318 192900;8.508770;8.512400;8.508650;8.512400;0
20210318 193000;8.512400;8.512400;8.508990;8.510040;0
20210318 193100;8.510050;8.514920;8.509390;8.511890;0
20210318 193200;8.512020;8.514730;8.509920;8.511540;0
20210318 193300;8.511550;8.517030;8.511550;8.515370;0
20210318 193400;8.515640;8.518630;8.514820;8.516020;0
20210318 193500;8.515990;8.519440;8.514870;8.517790;0
20210318 193600;8.517800;8.520570;8.517060;8.517340;0
20210318 193700;8.517800;8.519370;8.515770;8.518220;0
20210318 193800;8.518210;8.518930;8.516170;8.518280;0
20210318 193900;8.518250;8.520520;8.518240;8.519820;0
20210318 194000;8.519820;8.521420;8.519520;8.521320;0
20210318 194100;8.521520;8.522220;8.520540;8.521420;0
20210318 194200;8.521420;8.522230;8.520930;8.521620;0
20210318 194300;8.521520;8.522960;8.520290;8.522820;0
20210318 194400;8.522820;8.524510;8.520620;8.523150;0
20210318 194500;8.524630;8.524920;8.520560;8.521920;0
20210318 194600;8.522220;8.522220;8.519660;8.520340;0
20210318 194700;8.520520;8.522620;8.517140;8.517590;0
20210318 194800;8.517590;8.518250;8.516730;8.517020;0
20210318 194900;8.517020;8.517240;8.515330;8.515970;0
20210318 195000;8.515960;8.520470;8.515540;8.519640;0
20210318 195100;8.519180;8.521530;8.519150;8.519880;0
20210318 195200;8.519600;8.521030;8.519580;8.520260;0
20210318 195300;8.520260;8.521690;8.520080;8.520800;0
20210318 195400;8.520800;8.522420;8.519370;8.519540;0
20210318 195500;8.519540;8.519540;8.517060;8.518630;0
20210318 195600;8.518720;8.518820;8.517490;8.518730;0
20210318 195700;8.518520;8.521150;8.517340;8.519790;0
20210318 195800;8.519800;8.520700;8.518660;8.518880;0
20210318 195900;8.518880;8.519870;8.517640;8.518370;0
20210318 200000;8.518370;8.520020;8.516910;8.518120;0
20210318 200100;8.517920;8.519050;8.516770;8.518320;0
20210318 200200;8.518520;8.519330;8.517070;8.518520;0
20210318 200300;8.518220;8.518930;8.516510;8.517620;0
20210318 200400;8.517720;8.519030;8.516680;8.516700;0
20210318 200500;8.516700;8.518410;8.516700;8.517330;0
20210318 200600;8.517730;8.519630;8.517720;8.518160;0
20210318 200700;8.518160;8.519430;8.517490;8.517610;0
20210318 200800;8.517610;8.518880;8.517180;8.518490;0
20210318 200900;8.518490;8.519130;8.518180;8.518250;0
20210318 201000;8.518250;8.519220;8.518090;8.518490;0
20210318 201100;8.518490;8.518490;8.517270;8.518150;0
20210318 201200;8.518150;8.518990;8.517450;8.518450;0
20210318 201300;8.518170;8.521510;8.518170;8.519240;0
20210318 201400;8.519330;8.520620;8.518650;8.519450;0
20210318 201500;8.519650;8.520630;8.518420;8.519950;0
20210318 201600;8.519650;8.519730;8.517950;8.519050;0
20210318 201700;8.519160;8.519350;8.517950;8.518750;0
20210318 201800;8.518560;8.523130;8.517450;8.519820;0
20210318 201900;8.519920;8.520520;8.518650;8.519330;0
20210318 202000;8.519320;8.520920;8.519050;8.520020;0
20210318 202100;8.520120;8.522950;8.519520;8.522360;0
20210318 202200;8.522360;8.526620;8.522350;8.523820;0
20210318 202300;8.523750;8.524960;8.522950;8.523350;0
20210318 202400;8.523120;8.526330;8.523120;8.525630;0
20210318 202500;8.525620;8.527120;8.523020;8.523460;0
20210318 202600;8.523450;8.524720;8.522550;8.524230;0
20210318 202700;8.524120;8.524820;8.522620;8.524820;0
20210318 202800;8.524550;8.524550;8.522020;8.523450;0
20210318 202900;8.523350;8.523930;8.521550;8.522250;0
20210318 203000;8.522060;8.522830;8.519250;8.519250;0
20210318 203100;8.519250;8.520230;8.516820;8.517070;0
20210318 203200;8.517170;8.517830;8.516150;8.516520;0
20210318 203300;8.516510;8.518220;8.516510;8.516730;0
20210318 203400;8.516730;8.517120;8.516420;8.516730;0
20210318 203500;8.516580;8.520930;8.516580;8.519460;0
20210318 203600;8.519650;8.520120;8.518270;8.519550;0
20210318 203700;8.519550;8.519920;8.517760;8.517950;0
20210318 203800;8.517970;8.518730;8.516920;8.518650;0
20210318 203900;8.518660;8.518660;8.516420;8.516920;0
20210318 204000;8.517120;8.517920;8.516250;8.517220;0
20210318 204100;8.517330;8.517420;8.515150;8.515380;0
20210318 204200;8.515740;8.516720;8.515170;8.515350;0
20210318 204300;8.515350;8.516960;8.515150;8.516250;0
20210318 204400;8.516250;8.516920;8.515160;8.515650;0
20210318 204500;8.515650;8.516430;8.514450;8.515720;0
20210318 204600;8.515720;8.520020;8.515650;8.517650;0
20210318 204700;8.517950;8.517950;8.513350;8.514620;0
20210318 204800;8.514420;8.518360;8.514130;8.517050;0
20210318 204900;8.517350;8.517350;8.515510;8.515640;0
20210318 205000;8.515670;8.517260;8.515550;8.516930;0
20210318 205100;8.516650;8.519130;8.515850;8.517620;0
20210318 205200;8.517650;8.519060;8.516650;8.518050;0
20210318 205300;8.518060;8.518760;8.516850;8.517450;0
20210318 205400;8.517750;8.517760;8.514450;8.515520;0
20210318 205500;8.515130;8.516230;8.513760;8.514820;0
20210318 205600;8.514720;8.515420;8.513730;8.514250;0
20210318 205700;8.514420;8.515520;8.513450;8.513550;0
20210318 205800;8.513750;8.514160;8.512860;8.513750;0
20210318 205900;8.513750;8.515660;8.513550;8.514650;0
20210318 210000;8.514750;8.516630;8.514210;8.515250;0
20210318 210100;8.515350;8.516960;8.515110;8.516250;0
20210318 210200;8.516450;8.517550;8.515150;8.516560;0
20210318 210300;8.516550;8.517860;8.515450;8.515460;0
20210318 210400;8.515550;8.517130;8.514920;8.516350;0
20210318 210500;8.516360;8.517230;8.515670;8.516720;0
20210318 210600;8.516620;8.518260;8.515920;8.518050;0
20210318 210700;8.518050;8.519020;8.517820;8.518520;0
20210318 210800;8.518620;8.519730;8.517520;8.519120;0
20210318 210900;8.519230;8.519530;8.517110;8.519120;0
20210318 211000;8.519120;8.521720;8.518350;8.521520;0
20210318 211100;8.521620;8.523350;8.520720;8.522430;0
20210318 211200;8.522630;8.523430;8.521170;8.523320;0
20210318 211300;8.523330;8.523380;8.521300;8.522980;0
20210318 211400;8.522990;8.523270;8.520470;8.521270;0
20210318 211500;8.521270;8.522460;8.520280;8.522460;0
20210318 211600;8.522450;8.522690;8.520770;8.522460;0
20210318 211700;8.522450;8.523250;8.521890;8.521890;0
20210318 211800;8.522010;8.523850;8.521960;8.523850;0
20210318 211900;8.523850;8.525560;8.522760;8.524470;0
20210318 212000;8.525260;8.527350;8.525050;8.527350;0
20210318 212100;8.527350;8.535570;8.526320;8.534550;0
20210318 212200;8.534550;8.534560;8.533250;8.534150;0
20210318 212300;8.534150;8.535320;8.522120;8.533550;0
20210318 212400;8.533560;8.533560;8.529480;8.530720;0
20210318 212500;8.530920;8.531020;8.524950;8.526220;0
20210318 212600;8.526320;8.527830;8.525620;8.527430;0
20210318 212700;8.527220;8.528420;8.524280;8.526830;0
20210318 212800;8.526720;8.526720;8.523410;8.524420;0
20210318 212900;8.524330;8.524860;8.523180;8.524850;0
20210318 213000;8.525220;8.526650;8.525050;8.525050;0
20210318 213100;8.524650;8.528950;8.522720;8.526860;0
20210318 213200;8.526860;8.527960;8.525890;8.527350;0
20210318 213300;8.527420;8.527420;8.523420;8.523980;0
20210318 213400;8.523980;8.524930;8.523850;8.524670;0
20210318 213500;8.524660;8.526330;8.524530;8.525670;0
20210318 213600;8.525650;8.526150;8.525240;8.525370;0
20210318 213700;8.525370;8.525560;8.524180;8.524190;0
20210318 213800;8.524180;8.524400;8.522850;8.523090;0
20210318 213900;8.522850;8.522980;8.522520;8.522860;0
20210318 214000;8.522900;8.523460;8.522380;8.522790;0
20210318 214100;8.522780;8.525120;8.522780;8.524030;0
20210318 214200;8.524030;8.524590;8.523910;8.523910;0
20210318 214300;8.523910;8.524520;8.523910;8.524410;0
20210318 214400;8.524410;8.525270;8.524180;8.524700;0
20210318 214500;8.524850;8.525220;8.524270;8.524670;0
20210318 214600;8.524700;8.525450;8.524110;8.524120;0
20210318 214700;8.524120;8.525580;8.524000;8.524500;0
20210318 214800;8.524560;8.524560;8.524030;8.524030;0
20210318 214900;8.524020;8.524030;8.523210;8.523210;0
20210318 215000;8.523210;8.523370;8.523140;8.523250;0
20210318 215100;8.523240;8.523310;8.522890;8.523120;0
20210318 215200;8.523120;8.524230;8.523090;8.523790;0
20210318 215300;8.523390;8.524930;8.523230;8.523960;0
20210318 215400;8.523680;8.525010;8.523600;8.524140;0
20210318 215500;8.524140;8.524150;8.523540;8.523540;0
20210318 215600;8.523550;8.524740;8.523280;8.523650;0
20210318 215700;8.523470;8.525340;8.522930;8.524550;0
20210318 215800;8.524660;8.526020;8.524650;8.525850;0
20210318 215900;8.525660;8.525870;8.524640;8.524850;0
20210318 220000;8.524850;8.526760;8.524850;8.526050;0
20210318 220100;8.526050;8.527760;8.525900;8.527760;0
20210318 220200;8.527820;8.527950;8.526390;8.526550;0
20210318 220300;8.526550;8.526950;8.526020;8.526340;0
20210318 220400;8.526340;8.526340;8.525550;8.525550;0
20210318 220500;8.525540;8.525550;8.524940;8.524940;0
20210318 220600;8.524940;8.524940;8.524340;8.524660;0
20210318 220700;8.524660;8.525570;8.522860;8.522940;0
20210318 220800;8.522950;8.523920;8.522940;8.523780;0
20210318 220900;8.523780;8.525130;8.523780;8.524260;0
20210318 221000;8.524240;8.525070;8.523540;8.523640;0
20210318 221100;8.523640;8.524220;8.523640;8.524220;0
20210318 221200;8.524210;8.524340;8.523840;8.523840;0
20210318 221300;8.523850;8.523850;8.522610;8.522980;0
20210318 221400;8.522980;8.524040;8.522830;8.523880;0
20210318 221500;8.523880;8.523910;8.522510;8.523220;0
20210318 221600;8.523220;8.523290;8.523010;8.523290;0
20210318 221700;8.523290;8.523860;8.523290;8.523700;0
20210318 221800;8.523700;8.524300;8.523340;8.523340;0
20210318 221900;8.523340;8.523400;8.522840;8.522840;0
20210318 222000;8.522840;8.523010;8.522370;8.522880;0
20210318 222100;8.522880;8.522940;8.522160;8.522250;0
20210318 222200;8.522240;8.522630;8.521020;8.521600;0
20210318 222300;8.521600;8.521810;8.521310;8.521810;0
20210318 222400;8.521820;8.521820;8.520440;8.520450;0
20210318 222500;8.520450;8.520660;8.519470;8.519620;0
20210318 222600;8.519630;8.520150;8.519160;8.519760;0
20210318 222700;8.519900;8.519900;8.513570;8.515780;0
20210318 222800;8.516020;8.518240;8.516020;8.517480;0
20210318 222900;8.517480;8.518030;8.516490;8.517250;0
20210318 223000;8.517250;8.518460;8.516690;8.517580;0
20210318 223100;8.517580;8.518130;8.517310;8.517800;0
20210318 223200;8.517810;8.518330;8.517360;8.517540;0
20210318 223300;8.517550;8.519660;8.517500;8.519420;0
20210318 223400;8.519420;8.519690;8.518590;8.518950;0
20210318 223500;8.519000;8.519530;8.517610;8.517850;0
20210318 223600;8.517800;8.518110;8.516740;8.517300;0
20210318 223700;8.517560;8.518450;8.517440;8.517860;0
20210318 223800;8.517860;8.518340;8.517210;8.517390;0
20210318 223900;8.517280;8.518350;8.516260;8.517140;0
20210318 224000;8.517150;8.518650;8.516030;8.516640;0
20210318 224100;8.516630;8.517980;8.515310;8.517150;0
20210318 224200;8.516960;8.517340;8.514950;8.515840;0
20210318 224300;8.515770;8.516110;8.514860;8.515710;0
20210318 224400;8.515710;8.517350;8.515500;8.516910;0
20210318 224500;8.516910;8.517140;8.515740;8.516610;0
20210318 224600;8.516610;8.517510;8.516100;8.516430;0
20210318 224700;8.516680;8.518140;8.516480;8.517750;0
20210318 224800;8.517590;8.519090;8.516720;8.518180;0
20210318 224900;8.518180;8.518650;8.515960;8.518550;0
20210318 225000;8.518760;8.519390;8.517670;8.518300;0
20210318 225100;8.518490;8.520450;8.518040;8.520150;0
20210318 225200;8.520160;8.521480;8.520160;8.521050;0
20210318 225300;8.521240;8.521500;8.519840;8.520100;0
20210318 225400;8.520110;8.520460;8.518300;8.518620;0
20210318 225500;8.518630;8.518890;8.517520;8.517520;0
20210318 225600;8.517530;8.517880;8.517300;8.517450;0
20210318 225700;8.517450;8.518620;8.517270;8.518350;0
20210318 225800;8.518350;8.518460;8.517310;8.517750;0
20210318 225900;8.517840;8.518030;8.516800;8.517130;0
20210318 230000;8.517130;8.519330;8.517100;8.519280;0
20210318 230100;8.519280;8.519670;8.518170;8.519050;0
20210318 230200;8.518960;8.519530;8.518370;8.518840;0
20210318 230300;8.518740;8.519110;8.516820;8.517010;0
20210318 230400;8.517090;8.518650;8.516890;8.517990;0
20210318 230500;8.517990;8.519080;8.517950;8.518690;0
20210318 230600;8.518900;8.519290;8.518130;8.518380;0
20210318 230700;8.518580;8.518880;8.517220;8.517950;0
20210318 230800;8.518060;8.518870;8.517610;8.518300;0
20210318 230900;8.518240;8.518560;8.517220;8.517490;0
20210318 231000;8.517470;8.517650;8.516450;8.517250;0
20210318 231100;8.517280;8.518100;8.516770;8.517020;0
20210318 231200;8.517050;8.517900;8.516320;8.516790;0
20210318 231300;8.516610;8.516670;8.516160;8.516590;0
20210318 231400;8.516590;8.517760;8.516590;8.517490;0
20210318 231500;8.517490;8.518660;8.517430;8.518110;0
20210318 231600;8.518120;8.518330;8.516900;8.517120;0
20210318 231700;8.517130;8.517270;8.516290;8.516410;0
20210318 231800;8.516410;8.517920;8.516290;8.517580;0
20210318 231900;8.517580;8.518430;8.516850;8.516850;0
20210318 232000;8.516850;8.516890;8.515600;8.515660;0
20210318 232100;8.515670;8.516620;8.515480;8.516010;0
20210318 232200;8.516010;8.516350;8.515940;8.516080;0
20210318 232300;8.516080;8.517800;8.511870;8.511990;0
20210318 232400;8.511990;8.513590;8.511970;8.513270;0
20210318 232500;8.512910;8.516030;8.512630;8.515620;0
20210318 232600;8.515620;8.516150;8.515370;8.515490;0
20210318 232700;8.515600;8.515840;8.511830;8.512020;0
20210318 232800;8.512070;8.512390;8.511040;8.511370;0
20210318 232900;8.511450;8.514240;8.511130;8.513940;0
20210318 233000;8.514060;8.514110;8.512900;8.513200;0
20210318 233100;8.513200;8.514130;8.511030;8.511620;0
20210318 233200;8.511800;8.512140;8.510770;8.511560;0
20210318 233300;8.511560;8.511940;8.510440;8.511030;0
20210318 233400;8.511240;8.511860;8.510900;8.511310;0
20210318 233500;8.511300;8.511350;8.509320;8.509870;0
20210318 233600;8.509870;8.511230;8.509740;8.510430;0
20210318 233700;8.510470;8.512050;8.510470;8.511650;0
20210318 233800;8.511150;8.511960;8.511030;8.511510;0
20210318 233900;8.511430;8.511830;8.510840;8.511640;0
20210318 234000;8.511640;8.512340;8.511580;8.511730;0
20210318 234100;8.511900;8.512040;8.511070;8.511380;0
20210318 234200;8.511680;8.511970;8.510840;8.511310;0
20210318 234300;8.511300;8.511850;8.510800;8.510860;0
20210318 234400;8.510860;8.511660;8.510860;8.511210;0
20210318 234500;8.511000;8.511400;8.510030;8.510340;0
20210318 234600;8.510260;8.510540;8.509590;8.509940;0
20210318 234700;8.509940;8.510100;8.509180;8.509390;0
20210318 234800;8.509530;8.510850;8.509280;8.509910;0
20210318 234900;8.509780;8.510360;8.509430;8.509540;0
20210318 235000;8.509420;8.510870;8.509100;8.510170;0
20210318 235100;8.510170;8.511350;8.510170;8.510930;0
20210318 235200;8.510960;8.511850;8.510100;8.510390;0
20210318 235300;8.510560;8.511330;8.509320;8.509560;0
20210318 235400;8.509560;8.510450;8.509520;8.509610;0
20210318 235500;8.509610;8.510890;8.509470;8.510760;0
20210318 235600;8.510650;8.511080;8.509570;8.509720;0
20210318 235700;8.509720;8.510920;8.508300;8.510920;0
20210318 235800;8.510910;8.510920;8.510190;8.510540;0
20210318 235900;8.510550;8.510550;8.509970;8.510300;0
20210319 000000;8.510300;8.510860;8.510110;8.510230;0
20210319 000100;8.510230;8.510240;8.507450;8.507490;0
20210319 000200;8.507500;8.512070;8.507490;8.509450;0
20210319 000300;8.509450;8.509960;8.509450;8.509680;0
20210319 000400;8.509690;8.509950;8.509190;8.509750;0
20210319 000500;8.509750;8.510250;8.509300;8.509950;0
20210319 000600;8.509820;8.511750;8.509590;8.511750;0
20210319 000700;8.511750;8.513050;8.511630;8.513050;0
20210319 000800;8.513050;8.513050;8.512110;8.512950;0
20210319 000900;8.512950;8.513220;8.511750;8.511890;0
20210319 001000;8.511890;8.512780;8.511890;8.512770;0
20210319 001100;8.512770;8.513060;8.512690;8.512930;0
20210319 001200;8.512940;8.513170;8.511930;8.512470;0
20210319 001300;8.512470;8.513760;8.512430;8.513750;0
20210319 001400;8.513760;8.514440;8.513750;8.514210;0
20210319 001500;8.514210;8.514780;8.514140;8.514710;0
20210319 001600;8.514710;8.514710;8.514160;8.514320;0
20210319 001700;8.514320;8.515200;8.514320;8.515200;0
20210319 001800;8.515300;8.515520;8.514740;8.514740;0
20210319 001900;8.514920;8.516020;8.514920;8.515550;0
20210319 002000;8.515510;8.518230;8.515510;8.517760;0
20210319 002100;8.517760;8.521320;8.517740;8.520060;0
20210319 002200;8.520050;8.521620;8.512420;8.517610;0
20210319 002300;8.517610;8.518030;8.514940;8.515550;0
20210319 002400;8.515550;8.522700;8.512960;8.520520;0
20210319 002500;8.520520;8.521050;8.519100;8.520070;0
20210319 002600;8.520240;8.520550;8.512950;8.513370;0
20210319 002700;8.513530;8.516850;8.512170;8.516650;0
20210319 002800;8.515970;8.520990;8.515970;8.520990;0
20210319 002900;8.520980;8.521050;8.511320;8.517970;0
20210319 003000;8.517970;8.520880;8.515750;8.516050;0
20210319 003100;8.516320;8.516350;8.515350;8.516050;0
20210319 003200;8.516220;8.518700;8.514930;8.515260;0
20210319 003300;8.515430;8.518150;8.514980;8.516750;0
20210319 003400;8.516740;8.517310;8.516220;8.516290;0
20210319 003500;8.516380;8.516540;8.513830;8.514040;0
20210319 003600;8.514180;8.514570;8.513730;8.514290;0
20210319 003700;8.514760;8.515110;8.513760;8.515110;0
20210319 003800;8.515020;8.515850;8.514530;8.515450;0
20210319 003900;8.515440;8.515640;8.514930;8.514980;0
20210319 004000;8.514980;8.515400;8.514230;8.515280;0
20210319 004100;8.515280;8.515930;8.514720;8.515050;0
20210319 004200;8.514790;8.516840;8.514790;8.515760;0
20210319 004300;8.516140;8.516140;8.514120;8.515380;0
20210319 004400;8.515180;8.515200;8.514210;8.514450;0
20210319 004500;8.514570;8.514970;8.513770;8.514760;0
20210319 004600;8.514790;8.518190;8.513570;8.514170;0
20210319 004700;8.514170;8.514560;8.512900;8.513540;0
20210319 004800;8.513560;8.514340;8.513110;8.514230;0
20210319 004900;8.514230;8.516520;8.514220;8.516450;0
20210319 005000;8.516160;8.516180;8.514510;8.515520;0
20210319 005100;8.515700;8.515700;8.512670;8.513960;0
20210319 005200;8.513960;8.514160;8.513030;8.513220;0
20210319 005300;8.513320;8.514250;8.513250;8.513770;0
20210319 005400;8.513770;8.513830;8.512750;8.513340;0
20210319 005500;8.513340;8.513510;8.510410;8.511830;0
20210319 005600;8.511720;8.512390;8.510790;8.511920;0
20210319 005700;8.511920;8.516620;8.511080;8.512820;0
20210319 005800;8.512820;8.512940;8.512040;8.512910;0
20210319 005900;8.512910;8.513440;8.511620;8.512870;0
20210319 010000;8.512870;8.516480;8.509760;8.509850;0
20210319 010100;8.512850;8.517070;8.512320;8.517070;0
20210319 010200;8.517250;8.520150;8.514550;8.517240;0
20210319 010300;8.517230;8.517370;8.516220;8.516220;0
20210319 010400;8.516160;8.517040;8.516150;8.516690;0
20210319 010500;8.516840;8.519030;8.516840;8.519030;0
20210319 010600;8.518890;8.519090;8.517800;8.517800;0
20210319 010700;8.517880;8.518580;8.517880;8.518580;0
20210319 010800;8.518510;8.518700;8.518100;8.518500;0
20210319 010900;8.518550;8.519070;8.518550;8.519070;0
20210319 011000;8.519060;8.519190;8.519060;8.519190;0
20210319 011100;8.519410;8.519850;8.518650;8.518840;0
20210319 011200;8.519050;8.531970;8.517920;8.518970;0
20210319 011300;8.519070;8.519820;8.517670;8.518420;0
20210319 011400;8.518290;8.520930;8.518100;8.518790;0
20210319 011500;8.518950;8.520510;8.518240;8.518240;0
20210319 011600;8.518250;8.519720;8.518230;8.519160;0
20210319 011700;8.519310;8.525780;8.519310;8.523750;0
20210319 011800;8.523930;8.527100;8.518420;8.518420;0
20210319 011900;8.518680;8.524380;8.518420;8.519830;0
20210319 012000;8.519920;8.522720;8.519520;8.521340;0
20210319 012100;8.521330;8.523220;8.521070;8.522660;0
20210319 012200;8.522810;8.523910;8.522540;8.523860;0
20210319 012300;8.523860;8.524020;8.521830;8.522210;0
20210319 012400;8.522210;8.523510;8.519360;8.520480;0
20210319 012500;8.520480;8.520480;8.509690;8.513960;0
20210319 012600;8.513960;8.514520;8.511970;8.514020;0
20210319 012700;8.514020;8.519060;8.513040;8.518290;0
20210319 012800;8.517660;8.518270;8.517010;8.518050;0
20210319 012900;8.517900;8.517910;8.516260;8.516260;0
20210319 013000;8.516260;8.516420;8.515950;8.516420;0
20210319 013100;8.516280;8.516280;8.514290;8.514660;0
20210319 013200;8.514580;8.515650;8.514450;8.515650;0
20210319 013300;8.515870;8.516130;8.515580;8.515800;0
20210319 013400;8.515860;8.515860;8.515080;8.515230;0
20210319 013500;8.515150;8.515150;8.514790;8.514790;0
20210319 013600;8.514720;8.514720;8.514150;8.514440;0
20210319 013700;8.514510;8.515010;8.513150;8.513790;0
20210319 013800;8.513650;8.513790;8.513080;8.513720;0
20210319 013900;8.513790;8.513790;8.513150;8.513650;0
20210319 014000;8.513720;8.514420;8.513580;8.513990;0
20210319 014100;8.514130;8.514360;8.514130;8.514200;0
20210319 014200;8.514200;8.514210;8.508920;8.508920;0
20210319 014300;8.508760;8.508920;8.508220;8.508390;0
20210319 014400;8.508220;8.508920;8.507620;8.507970;0
20210319 014500;8.508020;8.512480;8.507970;8.512190;0
20210319 014600;8.512170;8.512480;8.511820;8.512440;0
20210319 014700;8.512510;8.512910;8.511970;8.512120;0
20210319 014800;8.511890;8.513240;8.510740;8.512960;0
20210319 014900;8.513040;8.513310;8.512820;8.513170;0
20210319 015000;8.513100;8.513100;8.509550;8.509550;0
20210319 015100;8.509450;8.509450;8.501670;8.503750;0
20210319 015200;8.503450;8.504430;8.503150;8.503850;0
20210319 015300;8.503750;8.505680;8.503020;8.505550;0
20210319 015400;8.505430;8.508790;8.505430;8.506750;0
20210319 015500;8.506550;8.511050;8.504200;8.506060;0
20210319 015600;8.506110;8.507880;8.503580;8.507710;0
20210319 015700;8.507670;8.509150;8.507600;8.508860;0
20210319 015800;8.509000;8.510580;8.507400;8.508310;0
20210319 015900;8.508450;8.509020;8.505420;8.505420;0
20210319 020000;8.505520;8.508530;8.504860;8.508330;0
20210319 020100;8.508330;8.510270;8.505840;8.505990;0
20210319 020200;8.505920;8.506630;8.504770;8.506570;0
20210319 020300;8.506510;8.509470;8.506500;8.508120;0
20210319 020400;8.508130;8.508130;8.504600;8.505990;0
20210319 020500;8.506020;8.506190;8.504560;8.505400;0
20210319 020600;8.505400;8.505890;8.503050;8.503630;0
20210319 020700;8.503520;8.504820;8.502160;8.502940;0
20210319 020800;8.503080;8.503620;8.500620;8.500850;0
20210319 020900;8.500560;8.500820;8.499370;8.500740;0
20210319 021000;8.500740;8.501620;8.499820;8.501040;0
20210319 021100;8.501230;8.507480;8.501230;8.507070;0
20210319 021200;8.507070;8.507070;8.502750;8.505150;0
20210319 021300;8.504970;8.505660;8.504020;8.504790;0
20210319 021400;8.504810;8.504850;8.503730;8.504170;0
20210319 021500;8.504710;8.504710;8.501800;8.502060;0
20210319 021600;8.501810;8.502220;8.493550;8.495660;0
20210319 021700;8.495540;8.495540;8.484460;8.484460;0
20210319 021800;8.484520;8.486920;8.484460;8.485730;0
20210319 021900;8.485630;8.486930;8.482260;8.483580;0
20210319 022000;8.483580;8.486820;8.483580;8.484950;0
20210319 022100;8.484950;8.485720;8.481950;8.483220;0
20210319 022200;8.483320;8.486300;8.482700;8.483680;0
20210319 022300;8.483720;8.484920;8.482590;8.484540;0
20210319 022400;8.485000;8.488450;8.483700;8.487110;0
20210319 022500;8.487100;8.489020;8.486150;8.487390;0
20210319 022600;8.487910;8.489310;8.486250;8.487780;0
20210319 022700;8.488730;8.490650;8.488130;8.489810;0
20210319 022800;8.489810;8.493920;8.489800;8.492820;0
20210319 022900;8.492780;8.495660;8.489440;8.495610;0
20210319 023000;8.495610;8.495620;8.489360;8.489490;0
20210319 023100;8.489490;8.492330;8.485090;8.488670;0
20210319 023200;8.488620;8.488890;8.484680;8.487940;0
20210319 023300;8.488020;8.490340;8.483980;8.488920;0
20210319 023400;8.489420;8.490780;8.486230;8.488590;0
20210319 023500;8.488500;8.488720;8.484220;8.485530;0
20210319 023600;8.485460;8.486800;8.482420;8.482960;0
20210319 023700;8.482950;8.482960;8.480610;8.481840;0
20210319 023800;8.481760;8.483730;8.480610;8.483460;0
20210319 023900;8.483610;8.485720;8.483610;8.485380;0
20210319 024000;8.485300;8.485300;8.482910;8.483990;0
20210319 024100;8.483970;8.486130;8.483970;8.486130;0
20210319 024200;8.486210;8.487540;8.483800;8.486210;0
20210319 024300;8.486200;8.486270;8.484540;8.484830;0
20210319 024400;8.484830;8.484830;8.481580;8.481580;0
20210319 024500;8.481430;8.484320;8.481310;8.484180;0
20210319 024600;8.483980;8.485030;8.481820;8.483710;0
20210319 024700;8.483560;8.484180;8.483240;8.483310;0
20210319 024800;8.483300;8.483820;8.482430;8.482560;0
20210319 024900;8.482960;8.484070;8.482480;8.483380;0
20210319 025000;8.483290;8.484890;8.482820;8.484880;0
20210319 025100;8.484880;8.486820;8.484500;8.486260;0
20210319 025200;8.486340;8.486360;8.482780;8.485630;0
20210319 025300;8.485570;8.494170;8.485490;8.490880;0
20210319 025400;8.490920;8.497630;8.490880;8.494240;0
20210319 025500;8.494320;8.494670;8.492120;8.493390;0
20210319 025600;8.493330;8.493610;8.483150;8.490270;0
20210319 025700;8.490590;8.490720;8.483550;8.489750;0
20210319 025800;8.489550;8.493420;8.489310;8.490790;0
20210319 025900;8.491100;8.494300;8.489470;8.494040;0
20210319 030000;8.494060;8.495350;8.485770;8.485960;0
20210319 030100;8.485920;8.490730;8.485920;8.487920;0
20210319 030200;8.487920;8.487920;8.484620;8.486020;0
20210319 030300;8.485950;8.493420;8.483570;8.491670;0
20210319 030400;8.491550;8.493920;8.490620;8.492820;0
20210319 030500;8.492830;8.494800;8.487290;8.492410;0
20210319 030600;8.492060;8.492330;8.485970;8.486400;0
20210319 030700;8.486220;8.486230;8.483020;8.484620;0
20210319 030800;8.484720;8.487770;8.483700;8.485030;0
20210319 030900;8.485120;8.485120;8.483930;8.484160;0
20210319 031000;8.484270;8.485140;8.481420;8.485070;0
20210319 031100;8.485200;8.487750;8.484730;8.487700;0
20210319 031200;8.487560;8.489870;8.487330;8.489490;0
20210319 031300;8.489300;8.491500;8.488180;8.488910;0
20210319 031400;8.488970;8.489090;8.487350;8.489090;0
20210319 031500;8.489300;8.491070;8.486270;8.487090;0
20210319 031600;8.487160;8.489750;8.487000;8.489520;0
20210319 031700;8.489660;8.492070;8.485410;8.486380;0
20210319 031800;8.486520;8.490040;8.486520;8.489990;0
20210319 031900;8.489950;8.490150;8.481020;8.481310;0
20210319 032000;8.481380;8.487980;8.481130;8.487980;0
20210319 032100;8.488000;8.490610;8.487650;8.488970;0
20210319 032200;8.488760;8.490730;8.486810;8.488960;0
20210319 032300;8.489250;8.489740;8.485100;8.486590;0
20210319 032400;8.486590;8.488460;8.484160;8.486760;0
20210319 032500;8.486840;8.486840;8.484560;8.484720;0
20210319 032600;8.484720;8.484720;8.480310;8.482420;0
20210319 032700;8.482520;8.483920;8.479570;8.483780;0
20210319 032800;8.483620;8.487630;8.483620;8.487400;0
20210319 032900;8.487460;8.488390;8.485200;8.485920;0
20210319 033000;8.485720;8.485720;8.479840;8.480650;0
20210319 033100;8.480820;8.484750;8.480430;8.484030;0
20210319 033200;8.484040;8.485280;8.480970;8.482560;0
20210319 033300;8.482690;8.485420;8.480250;8.485130;0
20210319 033400;8.485440;8.487220;8.484810;8.484980;0
20210319 033500;8.484980;8.485020;8.480830;8.480830;0
20210319 033600;8.480830;8.484980;8.480500;8.483620;0
20210319 033700;8.483700;8.485030;8.481120;8.484930;0
20210319 033800;8.484920;8.484920;8.478520;8.479570;0
20210319 033900;8.479420;8.482860;8.475070;8.481110;0
20210319 034000;8.481300;8.481740;8.478520;8.480430;0
20210319 034100;8.480290;8.481480;8.478490;8.478490;0
20210319 034200;8.478490;8.479650;8.475130;8.475260;0
20210319 034300;8.475510;8.479100;8.474190;8.478550;0
20210319 034400;8.478540;8.478540;8.476170;8.477130;0
20210319 034500;8.477200;8.480820;8.477200;8.480380;0
20210319 034600;8.480340;8.480340;8.478070;8.479120;0
20210319 034700;8.479280;8.479690;8.476720;8.477640;0
20210319 034800;8.477630;8.480190;8.477500;8.478850;0
20210319 034900;8.478860;8.478860;8.477030;8.478310;0
20210319 035000;8.478300;8.479300;8.477840;8.478670;0
20210319 035100;8.478610;8.478610;8.475490;8.475670;0
20210319 035200;8.475800;8.481980;8.475800;8.481090;0
20210319 035300;8.481080;8.481090;8.479270;8.480000;0
20210319 035400;8.479940;8.481220;8.478000;8.481220;0
20210319 035500;8.481320;8.483770;8.481230;8.483030;0
20210319 035600;8.483030;8.484460;8.482510;8.482700;0
20210319 035700;8.482680;8.485830;8.479800;8.481280;0
20210319 035800;8.481070;8.485530;8.479370;8.485000;0
20210319 035900;8.485020;8.487380;8.484590;8.484670;0
20210319 040000;8.484680;8.486020;8.483420;8.485900;0
20210319 040100;8.485900;8.486960;8.483900;8.484080;0
20210319 040200;8.484070;8.484880;8.483700;8.484880;0
20210319 040300;8.484940;8.486560;8.484940;8.486360;0
20210319 040400;8.486630;8.487040;8.484790;8.485190;0
20210319 040500;8.485180;8.486970;8.484400;8.486220;0
20210319 040600;8.486040;8.489560;8.486030;8.488650;0
20210319 040700;8.488640;8.488650;8.485380;8.486830;0
20210319 040800;8.486830;8.487730;8.486550;8.486730;0
20210319 040900;8.486740;8.488360;8.486570;8.488300;0
20210319 041000;8.488050;8.489840;8.487910;8.489710;0
20210319 041100;8.489850;8.492180;8.489220;8.491850;0
20210319 041200;8.491850;8.492740;8.491320;8.491740;0
20210319 041300;8.491640;8.491670;8.486830;8.490680;0
20210319 041400;8.490610;8.493990;8.488890;8.490780;0
20210319 041500;8.490860;8.491650;8.490490;8.490620;0
20210319 041600;8.490610;8.492450;8.489060;8.491950;0
20210319 041700;8.491950;8.494920;8.491910;8.494920;0
20210319 041800;8.494910;8.497730;8.494460;8.497700;0
20210319 041900;8.497780;8.497840;8.495790;8.497290;0
20210319 042000;8.497290;8.497290;8.492580;8.493180;0
20210319 042100;8.493270;8.493760;8.490990;8.493490;0
20210319 042200;8.493540;8.496020;8.493540;8.495650;0
20210319 042300;8.495530;8.495720;8.493470;8.493830;0
20210319 042400;8.493970;8.496700;8.492440;8.494500;0
20210319 042500;8.494510;8.497630;8.493650;8.497350;0
20210319 042600;8.497390;8.498470;8.493740;8.495950;0
20210319 042700;8.495950;8.499990;8.495100;8.499840;0
20210319 042800;8.499980;8.503870;8.499880;8.503860;0
20210319 042900;8.503780;8.507670;8.503780;8.507650;0
20210319 043000;8.507800;8.511530;8.506690;8.511320;0
20210319 043100;8.511320;8.511800;8.506780;8.511720;0
20210319 043200;8.511730;8.511730;8.508780;8.509030;0
20210319 043300;8.509030;8.509490;8.507290;8.509490;0
20210319 043400;8.509620;8.509950;8.507500;8.507500;0
20210319 043500;8.507230;8.507230;8.504680;8.505690;0
20210319 043600;8.505820;8.506970;8.503480;8.503650;0
20210319 043700;8.503670;8.505450;8.502160;8.505450;0
20210319 043800;8.505410;8.507010;8.502990;8.506980;0
20210319 043900;8.507420;8.513520;8.507420;8.511010;0
20210319 044000;8.509860;8.513730;8.509680;8.513240;0
20210319 044100;8.513320;8.516110;8.513160;8.514070;0
20210319 044200;8.513970;8.514070;8.511490;8.512340;0
20210319 044300;8.512350;8.512790;8.511690;8.511830;0
20210319 044400;8.511870;8.513720;8.511340;8.511340;0
20210319 044500;8.511320;8.513770;8.511270;8.513770;0
20210319 044600;8.513770;8.516110;8.511060;8.515120;0
20210319 044700;8.515120;8.515260;8.513150;8.513710;0
20210319 044800;8.513710;8.516010;8.513290;8.516010;0
20210319 044900;8.516010;8.518160;8.515440;8.515440;0
20210319 045000;8.515540;8.517970;8.515540;8.517830;0
20210319 045100;8.517960;8.519840;8.517870;8.519320;0
20210319 045200;8.519320;8.520060;8.518840;8.520060;0
20210319 045300;8.520050;8.521080;8.519770;8.519980;0
20210319 045400;8.520420;8.520420;8.519160;8.519580;0
20210319 045500;8.519610;8.520070;8.519160;8.519440;0
20210319 045600;8.519450;8.520160;8.519060;8.519200;0
20210319 045700;8.519200;8.519930;8.519100;8.519200;0
20210319 045800;8.519260;8.524240;8.519260;8.524240;0
20210319 045900;8.524230;8.524680;8.522140;8.522150;0
20210319 050000;8.522150;8.522840;8.521940;8.522700;0
20210319 050100;8.522460;8.524050;8.520860;8.520910;0
20210319 050200;8.520940;8.522510;8.518470;8.520430;0
20210319 050300;8.520430;8.524300;8.517890;8.521450;0
20210319 050400;8.521300;8.521370;8.516780;8.517350;0
20210319 050500;8.517350;8.518000;8.513520;8.515520;0
20210319 050600;8.515520;8.518750;8.515170;8.517670;0
20210319 050700;8.517590;8.518450;8.515800;8.516150;0
20210319 050800;8.516300;8.516840;8.514750;8.514820;0
20210319 050900;8.514820;8.514820;8.512780;8.513660;0
20210319 051000;8.513720;8.514560;8.513140;8.514560;0
20210319 051100;8.514730;8.517770;8.514480;8.515320;0
20210319 051200;8.515320;8.520390;8.515310;8.518330;0
20210319 051300;8.518340;8.521160;8.518260;8.521160;0
20210319 051400;8.521160;8.521160;8.515410;8.515910;0
20210319 051500;8.515950;8.524080;8.515740;8.520130;0
20210319 051600;8.520110;8.522030;8.517010;8.519690;0
20210319 051700;8.519480;8.522900;8.519470;8.520680;0
20210319 051800;8.520540;8.520780;8.518270;8.518850;0
20210319 051900;8.519030;8.522010;8.519030;8.521860;0
20210319 052000;8.521870;8.523880;8.521640;8.523050;0
20210319 052100;8.523020;8.523020;8.518010;8.519780;0
20210319 052200;8.520090;8.521290;8.519850;8.520900;0
20210319 052300;8.520890;8.521420;8.519750;8.519750;0
20210319 052400;8.519750;8.519750;8.517750;8.518570;0
20210319 052500;8.518460;8.518460;8.515490;8.516080;0
20210319 052600;8.516090;8.516600;8.514230;8.514370;0
20210319 052700;8.514380;8.514380;8.511610;8.512150;0
20210319 052800;8.512150;8.512810;8.511890;8.512810;0
20210319 052900;8.512810;8.515870;8.512050;8.513480;0
20210319 053000;8.513480;8.513570;8.511720;8.512020;0
20210319 053100;8.512600;8.515260;8.512600;8.514000;0
20210319 053200;8.513980;8.517970;8.513860;8.517760;0
20210319 053300;8.517760;8.518420;8.514480;8.514600;0
20210319 053400;8.514530;8.515460;8.514050;8.515360;0
20210319 053500;8.515360;8.515790;8.514420;8.515790;0
20210319 053600;8.515720;8.516420;8.514800;8.516360;0
20210319 053700;8.516420;8.517090;8.516170;8.517080;0
20210319 053800;8.516970;8.517090;8.516060;8.516360;0
20210319 053900;8.516570;8.517110;8.514760;8.516040;0
20210319 054000;8.516040;8.516680;8.514830;8.515520;0
20210319 054100;8.515520;8.515520;8.512330;8.512330;0
20210319 054200;8.512330;8.514000;8.512330;8.513490;0
20210319 054300;8.513340;8.514060;8.512780;8.514060;0
20210319 054400;8.514040;8.514040;8.513010;8.513740;0
20210319 054500;8.513680;8.514140;8.513090;8.514020;0
20210319 054600;8.513990;8.514200;8.513550;8.513550;0
20210319 054700;8.513610;8.515630;8.513430;8.514120;0
20210319 054800;8.514130;8.514130;8.513490;8.513490;0
20210319 054900;8.513470;8.515940;8.512910;8.515860;0
20210319 055000;8.515910;8.515910;8.513180;8.514640;0
20210319 055100;8.514580;8.515600;8.514000;8.515490;0
20210319 055200;8.515570;8.516350;8.515320;8.515600;0
20210319 055300;8.515620;8.515720;8.514450;8.514620;0
20210319 055400;8.514720;8.515860;8.514590;8.515080;0
20210319 055500;8.515060;8.516120;8.514380;8.516040;0
20210319 055600;8.516120;8.516620;8.514100;8.515810;0
20210319 055700;8.515690;8.516540;8.515350;8.516200;0
20210319 055800;8.516200;8.516210;8.513240;8.513300;0
20210319 055900;8.513380;8.514830;8.512470;8.514490;0
20210319 060000;8.514650;8.519680;8.514580;8.519280;0
20210319 060100;8.519100;8.519740;8.517380;8.519620;0
20210319 060200;8.519620;8.521370;8.518480;8.521370;0
20210319 060300;8.521580;8.525000;8.521580;8.524430;0
20210319 060400;8.524430;8.525440;8.522250;8.525150;0
20210319 060500;8.525150;8.525160;8.524470;8.524940;0
20210319 060600;8.524940;8.524940;8.521210;8.521280;0
20210319 060700;8.521270;8.521570;8.520820;8.521570;0
20210319 060800;8.521630;8.521820;8.520940;8.521050;0
20210319 060900;8.521050;8.525960;8.521050;8.523360;0
20210319 061000;8.523210;8.523330;8.522620;8.523310;0
20210319 061100;8.523310;8.524320;8.522350;8.524240;0
20210319 061200;8.524230;8.524500;8.523890;8.524130;0
20210319 061300;8.524130;8.524490;8.519360;8.520120;0
20210319 061400;8.520120;8.521890;8.520120;8.521220;0
20210319 061500;8.521660;8.522210;8.521080;8.522070;0
20210319 061600;8.522030;8.523100;8.521100;8.522450;0
20210319 061700;8.522620;8.523410;8.520350;8.522600;0
20210319 061800;8.522450;8.527550;8.522060;8.526910;0
20210319 061900;8.526910;8.526910;8.525590;8.525630;0
20210319 062000;8.525630;8.526620;8.525570;8.526150;0
20210319 062100;8.526150;8.526990;8.526000;8.526770;0
20210319 062200;8.526670;8.527380;8.526580;8.526670;0
20210319 062300;8.526930;8.531740;8.526930;8.531630;0
20210319 062400;8.531720;8.532670;8.531720;8.532180;0
20210319 062500;8.532310;8.536480;8.532030;8.536040;0
20210319 062600;8.535970;8.537280;8.534420;8.535530;0
20210319 062700;8.535220;8.535220;8.533170;8.534530;0
20210319 062800;8.534530;8.534710;8.532380;8.533470;0
20210319 062900;8.533470;8.533650;8.530390;8.530710;0
20210319 063000;8.530720;8.532040;8.529430;8.531580;0
20210319 063100;8.531520;8.532110;8.528630;8.531350;0
20210319 063200;8.531340;8.533100;8.531010;8.532580;0
20210319 063300;8.532630;8.533080;8.532630;8.532820;0
20210319 063400;8.532810;8.533620;8.532460;8.533070;0
20210319 063500;8.532930;8.533410;8.532340;8.532430;0
20210319 063600;8.532410;8.533370;8.532250;8.532250;0
20210319 063700;8.532250;8.532250;8.527450;8.527870;0
20210319 063800;8.527820;8.527970;8.526670;8.526670;0
20210319 063900;8.526960;8.528310;8.526630;8.528270;0
20210319 064000;8.528310;8.528770;8.527910;8.528160;0
20210319 064100;8.528000;8.528000;8.526780;8.526820;0
20210319 064200;8.526830;8.527250;8.525850;8.526290;0
20210319 064300;8.526280;8.526470;8.525420;8.525900;0
20210319 064400;8.525830;8.525840;8.523840;8.524740;0
20210319 064500;8.524740;8.525820;8.524740;8.525820;0
20210319 064600;8.525890;8.528110;8.525890;8.527870;0
20210319 064700;8.527870;8.531290;8.527300;8.527310;0
20210319 064800;8.527370;8.528700;8.527160;8.528580;0
20210319 064900;8.528530;8.530720;8.528530;8.530050;0
20210319 065000;8.530280;8.530320;8.527890;8.529920;0
20210319 065100;8.529960;8.534660;8.528890;8.534490;0
20210319 065200;8.534250;8.534250;8.532830;8.533850;0
20210319 065300;8.534160;8.534210;8.532220;8.534140;0
20210319 065400;8.534130;8.534300;8.531390;8.532260;0
20210319 065500;8.532300;8.533570;8.531670;8.531890;0
20210319 065600;8.531940;8.534100;8.531940;8.533240;0
20210319 065700;8.533460;8.535420;8.533280;8.534300;0
20210319 065800;8.534310;8.537960;8.533770;8.537280;0
20210319 065900;8.537230;8.538070;8.535430;8.535690;0
20210319 070000;8.535720;8.536990;8.534070;8.534200;0
20210319 070100;8.534110;8.534320;8.529990;8.530830;0
20210319 070200;8.530690;8.535650;8.530620;8.535450;0
20210319 070300;8.535360;8.536610;8.532400;8.532890;0
20210319 070400;8.532770;8.534120;8.531460;8.533120;0
20210319 070500;8.533200;8.535220;8.531520;8.533660;0
20210319 070600;8.533690;8.533780;8.531780;8.532070;0
20210319 070700;8.532010;8.532010;8.526870;8.526870;0
20210319 070800;8.526780;8.527050;8.524910;8.525950;0
20210319 070900;8.525860;8.527530;8.524750;8.527190;0
20210319 071000;8.527190;8.527820;8.525620;8.526150;0
20210319 071100;8.526260;8.528910;8.526260;8.527860;0
20210319 071200;8.527920;8.532230;8.527360;8.531570;0
20210319 071300;8.531570;8.534410;8.529590;8.532920;0
20210319 071400;8.532910;8.535020;8.531620;8.532370;0
20210319 071500;8.532380;8.532380;8.530890;8.530890;0
20210319 071600;8.530940;8.531080;8.528620;8.529520;0
20210319 071700;8.529510;8.532810;8.528880;8.532630;0
20210319 071800;8.532630;8.532630;8.530140;8.530990;0
20210319 071900;8.530980;8.530990;8.529690;8.530920;0
20210319 072000;8.530920;8.535980;8.530920;8.533840;0
20210319 072100;8.533760;8.537320;8.533600;8.537320;0
20210319 072200;8.537530;8.538740;8.537280;8.538650;0
20210319 072300;8.538720;8.539620;8.537580;8.539520;0
20210319 072400;8.539420;8.540270;8.538730;8.538740;0
20210319 072500;8.538510;8.543000;8.538300;8.541980;0
20210319 072600;8.541980;8.542210;8.540260;8.541660;0
20210319 072700;8.541700;8.545330;8.541080;8.545150;0
20210319 072800;8.545140;8.545580;8.543620;8.544920;0
20210319 072900;8.545030;8.545130;8.543110;8.543110;0
20210319 073000;8.543120;8.543120;8.540080;8.540120;0
20210319 073100;8.540120;8.540140;8.538070;8.538100;0
20210319 073200;8.538070;8.538440;8.536490;8.536560;0
20210319 073300;8.536560;8.536700;8.534640;8.535370;0
20210319 073400;8.535370;8.542150;8.535370;8.542150;0
20210319 073500;8.541940;8.543180;8.540350;8.540750;0
20210319 073600;8.540740;8.541170;8.539760;8.539880;0
20210319 073700;8.539880;8.540560;8.539170;8.540210;0
20210319 073800;8.540330;8.542130;8.540040;8.542130;0
20210319 073900;8.542250;8.543030;8.539760;8.539760;0
20210319 074000;8.539840;8.543860;8.539760;8.540510;0
20210319 074100;8.540590;8.543860;8.540590;8.541750;0
20210319 074200;8.541650;8.545290;8.540900;8.543630;0
20210319 074300;8.543840;8.543840;8.541260;8.541350;0
20210319 074400;8.541400;8.542620;8.540160;8.541720;0
20210319 074500;8.541800;8.547570;8.541800;8.547230;0
20210319 074600;8.547230;8.554890;8.547080;8.554080;0
20210319 074700;8.554070;8.559680;8.554070;8.559550;0
20210319 074800;8.559550;8.563190;8.558290;8.559290;0
20210319 074900;8.559140;8.561720;8.555990;8.559750;0
20210319 075000;8.560010;8.565380;8.559530;8.562010;0
20210319 075100;8.562000;8.564940;8.561690;8.564560;0
20210319 075200;8.564400;8.571760;8.562520;8.571600;0
20210319 075300;8.571600;8.572430;8.568840;8.569620;0
20210319 075400;8.569520;8.570100;8.567130;8.567250;0
20210319 075500;8.567250;8.570090;8.564080;8.564080;0
20210319 075600;8.563480;8.565590;8.563280;8.564240;0
20210319 075700;8.564250;8.565630;8.563660;8.564430;0
20210319 075800;8.564430;8.564820;8.562030;8.562030;0
20210319 075900;8.562130;8.564020;8.560540;8.562530;0
20210319 080000;8.562630;8.582330;8.562320;8.579270;0
20210319 080100;8.579360;8.579370;8.568920;8.572180;0
20210319 080200;8.572180;8.579400;8.571680;8.573520;0
20210319 080300;8.573620;8.574720;8.563770;8.572150;0
20210319 080400;8.571950;8.587080;8.571850;8.581460;0
20210319 080500;8.581670;8.583510;8.570950;8.573810;0
20210319 080600;8.574350;8.581330;8.570370;8.574080;0
20210319 080700;8.574080;8.580520;8.574050;8.580160;0
20210319 080800;8.580120;8.584760;8.576260;8.579850;0
20210319 080900;8.579850;8.580180;8.574390;8.577740;0
20210319 081000;8.578150;8.583170;8.574490;8.576180;0
20210319 081100;8.576230;8.577900;8.571660;8.571750;0
20210319 081200;8.571750;8.578030;8.571450;8.575140;0
20210319 081300;8.575140;8.580420;8.575140;8.578790;0
20210319 081400;8.578730;8.580830;8.576830;8.578830;0
20210319 081500;8.578710;8.579120;8.576410;8.576920;0
20210319 081600;8.577050;8.578560;8.575480;8.578480;0
20210319 081700;8.578280;8.580320;8.576450;8.579760;0
20210319 081800;8.579860;8.584060;8.576060;8.576240;0
20210319 081900;8.576220;8.576720;8.573790;8.573860;0
20210319 082000;8.574220;8.575520;8.571420;8.571570;0
20210319 082100;8.571620;8.572930;8.570800;8.572320;0
20210319 082200;8.572550;8.576250;8.572410;8.576250;0
20210319 082300;8.576320;8.578040;8.576320;8.577810;0
20210319 082400;8.577800;8.577930;8.575930;8.577520;0
20210319 082500;8.577450;8.579120;8.577250;8.578490;0
20210319 082600;8.578500;8.582620;8.575990;8.578200;0
20210319 082700;8.578200;8.584750;8.578200;8.582370;0
20210319 082800;8.582300;8.586970;8.578150;8.586500;0
20210319 082900;8.586510;8.591960;8.585520;8.591500;0
20210319 083000;8.591720;8.591770;8.586490;8.590290;0
20210319 083100;8.590290;8.591280;8.583010;8.583070;0
20210319 083200;8.582940;8.585650;8.582100;8.583990;0
20210319 083300;8.584120;8.591410;8.584040;8.588650;0
20210319 083400;8.588630;8.589500;8.587480;8.588920;0
20210319 083500;8.588910;8.593730;8.588470;8.591160;0
20210319 083600;8.591160;8.594520;8.589130;8.590820;0
20210319 083700;8.590830;8.593920;8.588420;8.593000;0
20210319 083800;8.593000;8.594260;8.590810;8.593000;0
20210319 083900;8.592950;8.594930;8.591920;8.594820;0
20210319 084000;8.595080;8.603770;8.595080;8.603200;0
20210319 084100;8.603190;8.604940;8.600880;8.604060;0
20210319 084200;8.604520;8.611150;8.602730;8.602730;0
20210319 084300;8.602730;8.602740;8.597420;8.598330;0
20210319 084400;8.598320;8.600500;8.594680;8.599860;0
20210319 084500;8.600020;8.605470;8.593390;8.595000;0
20210319 084600;8.595140;8.605070;8.595140;8.605070;0
20210319 084700;8.604970;8.606250;8.603440;8.603910;0
20210319 084800;8.603970;8.604170;8.597660;8.603940;0
20210319 084900;8.603980;8.605440;8.600020;8.604710;0
20210319 085000;8.604840;8.604980;8.595110;8.595110;0
20210319 085100;8.595010;8.596670;8.592680;8.595430;0
20210319 085200;8.595420;8.595540;8.592960;8.593700;0
20210319 085300;8.593700;8.593700;8.586330;8.587200;0
20210319 085400;8.587220;8.590630;8.587220;8.589950;0
20210319 085500;8.590030;8.594060;8.589040;8.589160;0
20210319 085600;8.589170;8.591120;8.587480;8.587480;0
20210319 085700;8.587460;8.587520;8.580360;8.580660;0
20210319 085800;8.580730;8.583490;8.580480;8.581270;0
20210319 085900;8.581190;8.587020;8.578650;8.583420;0
20210319 090000;8.583520;8.594320;8.583250;8.586420;0
20210319 090100;8.586320;8.589220;8.585620;8.588230;0
20210319 090200;8.588530;8.588830;8.582880;8.584920;0
20210319 090300;8.585020;8.589560;8.585020;8.588260;0
20210319 090400;8.588250;8.592020;8.588000;8.588260;0
20210319 090500;8.588190;8.590220;8.587880;8.588550;0
20210319 090600;8.588540;8.589220;8.586800;8.587620;0
20210319 090700;8.587720;8.594190;8.586530;8.592540;0
20210319 090800;8.592540;8.594490;8.590650;8.591070;0
20210319 090900;8.591520;8.591720;8.586800;8.586810;0
20210319 091000;8.586790;8.592520;8.586790;8.590820;0
20210319 091100;8.590900;8.591890;8.589670;8.589970;0
20210319 091200;8.590070;8.590620;8.587190;8.587700;0
20210319 091300;8.587700;8.588730;8.586340;8.587040;0
20210319 091400;8.586980;8.587030;8.583440;8.584200;0
20210319 091500;8.584200;8.588150;8.583740;8.587390;0
20210319 091600;8.587370;8.587430;8.585720;8.586260;0
20210319 091700;8.586300;8.587520;8.585750;8.586720;0
20210319 091800;8.586540;8.586540;8.583470;8.583920;0
20210319 091900;8.583970;8.584120;8.581330;8.581330;0
20210319 092000;8.581180;8.581990;8.578020;8.579220;0
20210319 092100;8.579240;8.580730;8.576500;8.576500;0
20210319 092200;8.576540;8.577040;8.575390;8.576710;0
20210319 092300;8.576640;8.576930;8.574380;8.575840;0
20210319 092400;8.575880;8.578340;8.575860;8.576680;0
20210319 092500;8.576720;8.577480;8.575050;8.576060;0
20210319 092600;8.576650;8.578120;8.575960;8.575960;0
20210319 092700;8.575890;8.577980;8.575280;8.576220;0
20210319 092800;8.576220;8.576540;8.575630;8.575770;0
20210319 092900;8.575600;8.575870;8.573170;8.575870;0
20210319 093000;8.576040;8.576920;8.573500;8.576920;0
20210319 093100;8.576720;8.576720;8.573630;8.574220;0
20210319 093200;8.574220;8.575590;8.573540;8.574730;0
20210319 093300;8.574840;8.577120;8.574550;8.577120;0
20210319 093400;8.577130;8.578680;8.575840;8.577310;0
20210319 093500;8.577310;8.577950;8.574470;8.577270;0
20210319 093600;8.577280;8.577410;8.575240;8.576180;0
20210319 093700;8.576320;8.579430;8.576150;8.579340;0
20210319 093800;8.579350;8.579350;8.573270;8.573270;0
20210319 093900;8.573270;8.573630;8.571730;8.571730;0
20210319 094000;8.571730;8.571740;8.565930;8.566050;0
20210319 094100;8.566190;8.570050;8.566160;8.567620;0
20210319 094200;8.567720;8.574860;8.566920;8.570810;0
20210319 094300;8.570550;8.572030;8.568570;8.570880;0
20210319 094400;8.571030;8.571140;8.567970;8.568300;0
20210319 094500;8.568450;8.568740;8.565000;8.565430;0
20210319 094600;8.565280;8.570120;8.563480;8.570020;0
20210319 094700;8.569980;8.571850;8.567060;8.568410;0
20210319 094800;8.568420;8.572120;8.567360;8.571440;0
20210319 094900;8.571440;8.571450;8.566750;8.569560;0
20210319 095000;8.569500;8.570960;8.568570;8.568570;0
20210319 095100;8.568520;8.568520;8.563780;8.564220;0
20210319 095200;8.564190;8.564500;8.561020;8.561390;0
20210319 095300;8.561530;8.564600;8.561300;8.561480;0
20210319 095400;8.561330;8.562900;8.560120;8.562270;0
20210319 095500;8.562250;8.562640;8.560480;8.562640;0
20210319 095600;8.562710;8.563040;8.561510;8.563040;0
20210319 095700;8.562880;8.564430;8.562020;8.564340;0
20210319 095800;8.564340;8.564740;8.559200;8.561400;0
20210319 095900;8.561400;8.563380;8.559520;8.561850;0
20210319 100000;8.561930;8.561930;8.558840;8.559970;0
20210319 100100;8.560100;8.561480;8.559090;8.560510;0
20210319 100200;8.560510;8.562170;8.559640;8.560590;0
20210319 100300;8.560680;8.560890;8.557880;8.559340;0
20210319 100400;8.559340;8.559340;8.557590;8.558000;0
20210319 100500;8.558380;8.559830;8.556810;8.556810;0
20210319 100600;8.556980;8.557060;8.553890;8.554180;0
20210319 100700;8.554180;8.554720;8.553400;8.553740;0
20210319 100800;8.553740;8.557320;8.553650;8.556880;0
20210319 100900;8.556970;8.556970;8.550960;8.553380;0
20210319 101000;8.553250;8.553820;8.552300;8.552940;0
20210319 101100;8.552880;8.553220;8.550550;8.553220;0
20210319 101200;8.553340;8.555360;8.553250;8.555140;0
20210319 101300;8.555240;8.555440;8.553020;8.554500;0
20210319 101400;8.554300;8.554300;8.550860;8.550950;0
20210319 101500;8.551010;8.551080;8.547420;8.548880;0
20210319 101600;8.548690;8.549690;8.547240;8.548630;0
20210319 101700;8.548630;8.548630;8.546040;8.547770;0
20210319 101800;8.547710;8.549050;8.547350;8.548760;0
20210319 101900;8.548890;8.549820;8.547820;8.548150;0
20210319 102000;8.548100;8.549220;8.548000;8.548070;0
20210319 102100;8.548080;8.548080;8.545320;8.547820;0
20210319 102200;8.547930;8.548370;8.547440;8.547860;0
20210319 102300;8.547860;8.549500;8.547800;8.549180;0
20210319 102400;8.549180;8.558760;8.549130;8.558760;0
20210319 102500;8.558760;8.565240;8.556770;8.563360;0
20210319 102600;8.563360;8.565130;8.562780;8.563250;0
20210319 102700;8.563250;8.567970;8.562950;8.567960;0
20210319 102800;8.567810;8.569750;8.566210;8.566790;0
20210319 102900;8.566950;8.567800;8.560890;8.560890;0
20210319 103000;8.561170;8.564120;8.560530;8.562330;0
20210319 103100;8.562360;8.567230;8.561500;8.566440;0
20210319 103200;8.566600;8.566640;8.562970;8.564390;0
20210319 103300;8.564270;8.567700;8.563100;8.563670;0
20210319 103400;8.563470;8.566810;8.559970;8.560860;0
20210319 103500;8.560850;8.560850;8.557860;8.558060;0
20210319 103600;8.558070;8.562050;8.558070;8.560710;0
20210319 103700;8.560710;8.560710;8.555350;8.555720;0
20210319 103800;8.555720;8.555990;8.554160;8.555030;0
20210319 103900;8.555040;8.555040;8.550930;8.552130;0
20210319 104000;8.552170;8.552640;8.549620;8.550090;0
20210319 104100;8.550070;8.550920;8.549110;8.550510;0
20210319 104200;8.550480;8.550680;8.548150;8.548700;0
20210319 104300;8.548700;8.549280;8.548700;8.549170;0
20210319 104400;8.549170;8.549300;8.546510;8.546720;0
20210319 104500;8.546720;8.546940;8.545650;8.546700;0
20210319 104600;8.546760;8.548060;8.544610;8.544610;0
20210319 104700;8.544770;8.548300;8.543870;8.544790;0
20210319 104800;8.544740;8.545060;8.542000;8.543660;0
20210319 104900;8.543440;8.545720;8.543060;8.543260;0
20210319 105000;8.543190;8.543190;8.540530;8.541880;0
20210319 105100;8.541850;8.547890;8.541850;8.547890;0
20210319 105200;8.547920;8.548230;8.543790;8.543830;0
20210319 105300;8.543830;8.544710;8.542900;8.543550;0
20210319 105400;8.543710;8.544330;8.539770;8.541100;0
20210319 105500;8.541320;8.542320;8.536040;8.537390;0
20210319 105600;8.537740;8.545120;8.537740;8.545070;0
20210319 105700;8.545440;8.547310;8.541760;8.542120;0
20210319 105800;8.542240;8.545800;8.541880;8.544240;0
20210319 105900;8.544030;8.545880;8.542500;8.544130;0
20210319 110000;8.544220;8.547630;8.541870;8.542050;0
20210319 110100;8.542010;8.544520;8.539470;8.543600;0
20210319 110200;8.543520;8.543700;8.538810;8.541810;0
20210319 110300;8.541960;8.542180;8.537030;8.540220;0
20210319 110400;8.540120;8.541130;8.539550;8.540540;0
20210319 110500;8.540580;8.542620;8.540520;8.542170;0
20210319 110600;8.542170;8.544020;8.541570;8.542060;0
20210319 110700;8.541900;8.541900;8.538320;8.539370;0
20210319 110800;8.539370;8.540520;8.539010;8.539730;0
20210319 110900;8.539560;8.541020;8.539450;8.539710;0
20210319 111000;8.539730;8.541330;8.538880;8.541330;0
20210319 111100;8.541280;8.542120;8.540720;8.541580;0
20210319 111200;8.541320;8.542790;8.539600;8.540020;0
20210319 111300;8.540030;8.541050;8.539420;8.541020;0
20210319 111400;8.541320;8.541820;8.540020;8.540510;0
20210319 111500;8.540370;8.540820;8.539060;8.540220;0
20210319 111600;8.540120;8.541530;8.538520;8.538870;0
20210319 111700;8.538810;8.539430;8.537800;8.538520;0
20210319 111800;8.538720;8.539730;8.538100;8.539070;0
20210319 111900;8.539060;8.539550;8.538640;8.538960;0
20210319 112000;8.539000;8.539620;8.537860;8.538490;0
20210319 112100;8.538420;8.538420;8.536840;8.536900;0
20210319 112200;8.536930;8.537490;8.533780;8.536020;0
20210319 112300;8.536030;8.539220;8.536020;8.536250;0
20210319 112400;8.536420;8.538550;8.535770;8.537160;0
20210319 112500;8.537120;8.538210;8.536120;8.538130;0
20210319 112600;8.538320;8.538880;8.537750;8.538660;0
20210319 112700;8.538770;8.538840;8.537160;8.538120;0
20210319 112800;8.538020;8.539880;8.537950;8.538520;0
20210319 112900;8.538570;8.539020;8.536000;8.536460;0
20210319 113000;8.536490;8.536620;8.534050;8.534460;0
20210319 113100;8.534580;8.536120;8.534560;8.536120;0
20210319 113200;8.536090;8.536220;8.535010;8.535110;0
20210319 113300;8.535320;8.535670;8.534980;8.535430;0
20210319 113400;8.535460;8.536270;8.535250;8.535630;0
20210319 113500;8.535730;8.537580;8.534930;8.537180;0
20210319 113600;8.537230;8.537920;8.536840;8.537340;0
20210319 113700;8.537270;8.537390;8.535140;8.535440;0
20210319 113800;8.535390;8.536830;8.534990;8.536340;0
20210319 113900;8.536550;8.536580;8.535420;8.535910;0
20210319 114000;8.535860;8.536060;8.535060;8.536060;0
20210319 114100;8.536130;8.536210;8.531210;8.531620;0
20210319 114200;8.531580;8.532270;8.530280;8.530280;0
20210319 114300;8.530190;8.530930;8.529640;8.529730;0
20210319 114400;8.529690;8.530500;8.529490;8.529680;0
20210319 114500;8.529680;8.529940;8.527350;8.527350;0
20210319 114600;8.527320;8.528300;8.527200;8.528190;0
20210319 114700;8.527980;8.528220;8.523170;8.524480;0
20210319 114800;8.524530;8.524630;8.521130;8.521720;0
20210319 114900;8.521620;8.522190;8.521310;8.521490;0
20210319 115000;8.521400;8.523220;8.521400;8.522820;0
20210319 115100;8.522780;8.523870;8.522660;8.523730;0
20210319 115200;8.523660;8.524230;8.523070;8.523920;0
20210319 115300;8.523790;8.523990;8.522470;8.522470;0
20210319 115400;8.522330;8.523210;8.522330;8.523200;0
20210319 115500;8.523340;8.524980;8.523340;8.523740;0
20210319 115600;8.523740;8.524320;8.523680;8.524100;0
20210319 115700;8.524110;8.524340;8.523900;8.523980;0
20210319 115800;8.523630;8.524380;8.523340;8.524300;0
20210319 115900;8.524210;8.525810;8.523260;8.524030;0
20210319 120000;8.525180;8.525180;8.523440;8.524100;0
20210319 120100;8.524290;8.524570;8.523650;8.524220;0
20210319 120200;8.524310;8.524730;8.523940;8.524710;0
20210319 120300;8.524780;8.525390;8.524400;8.525220;0
20210319 120400;8.525330;8.525330;8.524350;8.524520;0
20210319 120500;8.524720;8.530910;8.524220;8.526210;0
20210319 120600;8.526320;8.527220;8.526200;8.526440;0
20210319 120700;8.526330;8.526490;8.524620;8.525450;0
20210319 120800;8.525350;8.525420;8.524880;8.525420;0
20210319 120900;8.525330;8.525330;8.524430;8.524430;0
20210319 121000;8.524500;8.524580;8.522020;8.522230;0
20210319 121100;8.522150;8.523720;8.521980;8.523420;0
20210319 121200;8.523520;8.523930;8.522990;8.523490;0
20210319 121300;8.523510;8.523780;8.523490;8.523490;0
20210319 121400;8.523430;8.523430;8.519990;8.520180;0
20210319 121500;8.520420;8.520500;8.519970;8.520060;0
20210319 121600;8.519910;8.519920;8.518950;8.519220;0
20210319 121700;8.519420;8.519920;8.519040;8.519550;0
20210319 121800;8.519920;8.521910;8.519550;8.521890;0
20210319 121900;8.521820;8.521920;8.520940;8.521270;0
20210319 122000;8.521160;8.521620;8.520290;8.520290;0
20210319 122100;8.520190;8.523070;8.520190;8.521980;0
20210319 122200;8.522020;8.522020;8.521480;8.521760;0
20210319 122300;8.521760;8.523020;8.521760;8.523020;0
20210319 122400;8.523020;8.523020;8.522660;8.522740;0
20210319 122500;8.522740;8.522740;8.522030;8.522460;0
20210319 122600;8.522380;8.523280;8.522240;8.522950;0
20210319 122700;8.522940;8.523040;8.522770;8.522990;0
20210319 122800;8.522920;8.523060;8.522690;8.523060;0
20210319 122900;8.522910;8.523100;8.522490;8.522540;0
20210319 123000;8.522620;8.523320;8.522210;8.522870;0
20210319 123100;8.522980;8.523880;8.522840;8.523880;0
20210319 123200;8.523920;8.525020;8.523530;8.524630;0
20210319 123300;8.524720;8.525030;8.524450;8.524750;0
20210319 123400;8.524770;8.525280;8.524770;8.525260;0
20210319 123500;8.525180;8.526070;8.525100;8.525770;0
20210319 123600;8.525700;8.525940;8.525310;8.525940;0
20210319 123700;8.526060;8.526070;8.525640;8.525700;0
20210319 123800;8.525700;8.525840;8.525490;8.525690;0
20210319 123900;8.525550;8.526440;8.524930;8.526340;0
20210319 124000;8.526320;8.526470;8.525920;8.526400;0
20210319 124100;8.526480;8.526970;8.526480;8.526520;0
20210319 124200;8.526470;8.527190;8.526460;8.527190;0
20210319 124300;8.527400;8.528050;8.527110;8.527970;0
20210319 124400;8.527900;8.527910;8.527600;8.527600;0
20210319 124500;8.527730;8.527800;8.527320;8.527520;0
20210319 124600;8.527950;8.528310;8.527730;8.527810;0
20210319 124700;8.527670;8.527790;8.526640;8.526640;0
20210319 124800;8.526440;8.527230;8.526300;8.526960;0
20210319 124900;8.526830;8.526920;8.525260;8.525380;0
20210319 125000;8.525440;8.526090;8.525440;8.525690;0
20210319 125100;8.525840;8.526130;8.523990;8.524020;0
20210319 125200;8.524110;8.524970;8.523460;8.524780;0
20210319 125300;8.524760;8.524980;8.521980;8.522200;0
20210319 125400;8.522180;8.522270;8.521690;8.522060;0
20210319 125500;8.521990;8.522320;8.521640;8.522220;0
20210319 125600;8.522210;8.522290;8.522040;8.522200;0
20210319 125700;8.522270;8.523110;8.522270;8.523080;0
20210319 125800;8.523070;8.523230;8.522670;8.523220;0
20210319 125900;8.523150;8.523950;8.522980;8.523520;0
20210319 130000;8.523520;8.523600;8.514920;8.515520;0
20210319 130100;8.515520;8.518120;8.515520;8.518110;0
20210319 130200;8.518190;8.523910;8.517950;8.519220;0
20210319 130300;8.519220;8.519420;8.518630;8.518830;0
20210319 130400;8.518680;8.520230;8.518020;8.518250;0
20210319 130500;8.518440;8.519570;8.518440;8.519570;0
20210319 130600;8.519580;8.519580;8.519030;8.519330;0
20210319 130700;8.519390;8.519490;8.518520;8.518520;0
20210319 130800;8.518510;8.519530;8.518480;8.519020;0
20210319 130900;8.519020;8.520450;8.518190;8.520450;0
20210319 131000;8.520660;8.521210;8.520660;8.521170;0
20210319 131100;8.521110;8.521520;8.520350;8.520550;0
20210319 131200;8.520640;8.521000;8.519590;8.519900;0
20210319 131300;8.519970;8.520250;8.519820;8.519890;0
20210319 131400;8.519820;8.519820;8.517360;8.517360;0
20210319 131500;8.517280;8.518020;8.517080;8.518020;0
20210319 131600;8.518100;8.531620;8.518100;8.521490;0
20210319 131700;8.521340;8.523120;8.520120;8.521960;0
20210319 131800;8.522220;8.522730;8.521310;8.521730;0
20210319 131900;8.521630;8.522420;8.521310;8.522010;0
20210319 132000;8.522010;8.522220;8.521830;8.522110;0
20210319 132100;8.522330;8.523020;8.521860;8.523020;0
20210319 132200;8.523120;8.523120;8.522710;8.522730;0
20210319 132300;8.522850;8.523390;8.522570;8.522700;0
20210319 132400;8.522780;8.522780;8.522150;8.522380;0
20210319 132500;8.522510;8.522650;8.522380;8.522380;0
20210319 132600;8.522360;8.522590;8.521940;8.522320;0
20210319 132700;8.522520;8.523780;8.522310;8.523540;0
20210319 132800;8.523410;8.523830;8.521340;8.521590;0
20210319 132900;8.521500;8.521950;8.519670;8.519860;0
20210319 133000;8.519830;8.520250;8.519290;8.519500;0
20210319 133100;8.519410;8.520020;8.519410;8.519420;0
20210319 133200;8.519420;8.520130;8.519200;8.519960;0
20210319 133300;8.519840;8.519890;8.519070;8.519130;0
20210319 133400;8.519120;8.520020;8.518690;8.519820;0
20210319 133500;8.519750;8.520500;8.519660;8.520360;0
20210319 133600;8.520420;8.521120;8.520210;8.521050;0
20210319 133700;8.521150;8.521670;8.521150;8.521670;0
20210319 133800;8.521730;8.522350;8.521550;8.521880;0
20210319 133900;8.521880;8.524280;8.521880;8.523850;0
20210319 134000;8.523870;8.524170;8.523470;8.523740;0
20210319 134100;8.523790;8.524020;8.523380;8.523930;0
20210319 134200;8.523790;8.523790;8.523410;8.523540;0
20210319 134300;8.523570;8.524110;8.523570;8.523590;0
20210319 134400;8.523510;8.523720;8.523370;8.523640;0
20210319 134500;8.523820;8.523820;8.522950;8.523620;0
20210319 134600;8.523720;8.523920;8.522960;8.523480;0
20210319 134700;8.523390;8.523640;8.522950;8.523410;0
20210319 134800;8.523530;8.523640;8.523090;8.523410;0
20210319 134900;8.523410;8.523650;8.523190;8.523440;0
20210319 135000;8.523360;8.523480;8.521150;8.521700;0
20210319 135100;8.521650;8.521650;8.521190;8.521190;0
20210319 135200;8.521000;8.521000;8.518960;8.519120;0
20210319 135300;8.519070;8.520880;8.518530;8.520150;0
20210319 135400;8.520240;8.520520;8.519890;8.519910;0
20210319 135500;8.519820;8.525220;8.519400;8.523140;0
20210319 135600;8.523140;8.523750;8.521930;8.523610;0
20210319 135700;8.523400;8.524280;8.523220;8.524280;0
20210319 135800;8.524340;8.524590;8.522280;8.523200;0
20210319 135900;8.522850;8.523310;8.519600;8.520060;0
20210319 140000;8.520030;8.521760;8.520030;8.521220;0
20210319 140100;8.521150;8.522030;8.521070;8.521270;0
20210319 140200;8.521340;8.521830;8.519710;8.520240;0
20210319 140300;8.520310;8.521230;8.520210;8.520810;0
20210319 140400;8.520850;8.521100;8.520520;8.520860;0
20210319 140500;8.521100;8.521590;8.520630;8.520940;0
20210319 140600;8.520880;8.521670;8.520860;8.520900;0
20210319 140700;8.521030;8.522110;8.521030;8.522110;0
20210319 140800;8.522030;8.522330;8.521790;8.522330;0
20210319 140900;8.522530;8.523880;8.522530;8.523580;0
20210319 141000;8.523650;8.523980;8.523090;8.523100;0
20210319 141100;8.523090;8.523320;8.522700;8.522700;0
20210319 141200;8.522700;8.523020;8.522340;8.522700;0
20210319 141300;8.522700;8.524010;8.522700;8.523820;0
20210319 141400;8.523810;8.524260;8.523680;8.523880;0
20210319 141500;8.524010;8.524110;8.523630;8.523930;0
20210319 141600;8.523840;8.524060;8.523130;8.524050;0
20210319 141700;8.524050;8.524580;8.523880;8.524580;0
20210319 141800;8.524590;8.524650;8.524010;8.524580;0
20210319 141900;8.524580;8.525470;8.524580;8.525460;0
20210319 142000;8.525650;8.526780;8.525320;8.526780;0
20210319 142100;8.526650;8.527070;8.526590;8.526630;0
20210319 142200;8.526620;8.526620;8.524880;8.525410;0
20210319 142300;8.525410;8.525950;8.525410;8.525950;0
20210319 142400;8.525830;8.525880;8.525180;8.525740;0
20210319 142500;8.525730;8.526540;8.525730;8.526150;0
20210319 142600;8.526020;8.526450;8.525580;8.525580;0
20210319 142700;8.525580;8.526070;8.524570;8.524930;0
20210319 142800;8.525020;8.525430;8.524220;8.524910;0
20210319 142900;8.524790;8.525380;8.523980;8.524070;0
20210319 143000;8.523990;8.524330;8.522370;8.522990;0
20210319 143100;8.522970;8.522990;8.522670;8.522860;0
20210319 143200;8.522700;8.523180;8.522700;8.523090;0
20210319 143300;8.523270;8.523270;8.522290;8.522290;0
20210319 143400;8.522380;8.522380;8.521380;8.521400;0
20210319 143500;8.521320;8.521770;8.521010;8.521370;0
20210319 143600;8.521130;8.521400;8.520780;8.521300;0
20210319 143700;8.521300;8.522420;8.520480;8.520730;0
20210319 143800;8.520430;8.520630;8.518660;8.519490;0
20210319 143900;8.519640;8.520260;8.519090;8.519320;0
20210319 144000;8.519430;8.520660;8.519430;8.520660;0
20210319 144100;8.520520;8.520570;8.519520;8.519840;0
20210319 144200;8.519840;8.520740;8.519260;8.520740;0
20210319 144300;8.520750;8.520890;8.520260;8.520640;0
20210319 144400;8.520520;8.521230;8.520510;8.521040;0
20210319 144500;8.521160;8.521620;8.520870;8.520870;0
20210319 144600;8.520910;8.520940;8.520500;8.520600;0
20210319 144700;8.520720;8.522150;8.520720;8.521400;0
20210319 144800;8.521440;8.521610;8.520990;8.521610;0
20210319 144900;8.521560;8.522230;8.521540;8.521610;0
20210319 145000;8.521650;8.521840;8.520450;8.521600;0
20210319 145100;8.521740;8.521850;8.521490;8.521670;0
20210319 145200;8.521600;8.522050;8.521580;8.521890;0
20210319 145300;8.521810;8.521920;8.521220;8.521300;0
20210319 145400;8.521420;8.521780;8.520890;8.521600;0
20210319 145500;8.521620;8.521700;8.521060;8.521080;0
20210319 145600;8.521120;8.521830;8.520730;8.520920;0
20210319 145700;8.520790;8.520870;8.520270;8.520590;0
20210319 145800;8.520740;8.523200;8.520670;8.522950;0
20210319 145900;8.523230;8.524170;8.523030;8.524170;0
20210319 150000;8.524180;8.533280;8.524180;8.526950;0
20210319 150100;8.528130;8.528430;8.526220;8.527820;0
20210319 150200;8.528020;8.528030;8.523230;8.525560;0
20210319 150300;8.525520;8.525820;8.523260;8.523270;0
20210319 150400;8.523270;8.524450;8.523000;8.524040;0
20210319 150500;8.524050;8.524210;8.523520;8.523640;0
20210319 150600;8.523600;8.523770;8.523110;8.523430;0
20210319 150700;8.523340;8.523760;8.523200;8.523740;0
20210319 150800;8.523780;8.524540;8.523780;8.523880;0
20210319 150900;8.524190;8.524250;8.523730;8.523730;0
20210319 151000;8.523900;8.524950;8.523900;8.524760;0
20210319 151100;8.524750;8.524750;8.524100;8.524200;0
20210319 151200;8.524200;8.525830;8.523330;8.525410;0
20210319 151300;8.525290;8.527120;8.525290;8.526790;0
20210319 151400;8.526760;8.528130;8.526730;8.528130;0
20210319 151500;8.528120;8.528130;8.527170;8.527270;0
20210319 151600;8.527330;8.528290;8.526800;8.528280;0
20210319 151700;8.528280;8.528510;8.527410;8.527650;0
20210319 151800;8.527600;8.528050;8.527500;8.527860;0
20210319 151900;8.527860;8.527980;8.527350;8.527870;0
20210319 152000;8.527870;8.528380;8.527600;8.528100;0
20210319 152100;8.528140;8.528140;8.526770;8.526920;0
20210319 152200;8.526820;8.527220;8.526670;8.527020;0
20210319 152300;8.526820;8.527930;8.526370;8.527710;0
20210319 152400;8.527640;8.528610;8.527640;8.527880;0
20210319 152500;8.527670;8.527670;8.527500;8.527500;0
20210319 152600;8.527520;8.527530;8.527140;8.527300;0
20210319 152700;8.527150;8.527150;8.526170;8.526220;0
20210319 152800;8.526500;8.527770;8.526220;8.527560;0
20210319 152900;8.527190;8.527520;8.527190;8.527520;0
20210319 153000;8.527350;8.527350;8.527050;8.527050;0
20210319 153100;8.527270;8.528590;8.527050;8.528590;0
20210319 153200;8.528360;8.528430;8.528130;8.528250;0
20210319 153300;8.528100;8.528480;8.528020;8.528480;0
20210319 153400;8.528330;8.528330;8.527680;8.528160;0
20210319 153500;8.527940;8.528380;8.527760;8.528190;0
20210319 153600;8.528420;8.528420;8.527830;8.528080;0
20210319 153700;8.528260;8.528430;8.527360;8.527960;0
20210319 153800;8.528060;8.529020;8.528060;8.528590;0
20210319 153900;8.528300;8.528510;8.527130;8.527190;0
20210319 154000;8.527080;8.527150;8.525150;8.525150;0
20210319 154100;8.524760;8.524760;8.524450;8.524450;0
20210319 154200;8.524590;8.524640;8.524270;8.524640;0
20210319 154300;8.524440;8.524720;8.524440;8.524720;0
20210319 154400;8.524730;8.524730;8.524720;8.524720;0
20210319 154500;8.524650;8.524750;8.524650;8.524740;0
20210319 154600;8.524840;8.524840;8.524650;8.524660;0
20210319 154700;8.524870;8.524870;8.524590;8.524680;0
20210319 154800;8.524950;8.525020;8.524950;8.525020;0
20210319 154900;8.525020;8.526200;8.525020;8.525720;0
20210319 155000;8.525550;8.525550;8.524940;8.525350;0
20210319 155100;8.525220;8.527330;8.524510;8.527320;0
20210319 155200;8.527320;8.529760;8.527320;8.529350;0
20210319 155300;8.529150;8.529150;8.526520;8.526670;0
20210319 155400;8.526670;8.527690;8.525490;8.527550;0
20210319 155500;8.526570;8.526570;8.520510;8.523210;0
20210319 155600;8.524520;8.524720;8.523410;8.524720;0
20210319 155700;8.524710;8.526720;8.524010;8.524010;0
20210319 155800;8.522520;8.522680;8.520920;8.522110;0
20210319 155900;8.522110;8.522120;8.522110;8.522110;0
20210321 161000;8.546120;8.546120;8.545830;8.546020;0
20210321 161100;8.546130;8.547330;8.546130;8.546920;0
20210321 161200;8.547530;8.547620;8.547020;8.547620;0
20210321 161300;8.548820;8.548820;8.548820;8.548820;0
20210321 161400;8.548820;8.548820;8.548730;8.548730;0
20210321 161500;8.548320;8.548320;8.547320;8.548020;0
20210321 161600;8.547820;8.547820;8.547720;8.547720;0
20210321 161700;8.547820;8.547820;8.547730;8.547820;0
20210321 161800;8.547120;8.547730;8.546920;8.547570;0
20210321 161900;8.547720;8.547730;8.547230;8.547230;0
20210321 162000;8.547590;8.547590;8.547570;8.547570;0
20210321 162100;8.547580;8.547580;8.547570;8.547570;0
20210321 162200;8.547570;8.547570;8.547570;8.547570;0
20210321 162300;8.547620;8.547620;8.547620;8.547620;0
20210321 162400;8.547220;8.547720;8.547220;8.547620;0
20210321 162500;8.547520;8.547520;8.547520;8.547520;0
20210321 162600;8.547630;8.550130;8.547520;8.549920;0
20210321 162700;8.550130;8.550520;8.549630;8.549820;0
20210321 162800;8.549420;8.549420;8.549220;8.549420;0
20210321 162900;8.549530;8.550230;8.549530;8.550230;0
20210321 163000;8.550320;8.550620;8.547520;8.547520;0
20210321 163100;8.550520;8.551020;8.550520;8.550820;0
20210321 163200;8.547620;8.551420;8.547530;8.547530;0
20210321 163300;8.548920;8.548920;8.548820;8.548820;0
20210321 163400;8.548020;8.555730;8.548020;8.555730;0
20210321 163500;8.555820;8.555820;8.555420;8.555820;0
20210321 163600;8.555920;8.556220;8.555830;8.555830;0
20210321 163800;8.555920;8.555920;8.555920;8.555920;0
20210321 163900;8.556020;8.556020;8.555920;8.555920;0
20210321 164000;8.555820;8.555820;8.555020;8.555020;0
20210321 164200;8.555730;8.555730;8.555020;8.555020;0
20210321 164400;8.552830;8.554530;8.552820;8.554530;0
20210321 164500;8.554320;8.554320;8.554220;8.554220;0
20210321 164700;8.554420;8.554520;8.554420;8.554520;0
20210321 164900;8.554320;8.554520;8.549420;8.554520;0
20210321 165000;8.549420;8.554520;8.549420;8.554320;0
20210321 165100;8.554730;8.554730;8.554020;8.554020;0
20210321 165200;8.550740;8.554130;8.549420;8.554130;0
20210321 165300;8.553920;8.553920;8.553920;8.553920;0
20210321 165500;8.553720;8.553820;8.553720;8.553820;0
20210321 165600;8.553720;8.553720;8.553720;8.553720;0
20210321 165800;8.553520;8.553520;8.553220;8.553220;0
20210321 170900;8.562620;8.563260;8.559810;8.559810;0
20210321 171000;8.550930;8.557680;8.550920;8.555630;0
20210321 171100;8.555590;8.558630;8.552400;8.556350;0
20210321 171200;8.555480;8.558370;8.551160;8.555650;0
20210321 171300;8.556550;8.558550;8.552600;8.555630;0
20210321 171400;8.556080;8.558770;8.553230;8.556510;0
20210321 171500;8.556020;8.559150;8.552950;8.555640;0
20210321 171600;8.554820;8.559190;8.552530;8.552530;0
20210321 171700;8.554960;8.558800;8.552530;8.555150;0
20210321 171800;8.556100;8.559010;8.553890;8.556130;0
20210321 171900;8.557070;8.560960;8.553190;8.560860;0
20210321 172000;8.560920;8.563390;8.560010;8.562160;0
20210321 172100;8.562740;8.565560;8.560900;8.563060;0
20210321 172200;8.563400;8.565500;8.561370;8.564450;0
20210321 172300;8.564440;8.564520;8.559760;8.560900;0
20210321 172400;8.560970;8.563300;8.558790;8.561570;0
20210321 172500;8.561570;8.563020;8.559000;8.562370;0
20210321 172600;8.562400;8.562870;8.558420;8.560350;0
20210321 172700;8.560610;8.562750;8.559520;8.562290;0
20210321 172800;8.561840;8.562420;8.558700;8.562110;0
20210321 172900;8.561910;8.562710;8.558590;8.560510;0
20210321 173000;8.559710;8.561030;8.553430;8.554260;0
20210321 173100;8.554260;8.555450;8.553860;8.554570;0
20210321 173200;8.554570;8.556040;8.554570;8.555530;0
20210321 173300;8.555820;8.556710;8.554440;8.555430;0
20210321 173400;8.555430;8.555500;8.554380;8.554780;0
20210321 173500;8.554730;8.554960;8.554300;8.554720;0
20210321 173600;8.554980;8.555410;8.554600;8.555410;0
20210321 173700;8.555420;8.555420;8.554390;8.554830;0
20210321 173800;8.554830;8.554940;8.554100;8.554260;0
20210321 173900;8.554250;8.554260;8.553320;8.553460;0
20210321 174000;8.553490;8.555570;8.553450;8.555170;0
20210321 174100;8.555160;8.555270;8.554030;8.554500;0
20210321 174200;8.554490;8.554650;8.554190;8.554480;0
20210321 174300;8.554480;8.554480;8.553870;8.553870;0
20210321 174400;8.553880;8.553880;8.553360;8.553680;0
20210321 174500;8.553690;8.554120;8.553360;8.553360;0
20210321 174600;8.553360;8.553370;8.553360;8.553370;0
20210321 174700;8.553360;8.554320;8.553360;8.554320;0
20210321 174800;8.553870;8.554430;8.553870;8.553940;0
20210321 174900;8.553930;8.555120;8.553930;8.555120;0
20210321 175000;8.555020;8.555420;8.554580;8.555380;0
20210321 175100;8.555420;8.556430;8.554820;8.556220;0
20210321 175200;8.556320;8.556420;8.555120;8.555930;0
20210321 175300;8.555930;8.555940;8.555470;8.555940;0
20210321 175400;8.555700;8.556080;8.555470;8.555820;0
20210321 175500;8.555820;8.555820;8.555090;8.555520;0
20210321 175600;8.555420;8.556720;8.555370;8.555720;0
20210321 175700;8.555820;8.555920;8.555370;8.555820;0
20210321 175800;8.556220;8.556920;8.555620;8.556020;0
20210321 175900;8.556420;8.557120;8.555820;8.556620;0
20210321 180000;8.556920;8.557420;8.556420;8.556520;0
20210321 180100;8.556420;8.556530;8.554520;8.555520;0
20210321 180200;8.555320;8.555720;8.552620;8.552620;0
20210321 180300;8.553230;8.553420;8.552130;8.552920;0
20210321 180400;8.552790;8.552880;8.550700;8.551600;0
20210321 180500;8.552020;8.553620;8.551020;8.552720;0
20210321 180600;8.552920;8.553720;8.552420;8.552930;0
20210321 180700;8.552520;8.553620;8.552420;8.552720;0
20210321 180800;8.552830;8.553320;8.552220;8.552730;0
20210321 180900;8.552520;8.553330;8.552120;8.552930;0
20210321 181000;8.553130;8.553520;8.552560;8.553360;0
20210321 181100;8.553370;8.553420;8.552590;8.552960;0
20210321 181200;8.552960;8.553020;8.552070;8.552780;0
20210321 181300;8.552780;8.553810;8.552270;8.553460;0
20210321 181400;8.553170;8.553710;8.553000;8.553470;0
20210321 181500;8.553890;8.554530;8.553420;8.554320;0
20210321 181600;8.554430;8.555920;8.553930;8.555720;0
20210321 181700;8.555820;8.555820;8.554410;8.554860;0
20210321 181800;8.554850;8.554850;8.554120;8.554120;0
20210321 181900;8.554020;8.554720;8.554020;8.554720;0
20210321 182000;8.554530;8.554720;8.553820;8.554220;0
20210321 182100;8.554120;8.555020;8.553160;8.554410;0
20210321 182200;8.554410;8.554910;8.552620;8.553100;0
20210321 182300;8.553580;8.554390;8.552390;8.553120;0
20210321 182400;8.553030;8.554840;8.552820;8.553740;0
20210321 182500;8.554650;8.554650;8.553410;8.553520;0
20210321 182600;8.553630;8.554390;8.553370;8.553770;0
20210321 182700;8.554030;8.555220;8.552770;8.554920;0
20210321 182800;8.554830;8.554830;8.554050;8.554120;0
20210321 182900;8.554120;8.554810;8.554120;8.554810;0
20210321 183000;8.554420;8.554800;8.554020;8.554130;0
20210321 183100;8.554130;8.554880;8.553550;8.554260;0
20210321 183200;8.554260;8.555720;8.553620;8.555200;0
20210321 183300;8.555190;8.555520;8.553670;8.554270;0
20210321 183400;8.553520;8.554770;8.553470;8.554650;0
20210321 183500;8.554650;8.555820;8.553420;8.555620;0
20210321 183600;8.555590;8.556430;8.555290;8.556020;0
20210321 183700;8.555820;8.556320;8.553580;8.554220;0
20210321 183800;8.554120;8.555500;8.554100;8.554350;0
20210321 183900;8.554350;8.556210;8.554070;8.556060;0
20210321 184000;8.555990;8.556920;8.555990;8.556520;0
20210321 184100;8.556620;8.557220;8.556610;8.556920;0
20210321 184200;8.557020;8.557220;8.555360;8.556580;0
20210321 184300;8.556580;8.557030;8.553650;8.554520;0
20210321 184400;8.554720;8.554720;8.552700;8.553320;0
20210321 184500;8.553200;8.555220;8.553200;8.555220;0
20210321 184600;8.555330;8.556220;8.555320;8.555720;0
20210321 184700;8.555720;8.556120;8.554020;8.555320;0
20210321 184800;8.555220;8.555630;8.554320;8.555120;0
20210321 184900;8.555020;8.555520;8.554450;8.555120;0
20210321 185000;8.554920;8.555030;8.554110;8.554430;0
20210321 185100;8.554410;8.554450;8.554300;8.554440;0
20210321 185200;8.554450;8.555320;8.552310;8.554860;0
20210321 185300;8.554980;8.555010;8.554530;8.554550;0
20210321 185400;8.554620;8.556110;8.554620;8.555170;0
20210321 185500;8.555180;8.556500;8.555180;8.556190;0
20210321 185600;8.556190;8.556420;8.555920;8.556280;0
20210321 185700;8.556430;8.556820;8.553840;8.556180;0
20210321 185800;8.556180;8.556820;8.556040;8.556220;0
20210321 185900;8.556280;8.556360;8.555450;8.555530;0
20210321 190000;8.556290;8.556290;8.554540;8.555730;0
20210321 190100;8.555740;8.555740;8.553920;8.554600;0
20210321 190200;8.554600;8.555620;8.552700;8.553300;0
20210321 190300;8.553300;8.554570;8.552690;8.554130;0
20210321 190400;8.554040;8.555310;8.551960;8.553450;0
20210321 190500;8.553450;8.554210;8.550820;8.550910;0
20210321 190600;8.550900;8.551850;8.549710;8.550630;0
20210321 190700;8.550640;8.550750;8.549100;8.549600;0
20210321 190800;8.549600;8.550640;8.548450;8.548720;0
20210321 190900;8.548760;8.550890;8.548760;8.549890;0
20210321 191000;8.549890;8.551290;8.549700;8.551080;0
20210321 191100;8.551030;8.552280;8.550390;8.551970;0
20210321 191200;8.551980;8.553370;8.551430;8.552810;0
20210321 191300;8.552810;8.552810;8.550570;8.552750;0
20210321 191400;8.552730;8.552920;8.552410;8.552920;0
20210321 191500;8.551950;8.552970;8.550900;8.552680;0
20210321 191600;8.552610;8.553860;8.552300;8.553100;0
20210321 191700;8.553090;8.554900;8.553090;8.553880;0
20210321 191800;8.553880;8.554830;8.552180;8.552840;0
20210321 191900;8.552840;8.554000;8.552840;8.553560;0
20210321 192000;8.553730;8.553780;8.552270;8.552600;0
20210321 192100;8.552600;8.554210;8.552370;8.553520;0
20210321 192200;8.553520;8.554840;8.553360;8.554710;0
20210321 192300;8.554710;8.555100;8.553340;8.554360;0
20210321 192400;8.554370;8.554670;8.552550;8.553070;0
20210321 192500;8.552690;8.554750;8.552320;8.554360;0
20210321 192600;8.554350;8.556780;8.553770;8.556780;0
20210321 192700;8.556770;8.556890;8.555760;8.555760;0
20210321 192800;8.555760;8.555970;8.555760;8.555900;0
20210321 192900;8.555890;8.558920;8.555890;8.556110;0
20210321 193000;8.556110;8.556620;8.556110;8.556460;0
20210321 193100;8.556460;8.556520;8.555200;8.555360;0
20210321 193200;8.555130;8.555130;8.554220;8.554370;0
20210321 193300;8.554360;8.555320;8.554360;8.554810;0
20210321 193400;8.554920;8.556320;8.554810;8.555030;0
20210321 193500;8.555100;8.555720;8.554230;8.554810;0
20210321 193600;8.554670;8.555310;8.554450;8.555310;0
20210321 193700;8.555610;8.556430;8.555300;8.555300;0
20210321 193800;8.555530;8.555530;8.555300;8.555300;0
20210321 193900;8.555300;8.555420;8.555300;8.555300;0
20210321 194000;8.555300;8.555310;8.555300;8.555300;0
20210321 194100;8.555470;8.555470;8.554660;8.554670;0
20210321 194200;8.554660;8.555730;8.554300;8.555730;0
20210321 194300;8.555810;8.555820;8.555810;8.555810;0
20210321 194400;8.555810;8.557690;8.555810;8.557690;0
20210321 194500;8.557690;8.557920;8.556890;8.557820;0
20210321 194600;8.557920;8.558140;8.556670;8.556840;0
20210321 194700;8.556830;8.557920;8.555460;8.556970;0
20210321 194800;8.557070;8.557730;8.555570;8.557220;0
20210321 194900;8.557220;8.557220;8.557000;8.557010;0
20210321 195000;8.557000;8.557510;8.556930;8.557320;0
20210321 195100;8.557320;8.557470;8.556050;8.556060;0
20210321 195200;8.556060;8.557120;8.556050;8.557120;0
20210321 195300;8.557120;8.557720;8.557120;8.557570;0
20210321 195400;8.557570;8.558420;8.556770;8.557070;0
20210321 195500;8.557060;8.557070;8.556330;8.556700;0
20210321 195600;8.556700;8.556710;8.556470;8.556540;0
20210321 195700;8.556540;8.558220;8.556540;8.558220;0
20210321 195800;8.558070;8.560130;8.558070;8.560130;0
20210321 195900;8.559780;8.561040;8.559520;8.560180;0
20210321 200000;8.560180;8.560890;8.559330;8.560210;0
20210321 200100;8.560220;8.561080;8.560010;8.560010;0
20210321 200200;8.560200;8.560640;8.558950;8.559330;0
20210321 200300;8.559390;8.561500;8.559180;8.560860;0
20210321 200400;8.560850;8.561280;8.560670;8.560770;0
20210321 200500;8.560770;8.560780;8.558990;8.558990;0
20210321 200600;8.558990;8.559110;8.558870;8.558960;0
20210321 200700;8.558960;8.559760;8.558860;8.559580;0
20210321 200800;8.559510;8.559510;8.559050;8.559200;0
20210321 200900;8.559350;8.560000;8.559270;8.560000;0
20210321 201000;8.559860;8.560840;8.559860;8.560250;0
20210321 201100;8.560260;8.561420;8.559950;8.561120;0
20210321 201200;8.561280;8.565790;8.561280;8.564440;0
20210321 201300;8.564440;8.565150;8.563420;8.564150;0
20210321 201400;8.564140;8.565230;8.564140;8.564740;0
20210321 201500;8.564730;8.565550;8.563810;8.564410;0
20210321 201600;8.564410;8.565610;8.564170;8.565380;0
20210321 201700;8.565380;8.565800;8.565150;8.565650;0
20210321 201800;8.565650;8.566960;8.565650;8.566740;0
20210321 201900;8.566740;8.570080;8.566190;8.566190;0
20210321 202000;8.566190;8.566680;8.565330;8.566500;0
20210321 202100;8.566790;8.567560;8.566400;8.566880;0
20210321 202200;8.567080;8.567080;8.565600;8.566810;0
20210321 202300;8.566810;8.566820;8.566590;8.566700;0
20210321 202400;8.566700;8.569350;8.566700;8.569350;0
20210321 202500;8.569350;8.569920;8.568880;8.569770;0
20210321 202600;8.569630;8.575050;8.568560;8.572990;0
20210321 202700;8.572980;8.575490;8.572370;8.574470;0
20210321 202800;8.574460;8.574890;8.571960;8.572230;0
20210321 202900;8.572240;8.572590;8.570660;8.570870;0
20210321 203000;8.570870;8.572070;8.567420;8.567430;0
20210321 203100;8.567420;8.568660;8.566480;8.566660;0
20210321 203200;8.566660;8.568540;8.565060;8.566020;0
20210321 203300;8.566020;8.566760;8.564260;8.564620;0
20210321 203400;8.564620;8.566760;8.564510;8.565920;0
20210321 203500;8.565920;8.567890;8.564530;8.564530;0
20210321 203600;8.564530;8.566780;8.563920;8.564720;0
20210321 203700;8.564710;8.565690;8.563460;8.563850;0
20210321 203800;8.563860;8.567490;8.563760;8.566250;0
20210321 203900;8.566250;8.567280;8.565620;8.566210;0
20210321 204000;8.565840;8.567320;8.564700;8.565230;0
20210321 204100;8.565230;8.566760;8.563970;8.565320;0
20210321 204200;8.565320;8.565330;8.562570;8.562920;0
20210321 204300;8.562920;8.564320;8.562800;8.563270;0
20210321 204400;8.563270;8.564240;8.563100;8.563510;0
20210321 204500;8.563500;8.563600;8.561470;8.562350;0
20210321 204600;8.562350;8.562860;8.561070;8.561310;0
20210321 204700;8.561310;8.562790;8.561220;8.562790;0
20210321 204800;8.562780;8.565220;8.561900;8.562290;0
20210321 204900;8.562290;8.563870;8.560960;8.562770;0
20210321 205000;8.563190;8.568450;8.562020;8.568130;0
20210321 205100;8.568130;8.568510;8.561020;8.561730;0
20210321 205200;8.561820;8.566090;8.560120;8.566050;0
20210321 205300;8.566150;8.566610;8.560680;8.560680;0
20210321 205400;8.560680;8.561630;8.558960;8.559860;0
20210321 205500;8.560400;8.560920;8.558650;8.558660;0
20210321 205600;8.558660;8.560230;8.558660;8.558980;0
20210321 205700;8.558690;8.564640;8.557580;8.557580;0
20210321 205800;8.557580;8.562720;8.557390;8.558720;0
20210321 205900;8.558420;8.560920;8.558420;8.560820;0
20210321 210000;8.560530;8.560820;8.558170;8.560720;0
20210321 210100;8.560720;8.560820;8.558120;8.559920;0
20210321 210200;8.559820;8.560930;8.558820;8.560720;0
20210321 210300;8.560630;8.560920;8.558420;8.560730;0
20210321 210400;8.560630;8.561120;8.558630;8.559420;0
20210321 210500;8.559330;8.561420;8.558350;8.558490;0
20210321 210600;8.558560;8.559820;8.557890;8.558120;0
20210321 210700;8.557940;8.560320;8.557320;8.557930;0
20210321 210800;8.557940;8.558920;8.556850;8.557120;0
20210321 210900;8.557220;8.559520;8.557020;8.558620;0
20210321 211000;8.558220;8.559730;8.557620;8.558820;0
20210321 211100;8.558720;8.558920;8.556920;8.557130;0
20210321 211200;8.557220;8.558620;8.556590;8.557830;0
20210321 211300;8.557930;8.557930;8.556260;8.556830;0
20210321 211400;8.556930;8.558420;8.555810;8.557730;0
20210321 211500;8.557740;8.557740;8.554350;8.557120;0
20210321 211600;8.557220;8.558220;8.555420;8.557020;0
20210321 211700;8.556920;8.557020;8.551650;8.554120;0
20210321 211800;8.554020;8.555320;8.552320;8.554630;0
20210321 211900;8.554520;8.556020;8.552420;8.555620;0
20210321 212000;8.555720;8.556220;8.552420;8.555220;0
20210321 212100;8.555320;8.555720;8.551620;8.551820;0
20210321 212200;8.551720;8.555020;8.551620;8.553430;0
20210321 212300;8.553320;8.556120;8.552920;8.552920;0
20210321 212400;8.553110;8.554920;8.551320;8.551830;0
20210321 212500;8.552120;8.554720;8.549000;8.554620;0
20210321 212600;8.554520;8.556220;8.553220;8.555420;0
20210321 212700;8.555320;8.555320;8.553340;8.553720;0
20210321 212800;8.553920;8.556030;8.552490;8.553820;0
20210321 212900;8.553830;8.555820;8.552470;8.554020;0
20210321 213000;8.553830;8.553830;8.549630;8.550820;0
20210321 213100;8.551520;8.552720;8.549820;8.550120;0
20210321 213200;8.550120;8.552220;8.549020;8.551420;0
20210321 213300;8.551320;8.557390;8.551320;8.553220;0
20210321 213400;8.552830;8.556420;8.550320;8.551730;0
20210321 213500;8.551620;8.552120;8.549320;8.551820;0
20210321 213600;8.551920;8.556730;8.551530;8.555720;0
20210321 213700;8.555620;8.559440;8.554810;8.555430;0
20210321 213800;8.555320;8.555520;8.552220;8.554820;0
20210321 213900;8.554720;8.555330;8.552720;8.554820;0
20210321 214000;8.554820;8.554830;8.552130;8.553820;0
20210321 214100;8.553930;8.555720;8.552660;8.554620;0
20210321 214200;8.554520;8.557030;8.553820;8.555420;0
20210321 214300;8.555370;8.557230;8.555250;8.556330;0
20210321 214400;8.556230;8.558130;8.553920;8.554920;0
20210321 214500;8.555120;8.557420;8.554420;8.554820;0
20210321 214600;8.554720;8.557530;8.554220;8.554720;0
20210321 214700;8.554830;8.556620;8.552140;8.553320;0
20210321 214800;8.553220;8.554920;8.552380;8.552620;0
20210321 214900;8.552420;8.556020;8.552220;8.555700;0
20210321 215000;8.555750;8.556520;8.554520;8.555220;0
20210321 215100;8.555210;8.556020;8.550140;8.550520;0
20210321 215200;8.550620;8.552830;8.550120;8.550120;0
20210321 215300;8.550040;8.554920;8.550040;8.552020;0
20210321 215400;8.552020;8.554030;8.550320;8.551520;0
20210321 215500;8.551320;8.557650;8.549420;8.550720;0
20210321 215600;8.550720;8.554620;8.550320;8.554220;0
20210321 215700;8.554130;8.559330;8.553700;8.554340;0
20210321 215800;8.554280;8.554920;8.553570;8.553580;0
20210321 215900;8.553480;8.553690;8.548820;8.549120;0
20210321 220000;8.549220;8.551420;8.548710;8.549550;0
20210321 220100;8.549550;8.552240;8.548320;8.548820;0
20210321 220200;8.548920;8.555540;8.548380;8.555520;0
20210321 220300;8.553260;8.553260;8.549110;8.550100;0
20210321 220400;8.549840;8.554750;8.549370;8.551330;0
20210321 220500;8.551120;8.552520;8.549920;8.551410;0
20210321 220600;8.551260;8.552320;8.550910;8.551890;0
20210321 220700;8.551920;8.553890;8.551520;8.553680;0
20210321 220800;8.553690;8.553690;8.549360;8.550130;0
20210321 220900;8.550020;8.550130;8.548240;8.549420;0
20210321 221000;8.549520;8.549520;8.546820;8.549120;0
20210321 221100;8.548690;8.549820;8.545920;8.548320;0
20210321 221200;8.548340;8.548930;8.546320;8.548730;0
20210321 221300;8.548420;8.549620;8.546360;8.547720;0
20210321 221400;8.547920;8.547920;8.546490;8.547020;0
20210321 221500;8.547010;8.548560;8.546830;8.548000;0
20210321 221600;8.548020;8.548120;8.546610;8.547640;0
20210321 221700;8.547560;8.548000;8.546450;8.546830;0
20210321 221800;8.546790;8.547590;8.545120;8.545810;0
20210321 221900;8.545810;8.548800;8.545580;8.548800;0
20210321 222000;8.548840;8.549990;8.548110;8.549740;0
20210321 222100;8.549740;8.549740;8.546560;8.549590;0
20210321 222200;8.549590;8.549920;8.546520;8.547050;0
20210321 222300;8.547060;8.547520;8.546320;8.546530;0
20210321 222400;8.546820;8.547830;8.546260;8.546860;0
20210321 222500;8.546650;8.546700;8.546020;8.546150;0
20210321 222600;8.546150;8.547880;8.545460;8.547360;0
20210321 222700;8.547360;8.548880;8.547200;8.548130;0
20210321 222800;8.547940;8.548720;8.547660;8.547710;0
20210321 222900;8.547710;8.549130;8.547520;8.547520;0
20210321 223000;8.547520;8.547530;8.544830;8.546530;0
20210321 223100;8.546560;8.548630;8.545640;8.547790;0
20210321 223200;8.547700;8.548520;8.546550;8.547780;0
20210321 223300;8.547860;8.548740;8.546470;8.547340;0
20210321 223400;8.547860;8.549860;8.547820;8.548730;0
20210321 223500;8.548740;8.550230;8.546820;8.547570;0
20210321 223600;8.547570;8.549620;8.546910;8.547020;0
20210321 223700;8.546420;8.549130;8.545730;8.547980;0
20210321 223800;8.547780;8.550340;8.547780;8.549950;0
20210321 223900;8.549950;8.550420;8.548790;8.549230;0
20210321 224000;8.548790;8.549030;8.547320;8.547670;0
20210321 224100;8.547660;8.547670;8.547230;8.547230;0
20210321 224200;8.547230;8.547230;8.543990;8.545040;0
20210321 224300;8.545050;8.547830;8.544650;8.545960;0
20210321 224400;8.546010;8.547520;8.545260;8.545840;0
20210321 224500;8.545830;8.546330;8.545360;8.545920;0
20210321 224600;8.545920;8.547630;8.545920;8.546800;0
20210321 224700;8.546790;8.547720;8.545880;8.547030;0
20210321 224800;8.547030;8.548230;8.545300;8.547820;0
20210321 224900;8.547920;8.548150;8.546540;8.547500;0
20210321 225000;8.547460;8.548570;8.545190;8.547220;0
20210321 225100;8.547120;8.548120;8.545980;8.547020;0
20210321 225200;8.547130;8.547760;8.546550;8.547310;0
20210321 225300;8.547320;8.547420;8.546950;8.547010;0
20210321 225400;8.547070;8.548720;8.547070;8.547350;0
20210321 225500;8.547350;8.549040;8.547110;8.547870;0
20210321 225600;8.547920;8.548650;8.543300;8.544020;0
20210321 225700;8.543920;8.545920;8.543300;8.543520;0
20210321 225800;8.543520;8.546130;8.543480;8.545570;0
20210321 225900;8.545690;8.545910;8.544150;8.544520;0
20210321 230000;8.544470;8.547630;8.544230;8.547420;0
20210321 230100;8.547550;8.548600;8.547160;8.548600;0
20210321 230200;8.548600;8.548610;8.544020;8.544420;0
20210321 230300;8.544520;8.546600;8.544520;8.545990;0
20210321 230400;8.545690;8.547120;8.545620;8.546830;0
20210321 230500;8.546910;8.547670;8.546740;8.547010;0
20210321 230600;8.547000;8.547910;8.546590;8.546920;0
20210321 230700;8.546900;8.547540;8.544250;8.544530;0
20210321 230800;8.544520;8.545630;8.543660;8.545630;0
20210321 230900;8.545690;8.549280;8.545350;8.547320;0
20210321 231000;8.547220;8.547920;8.546630;8.546920;0
20210321 231100;8.547430;8.547430;8.543700;8.545620;0
20210321 231200;8.545620;8.546030;8.544020;8.545520;0
20210321 231300;8.545430;8.548090;8.544070;8.547550;0
20210321 231400;8.547540;8.547540;8.546820;8.546920;0
20210321 231500;8.546920;8.547020;8.542670;8.543380;0
20210321 231600;8.543720;8.544330;8.543000;8.543020;0
20210321 231700;8.543150;8.544720;8.543150;8.543170;0
20210321 231800;8.543130;8.544320;8.542680;8.543280;0
20210321 231900;8.543240;8.544890;8.542730;8.544220;0
20210321 232000;8.544250;8.544510;8.542390;8.543440;0
20210321 232100;8.543410;8.544040;8.541660;8.542510;0
20210321 232200;8.542930;8.543220;8.541450;8.541790;0
20210321 232300;8.541790;8.542430;8.541170;8.541620;0
20210321 232400;8.541420;8.543020;8.541320;8.541840;0
20210321 232500;8.542160;8.545830;8.541300;8.541730;0
20210321 232600;8.541470;8.542630;8.539420;8.541330;0
20210321 232700;8.541420;8.543320;8.541020;8.542520;0
20210321 232800;8.542520;8.543320;8.540980;8.541720;0
20210321 232900;8.541630;8.541730;8.540520;8.540650;0
20210321 233000;8.540610;8.542800;8.540610;8.542160;0
20210321 233100;8.542170;8.543370;8.541440;8.542450;0
20210321 233200;8.542440;8.542620;8.541110;8.541820;0
20210321 233300;8.541720;8.543120;8.541100;8.541930;0
20210321 233400;8.542020;8.543530;8.541630;8.543430;0
20210321 233500;8.543220;8.543720;8.541200;8.542230;0
20210321 233600;8.542120;8.543120;8.540130;8.541120;0
20210321 233700;8.541020;8.541320;8.540340;8.541130;0
20210321 233800;8.540920;8.542320;8.540420;8.542120;0
20210321 233900;8.542120;8.542650;8.541510;8.541820;0
20210321 234000;8.541920;8.542730;8.541020;8.541640;0
20210321 234100;8.541080;8.542530;8.540910;8.541370;0
20210321 234200;8.541400;8.542220;8.541050;8.541630;0
20210321 234300;8.542230;8.542230;8.539950;8.540320;0
20210321 234400;8.540530;8.542420;8.540400;8.541120;0
20210321 234500;8.541190;8.543820;8.540980;8.541920;0
20210321 234600;8.541820;8.543020;8.541590;8.542450;0
20210321 234700;8.542440;8.542630;8.541070;8.541310;0
20210321 234800;8.541070;8.541720;8.540590;8.541630;0
20210321 234900;8.541520;8.544340;8.541520;8.543420;0
20210321 235000;8.543430;8.546380;8.543350;8.545420;0
20210321 235100;8.545420;8.545520;8.542520;8.542820;0
20210321 235200;8.542930;8.543830;8.542260;8.542420;0
20210321 235300;8.542270;8.544520;8.542140;8.543970;0
20210321 235400;8.543970;8.544850;8.542740;8.543320;0
20210321 235500;8.543220;8.543620;8.542260;8.543230;0
20210321 235600;8.543330;8.544130;8.542320;8.543420;0
20210321 235700;8.543430;8.545220;8.542680;8.543930;0
20210321 235800;8.543820;8.547750;8.543520;8.545220;0
20210321 235900;8.545320;8.545920;8.543970;8.545420;0
20210322 000000;8.545520;8.546230;8.544360;8.544670;0
20210322 000100;8.544670;8.546620;8.544670;8.545450;0
20210322 000200;8.545730;8.549190;8.545220;8.546350;0
20210322 000300;8.546360;8.547030;8.545790;8.546080;0
20210322 000400;8.546090;8.547220;8.544510;8.544620;0
20210322 000500;8.544620;8.545730;8.544330;8.544890;0
20210322 000600;8.544640;8.546820;8.544080;8.546440;0
20210322 000700;8.546440;8.548640;8.545820;8.547130;0
20210322 000800;8.547130;8.548000;8.544910;8.545120;0
20210322 000900;8.544920;8.545220;8.544150;8.544900;0
20210322 001000;8.544920;8.545930;8.544920;8.545820;0
20210322 001100;8.545820;8.546730;8.545820;8.546160;0
20210322 001200;8.546150;8.547140;8.546150;8.546600;0
20210322 001300;8.546590;8.547130;8.545530;8.545530;0
20210322 001400;8.545530;8.546030;8.544430;8.544430;0
20210322 001500;8.544430;8.545520;8.544430;8.544620;0
20210322 001600;8.544630;8.547600;8.544620;8.546600;0
20210322 001700;8.546730;8.547100;8.545760;8.546930;0
20210322 001800;8.547050;8.547200;8.543680;8.544570;0
20210322 001900;8.544780;8.545220;8.544780;8.545150;0
20210322 002000;8.545150;8.547530;8.545150;8.547030;0
20210322 002100;8.547150;8.547570;8.546420;8.546470;0
20210322 002200;8.547020;8.547020;8.545090;8.545370;0
20210322 002300;8.545360;8.550790;8.545200;8.548960;0
20210322 002400;8.548960;8.549290;8.547940;8.548590;0
20210322 002500;8.548560;8.548660;8.544960;8.544970;0
20210322 002600;8.544970;8.546120;8.544970;8.546120;0
20210322 002700;8.546020;8.546020;8.545490;8.545570;0
20210322 002800;8.545560;8.545560;8.545080;8.545120;0
20210322 002900;8.545120;8.545690;8.545020;8.545690;0
20210322 003000;8.545690;8.546220;8.545430;8.545580;0
20210322 003100;8.545580;8.547420;8.545000;8.547270;0
20210322 003200;8.547090;8.547520;8.545590;8.546030;0
20210322 003300;8.546020;8.546900;8.545920;8.546120;0
20210322 003400;8.546050;8.546760;8.546050;8.546760;0
20210322 003500;8.546630;8.546770;8.546530;8.546530;0
20210322 003600;8.546450;8.546660;8.542660;8.542670;0
20210322 003700;8.542660;8.542670;8.542160;8.542320;0
20210322 003800;8.542310;8.542530;8.542310;8.542530;0
20210322 003900;8.542520;8.542530;8.542300;8.542300;0
20210322 004000;8.542570;8.542710;8.542550;8.542550;0
20210322 004100;8.542710;8.543140;8.542710;8.543140;0
20210322 004200;8.543130;8.543140;8.543130;8.543140;0
20210322 004300;8.543130;8.543130;8.542910;8.542910;0
20210322 004400;8.542910;8.542920;8.542910;8.542920;0
20210322 004500;8.542700;8.542780;8.542480;8.542480;0
20210322 004600;8.542480;8.543430;8.541100;8.541100;0
20210322 004700;8.541100;8.541450;8.540900;8.541420;0
20210322 004800;8.541470;8.542090;8.541130;8.542020;0
20210322 004900;8.542050;8.542150;8.541620;8.542100;0
20210322 005000;8.542130;8.542130;8.541220;8.541220;0
20210322 005100;8.541250;8.541520;8.540960;8.541190;0
20210322 005200;8.540930;8.541540;8.540660;8.541400;0
20210322 005300;8.541350;8.542220;8.541180;8.542140;0
20210322 005400;8.542090;8.543150;8.542090;8.542760;0
20210322 005500;8.542550;8.542620;8.542030;8.542590;0
20210322 005600;8.542810;8.546850;8.542810;8.543160;0
20210322 005700;8.543170;8.544620;8.542980;8.544330;0
20210322 005800;8.544220;8.546430;8.544020;8.545730;0
20210322 005900;8.545630;8.545920;8.545060;8.545630;0
20210322 010000;8.545490;8.546300;8.544330;8.546300;0
20210322 010100;8.546160;8.547390;8.545650;8.547390;0
20210322 010200;8.547470;8.548320;8.544220;8.546790;0
20210322 010300;8.546570;8.548080;8.546570;8.548080;0
20210322 010400;8.548120;8.548520;8.547570;8.547860;0
20210322 010500;8.547720;8.547720;8.546570;8.546570;0
20210322 010600;8.546700;8.546700;8.545690;8.545690;0
20210322 010700;8.545480;8.545560;8.544290;8.544570;0
20210322 010800;8.544650;8.545160;8.544360;8.544360;0
20210322 010900;8.544720;8.545870;8.544720;8.545810;0
20210322 011000;8.545880;8.545880;8.545660;8.545870;0
20210322 011100;8.545730;8.546150;8.545660;8.546150;0
20210322 011200;8.546310;8.546310;8.544330;8.544520;0
20210322 011300;8.544500;8.546110;8.544500;8.546100;0
20210322 011400;8.546120;8.556330;8.546120;8.553120;0
20210322 011500;8.553120;8.553320;8.551740;8.552480;0
20210322 011600;8.552480;8.554030;8.552480;8.553520;0
20210322 011700;8.553620;8.554230;8.553460;8.553950;0
20210322 011800;8.553940;8.554240;8.553440;8.553660;0
20210322 011900;8.553880;8.554100;8.552870;8.552870;0
20210322 012000;8.552870;8.553540;8.552870;8.552900;0
20210322 012100;8.552900;8.552910;8.544190;8.544820;0
20210322 012200;8.544720;8.548320;8.544220;8.548320;0
20210322 012300;8.548320;8.555810;8.548110;8.549730;0
20210322 012400;8.549820;8.549820;8.548250;8.549320;0
20210322 012500;8.549320;8.551740;8.549030;8.551580;0
20210322 012600;8.551450;8.552780;8.551450;8.552630;0
20210322 012700;8.552630;8.553070;8.552480;8.553060;0
20210322 012800;8.553060;8.553060;8.552040;8.552560;0
20210322 012900;8.552700;8.553010;8.551990;8.552200;0
20210322 013000;8.552130;8.553650;8.551770;8.553650;0
20210322 013100;8.553520;8.557150;8.553520;8.556230;0
20210322 013200;8.556230;8.557330;8.555910;8.556250;0
20210322 013300;8.555770;8.557450;8.555770;8.557310;0
20210322 013400;8.557310;8.557310;8.555950;8.556080;0
20210322 013500;8.555940;8.555940;8.555180;8.555180;0
20210322 013600;8.555610;8.556550;8.555540;8.556090;0
20210322 013700;8.555880;8.556450;8.545220;8.550010;0
20210322 013800;8.550110;8.550780;8.549160;8.549710;0
20210322 013900;8.549830;8.550350;8.549690;8.550120;0
20210322 014000;8.550170;8.552350;8.550170;8.551710;0
20210322 014100;8.551850;8.557010;8.551850;8.557010;0
20210322 014200;8.556870;8.557010;8.554930;8.555200;0
20210322 014300;8.555350;8.556610;8.555350;8.556570;0
20210322 014400;8.556660;8.557450;8.556660;8.557380;0
20210322 014500;8.557450;8.557710;8.556210;8.556210;0
20210322 014600;8.556140;8.556290;8.555860;8.556140;0
20210322 014700;8.555870;8.561780;8.555870;8.560040;0
20210322 014800;8.560140;8.560390;8.559140;8.559210;0
20210322 014900;8.559020;8.559430;8.558580;8.558810;0
20210322 015000;8.558670;8.559400;8.558670;8.559400;0
20210322 015100;8.559390;8.560040;8.559030;8.559900;0
20210322 015200;8.559820;8.559820;8.559250;8.559440;0
20210322 015300;8.559080;8.561550;8.557400;8.561510;0
20210322 015400;8.561660;8.562010;8.561040;8.561320;0
20210322 015500;8.561590;8.562250;8.560620;8.560990;0
20210322 015600;8.560990;8.562550;8.560980;8.562550;0
20210322 015700;8.562760;8.563920;8.562760;8.563920;0
20210322 015800;8.564060;8.565170;8.563570;8.564560;0
20210322 015900;8.564580;8.564840;8.563950;8.563950;0
20210322 020000;8.563960;8.569280;8.563960;8.567530;0
20210322 020100;8.567400;8.568210;8.563930;8.565470;0
20210322 020200;8.565470;8.566260;8.564000;8.565830;0
20210322 020300;8.565970;8.568930;8.565520;8.567570;0
20210322 020400;8.567290;8.575500;8.566120;8.572270;0
20210322 020500;8.572270;8.575450;8.570620;8.570680;0
20210322 020600;8.570680;8.575000;8.570120;8.572310;0
20210322 020700;8.572230;8.572970;8.569920;8.570060;0
20210322 020800;8.570210;8.573680;8.569790;8.572170;0
20210322 020900;8.572240;8.574080;8.570870;8.572030;0
20210322 021000;8.572260;8.577810;8.571300;8.575990;0
20210322 021100;8.575860;8.577420;8.573470;8.573920;0
20210322 021200;8.574020;8.576130;8.573360;8.575350;0
20210322 021300;8.575340;8.579930;8.574420;8.575700;0
20210322 021400;8.575840;8.575840;8.574240;8.574240;0
20210322 021500;8.574380;8.578460;8.574220;8.575760;0
20210322 021600;8.575810;8.577160;8.572710;8.573950;0
20210322 021700;8.573970;8.574190;8.567900;8.569110;0
20210322 021800;8.569020;8.569080;8.563460;8.563460;0
20210322 021900;8.563460;8.565080;8.561600;8.564950;0
20210322 022000;8.564890;8.568810;8.564810;8.568390;0
20210322 022100;8.568180;8.570850;8.567990;8.570700;0
20210322 022200;8.570540;8.570540;8.567920;8.567920;0
20210322 022300;8.567920;8.568110;8.567370;8.567940;0
20210322 022400;8.568020;8.569740;8.567870;8.569740;0
20210322 022500;8.569450;8.569450;8.567900;8.567900;0
20210322 022600;8.568130;8.568220;8.566450;8.568120;0
20210322 022700;8.568220;8.568350;8.567440;8.568230;0
20210322 022800;8.568230;8.568810;8.567100;8.568180;0
20210322 022900;8.568040;8.568200;8.566280;8.566560;0
20210322 023000;8.566640;8.566640;8.558740;8.559630;0
20210322 023100;8.559420;8.561720;8.558740;8.561720;0
20210322 023200;8.561760;8.567090;8.561760;8.567090;0
20210322 023300;8.567200;8.570390;8.567200;8.570320;0
20210322 023400;8.570520;8.570870;8.569480;8.569870;0
20210322 023500;8.570030;8.570160;8.567120;8.567930;0
20210322 023600;8.568080;8.573230;8.567980;8.572990;0
20210322 023700;8.572610;8.576710;8.572260;8.575100;0
20210322 023800;8.575310;8.580430;8.575120;8.576620;0
20210322 023900;8.576470;8.576790;8.573510;8.576550;0
20210322 024000;8.576720;8.579440;8.576010;8.576210;0
20210322 024100;8.576200;8.579440;8.576200;8.579020;0
20210322 024200;8.579220;8.579640;8.578080;8.578930;0
20210322 024300;8.578980;8.579020;8.572970;8.573830;0
20210322 024400;8.573830;8.580130;8.573710;8.579560;0
20210322 024500;8.579710;8.580390;8.573250;8.573540;0
20210322 024600;8.573940;8.578480;8.573790;8.578480;0
20210322 024700;8.578620;8.586230;8.578620;8.582460;0
20210322 024800;8.582470;8.589200;8.582470;8.588720;0
20210322 024900;8.588680;8.588680;8.581140;8.581140;0
20210322 025000;8.581140;8.585560;8.581140;8.585250;0
20210322 025100;8.585350;8.587550;8.583930;8.585650;0
20210322 025200;8.585370;8.586090;8.580980;8.580980;0
20210322 025300;8.580930;8.583720;8.579730;8.582610;0
20210322 025400;8.582610;8.587250;8.581580;8.584640;0
20210322 025500;8.584640;8.585190;8.578830;8.580160;0
20210322 025600;8.580290;8.580510;8.572300;8.573660;0
20210322 025700;8.573490;8.577020;8.572050;8.576950;0
20210322 025800;8.576820;8.581220;8.576820;8.579010;0
20210322 025900;8.579010;8.584680;8.577920;8.583800;0
20210322 030000;8.583850;8.583850;8.571770;8.575790;0
20210322 030100;8.575920;8.585130;8.575920;8.579980;0
20210322 030200;8.580370;8.583950;8.579450;8.581620;0
20210322 030300;8.581620;8.582230;8.575700;8.576670;0
20210322 030400;8.576120;8.577870;8.571980;8.577020;0
20210322 030500;8.576830;8.579730;8.573440;8.576730;0
20210322 030600;8.576820;8.583420;8.575920;8.583420;0
20210322 030700;8.583540;8.592700;8.581930;8.585320;0
20210322 030800;8.585220;8.585720;8.567660;8.574700;0
20210322 030900;8.575430;8.580280;8.571140;8.575550;0
20210322 031000;8.575470;8.578930;8.572120;8.574120;0
20210322 031100;8.573800;8.581310;8.570190;8.579230;0
20210322 031200;8.579110;8.585860;8.570760;8.579510;0
20210322 031300;8.579510;8.579740;8.574420;8.579220;0
20210322 031400;8.579400;8.581600;8.574150;8.576140;0
20210322 031500;8.576130;8.577740;8.574460;8.574690;0
20210322 031600;8.574460;8.574560;8.569960;8.569960;0
20210322 031700;8.569740;8.569740;8.565870;8.566150;0
20210322 031800;8.566330;8.572280;8.564710;8.570210;0
20210322 031900;8.570210;8.570740;8.564630;8.567990;0
20210322 032000;8.567890;8.567890;8.561650;8.563010;0
20210322 032100;8.563090;8.565000;8.561740;8.563870;0
20210322 032200;8.564010;8.564540;8.558550;8.563670;0
20210322 032300;8.563470;8.564140;8.560650;8.561970;0
20210322 032400;8.561970;8.563520;8.560340;8.563090;0
20210322 032500;8.563280;8.569170;8.562020;8.567460;0
20210322 032600;8.568150;8.572280;8.568150;8.570030;0
20210322 032700;8.570150;8.570160;8.567000;8.567180;0
20210322 032800;8.567460;8.568940;8.566240;8.566250;0
20210322 032900;8.566210;8.566630;8.562140;8.562760;0
20210322 033000;8.562800;8.564120;8.562580;8.564110;0
20210322 033100;8.563860;8.564220;8.554430;8.555440;0
20210322 033200;8.555490;8.558620;8.551510;8.551510;0
20210322 033300;8.550600;8.554200;8.549660;8.554050;0
20210322 033400;8.554080;8.563740;8.552820;8.559530;0
20210322 033500;8.559630;8.561260;8.559280;8.559890;0
20210322 033600;8.559880;8.562670;8.559530;8.560060;0
20210322 033700;8.559940;8.562370;8.559090;8.559570;0
20210322 033800;8.559620;8.562910;8.559540;8.562910;0
20210322 033900;8.562910;8.565060;8.561430;8.562590;0
20210322 034000;8.562590;8.564120;8.562500;8.563770;0
20210322 034100;8.563770;8.563900;8.559150;8.559150;0
20210322 034200;8.558950;8.559080;8.554500;8.554720;0
20210322 034300;8.554480;8.558800;8.554150;8.556750;0
20210322 034400;8.556760;8.558770;8.555180;8.555180;0
20210322 034500;8.555180;8.555180;8.551800;8.552230;0
20210322 034600;8.552250;8.556890;8.552230;8.556890;0
20210322 034700;8.556810;8.559300;8.556450;8.559030;0
20210322 034800;8.559020;8.560270;8.559020;8.560080;0
20210322 034900;8.560080;8.560280;8.558200;8.558300;0
20210322 035000;8.558190;8.558200;8.555700;8.557480;0
20210322 035100;8.557460;8.558320;8.556800;8.556810;0
20210322 035200;8.556760;8.556760;8.551010;8.551010;0
20210322 035300;8.551110;8.551920;8.550860;8.551920;0
20210322 035400;8.551700;8.552000;8.549140;8.549770;0
20210322 035500;8.549830;8.555270;8.549740;8.554370;0
20210322 035600;8.554370;8.558900;8.553630;8.553670;0
20210322 035700;8.553670;8.554470;8.551980;8.552570;0
20210322 035800;8.552580;8.558910;8.552580;8.558520;0
20210322 035900;8.558520;8.558530;8.551020;8.551340;0
20210322 040000;8.551240;8.554230;8.545940;8.552560;0
20210322 040100;8.552420;8.552800;8.544970;8.545120;0
20210322 040200;8.545120;8.551220;8.544470;8.548850;0
20210322 040300;8.548850;8.549390;8.547510;8.548880;0
20210322 040400;8.548830;8.551690;8.547490;8.551300;0
20210322 040500;8.551240;8.551250;8.547930;8.547930;0
20210322 040600;8.547620;8.548290;8.545670;8.545670;0
20210322 040700;8.545780;8.547270;8.545400;8.545510;0
20210322 040800;8.545350;8.548200;8.545320;8.546600;0
20210322 040900;8.546880;8.551550;8.546880;8.550430;0
20210322 041000;8.550420;8.551190;8.549410;8.550810;0
20210322 041100;8.550810;8.551860;8.550810;8.551270;0
20210322 041200;8.551350;8.554840;8.551350;8.553120;0
20210322 041300;8.552880;8.555360;8.552390;8.555100;0
20210322 041400;8.555100;8.555400;8.552180;8.554430;0
20210322 041500;8.554440;8.555350;8.552490;8.554660;0
20210322 041600;8.554690;8.556690;8.554380;8.556100;0
20210322 041700;8.556160;8.558030;8.556160;8.557080;0
20210322 041800;8.557080;8.557250;8.554480;8.556850;0
20210322 041900;8.556780;8.557020;8.555750;8.556440;0
20210322 042000;8.556520;8.563390;8.556490;8.557280;0
20210322 042100;8.557280;8.558080;8.556960;8.557150;0
20210322 042200;8.557110;8.558450;8.556950;8.557320;0
20210322 042300;8.557260;8.558400;8.556870;8.558370;0
20210322 042400;8.558370;8.558530;8.556850;8.557970;0
20210322 042500;8.557960;8.558280;8.555960;8.556830;0
20210322 042600;8.556680;8.556780;8.554880;8.556540;0
20210322 042700;8.556590;8.558320;8.555590;8.555820;0
20210322 042800;8.555820;8.556130;8.554420;8.554620;0
20210322 042900;8.554720;8.555820;8.553070;8.553200;0
20210322 043000;8.553240;8.554120;8.552490;8.553010;0
20210322 043100;8.553000;8.553320;8.551960;8.552900;0
20210322 043200;8.552950;8.553360;8.552310;8.552310;0
20210322 043300;8.552230;8.552230;8.546560;8.548230;0
20210322 043400;8.548270;8.548270;8.544040;8.544850;0
20210322 043500;8.544890;8.546830;8.544150;8.544320;0
20210322 043600;8.544700;8.545530;8.542200;8.542780;0
20210322 043700;8.542780;8.542780;8.541330;8.542080;0
20210322 043800;8.542040;8.542510;8.541390;8.541470;0
20210322 043900;8.541700;8.541700;8.540690;8.540740;0
20210322 044000;8.540760;8.542920;8.540100;8.542500;0
20210322 044100;8.542620;8.549310;8.542400;8.549310;0
20210322 044200;8.549180;8.552050;8.546860;8.549220;0
20210322 044300;8.549330;8.553230;8.549210;8.552740;0
20210322 044400;8.552730;8.555810;8.552660;8.555650;0
20210322 044500;8.555650;8.555960;8.548510;8.549770;0
20210322 044600;8.549770;8.549770;8.542920;8.543390;0
20210322 044700;8.543300;8.547250;8.543300;8.546680;0
20210322 044800;8.546560;8.549060;8.545760;8.548790;0
20210322 044900;8.548720;8.548860;8.546770;8.547180;0
20210322 045000;8.547190;8.547300;8.544350;8.545240;0
20210322 045100;8.545450;8.548440;8.544660;8.548260;0
20210322 045200;8.548260;8.550480;8.546800;8.549850;0
20210322 045300;8.549850;8.549850;8.545920;8.548680;0
20210322 045400;8.548550;8.548550;8.546210;8.547090;0
20210322 045500;8.547000;8.547490;8.546060;8.546200;0
20210322 045600;8.546200;8.547220;8.544840;8.546580;0
20210322 045700;8.546580;8.550100;8.546330;8.549160;0
20210322 045800;8.549380;8.550700;8.543430;8.544510;0
20210322 045900;8.544360;8.544590;8.539380;8.539720;0
20210322 050000;8.539830;8.544600;8.538920;8.543750;0
20210322 050100;8.543340;8.543580;8.536770;8.538010;0
20210322 050200;8.538030;8.538030;8.535620;8.536420;0
20210322 050300;8.536420;8.537130;8.532600;8.533150;0
20210322 050400;8.533150;8.533360;8.529690;8.531500;0
20210322 050500;8.531490;8.531490;8.526400;8.527140;0
20210322 050600;8.527140;8.535050;8.527140;8.532030;0
20210322 050700;8.532010;8.532960;8.531030;8.531300;0
20210322 050800;8.531290;8.532320;8.529240;8.531190;0
20210322 050900;8.531330;8.536600;8.531160;8.535250;0
20210322 051000;8.535250;8.535250;8.531640;8.531640;0
20210322 051100;8.531640;8.531750;8.530850;8.531030;0
20210322 051200;8.530950;8.530950;8.530180;8.530330;0
20210322 051300;8.530330;8.530340;8.529320;8.529830;0
20210322 051400;8.529810;8.530020;8.528880;8.529890;0
20210322 051500;8.529890;8.529970;8.528890;8.529610;0
20210322 051600;8.529600;8.529780;8.529500;8.529720;0
20210322 051700;8.529720;8.529720;8.527890;8.527890;0
20210322 051800;8.527890;8.528180;8.526860;8.527050;0
20210322 051900;8.527050;8.527650;8.526530;8.526820;0
20210322 052000;8.526820;8.532540;8.525890;8.531250;0
20210322 052100;8.531250;8.533530;8.530280;8.532600;0
20210322 052200;8.532600;8.537020;8.531400;8.536700;0
20210322 052300;8.536550;8.539610;8.536550;8.538280;0
20210322 052400;8.538130;8.539450;8.537450;8.537690;0
20210322 052500;8.537810;8.540980;8.537520;8.540710;0
20210322 052600;8.540710;8.540710;8.538160;8.538410;0
20210322 052700;8.538360;8.542910;8.538220;8.542910;0
20210322 052800;8.542910;8.544810;8.542910;8.543310;0
20210322 052900;8.543380;8.544230;8.543220;8.544230;0
20210322 053000;8.544190;8.544190;8.540300;8.540840;0
20210322 053100;8.540910;8.542040;8.540430;8.541580;0
20210322 053200;8.543020;8.544590;8.542820;8.544340;0
20210322 053300;8.544210;8.544210;8.541240;8.542090;0
20210322 053400;8.542090;8.543700;8.541900;8.543700;0
20210322 053500;8.543770;8.546540;8.543770;8.546020;0
20210322 053600;8.546110;8.548450;8.546110;8.548060;0
20210322 053700;8.548000;8.548130;8.544670;8.545290;0
20210322 053800;8.545290;8.546190;8.544980;8.545930;0
20210322 053900;8.545970;8.547360;8.545960;8.547360;0
20210322 054000;8.547360;8.549360;8.546140;8.548490;0
20210322 054100;8.548280;8.548530;8.546600;8.547390;0
20210322 054200;8.547210;8.549210;8.547210;8.548420;0
20210322 054300;8.548420;8.549820;8.548300;8.549140;0
20210322 054400;8.549200;8.549210;8.544880;8.545550;0
20210322 054500;8.545650;8.545820;8.544410;8.545130;0
20210322 054600;8.544850;8.545610;8.543020;8.543020;0
20210322 054700;8.543300;8.543300;8.539850;8.541310;0
20210322 054800;8.541270;8.541790;8.540880;8.541530;0
20210322 054900;8.541560;8.541760;8.539940;8.540780;0
20210322 055000;8.540400;8.540760;8.539150;8.539720;0
20210322 055100;8.539720;8.539730;8.537130;8.537410;0
20210322 055200;8.537410;8.544700;8.537070;8.544650;0
20210322 055300;8.544630;8.547770;8.544450;8.547280;0
20210322 055400;8.547270;8.547680;8.544110;8.545370;0
20210322 055500;8.545370;8.545370;8.539700;8.540060;0
20210322 055600;8.540060;8.540060;8.537350;8.537830;0
20210322 055700;8.537590;8.539220;8.536990;8.537750;0
20210322 055800;8.537710;8.537980;8.535050;8.535480;0
20210322 055900;8.535390;8.535850;8.533770;8.534590;0
20210322 060000;8.534260;8.534620;8.531390;8.531790;0
20210322 060100;8.531690;8.531690;8.528320;8.529140;0
20210322 060200;8.528760;8.529520;8.525410;8.525580;0
20210322 060300;8.525580;8.525800;8.524100;8.524510;0
20210322 060400;8.524510;8.524510;8.523040;8.523270;0
20210322 060500;8.523270;8.523750;8.522670;8.523440;0
20210322 060600;8.523410;8.531360;8.522360;8.529740;0
20210322 060700;8.529720;8.534060;8.528960;8.532900;0
20210322 060800;8.532830;8.532830;8.528120;8.528850;0
20210322 060900;8.528720;8.531230;8.528400;8.529620;0
20210322 061000;8.530030;8.530320;8.526740;8.526990;0
20210322 061100;8.527020;8.527580;8.524920;8.527150;0
20210322 061200;8.527120;8.527630;8.525300;8.527620;0
20210322 061300;8.527460;8.527730;8.524480;8.524540;0
20210322 061400;8.524580;8.525460;8.523570;8.524060;0
20210322 061500;8.524030;8.527020;8.524030;8.527020;0
20210322 061600;8.527020;8.529220;8.527020;8.527720;0
20210322 061700;8.527720;8.527720;8.524780;8.525660;0
20210322 061800;8.525650;8.526280;8.525380;8.526230;0
20210322 061900;8.526310;8.526540;8.524300;8.525580;0
20210322 062000;8.525420;8.525420;8.520160;8.520300;0
20210322 062100;8.520490;8.520790;8.517760;8.518210;0
20210322 062200;8.518200;8.518590;8.516040;8.516740;0
20210322 062300;8.516760;8.520450;8.516760;8.519790;0
20210322 062400;8.519650;8.519650;8.518330;8.518820;0
20210322 062500;8.518700;8.520670;8.518700;8.519740;0
20210322 062600;8.519820;8.520880;8.519300;8.520670;0
20210322 062700;8.520800;8.524160;8.520470;8.523120;0
20210322 062800;8.523120;8.523120;8.519900;8.521400;0
20210322 062900;8.521530;8.522660;8.520860;8.520890;0
20210322 063000;8.520820;8.521840;8.519680;8.521370;0
20210322 063100;8.521330;8.521440;8.518800;8.519060;0
20210322 063200;8.518990;8.521570;8.518280;8.521080;0
20210322 063300;8.521030;8.521090;8.516500;8.517570;0
20210322 063400;8.517440;8.517640;8.516670;8.516840;0
20210322 063500;8.516670;8.516740;8.512040;8.513620;0
20210322 063600;8.513620;8.513620;8.511000;8.511060;0
20210322 063700;8.511420;8.511420;8.508520;8.510490;0
20210322 063800;8.510440;8.511920;8.508510;8.511760;0
20210322 063900;8.511730;8.512040;8.509520;8.509530;0
20210322 064000;8.509480;8.509480;8.508180;8.508410;0
20210322 064100;8.508300;8.513190;8.506710;8.510100;0
20210322 064200;8.509960;8.510020;8.507940;8.509440;0
20210322 064300;8.509360;8.509850;8.509070;8.509650;0
20210322 064400;8.509520;8.512740;8.509030;8.512740;0
20210322 064500;8.512740;8.512790;8.509600;8.512290;0
20210322 064600;8.512260;8.512670;8.506130;8.506700;0
20210322 064700;8.506760;8.507070;8.502530;8.505750;0
20210322 064800;8.505870;8.507450;8.505360;8.507050;0
20210322 064900;8.507120;8.509210;8.507070;8.508180;0
20210322 065000;8.508320;8.508400;8.507710;8.508250;0
20210322 065100;8.508500;8.508930;8.508170;8.508530;0
20210322 065200;8.508380;8.508380;8.506830;8.506830;0
20210322 065300;8.506900;8.507030;8.504000;8.505580;0
20210322 065400;8.505710;8.506030;8.503770;8.504260;0
20210322 065500;8.504230;8.504230;8.501850;8.502200;0
20210322 065600;8.502120;8.502140;8.499020;8.499020;0
20210322 065700;8.499020;8.499420;8.497330;8.497420;0
20210322 065800;8.497420;8.500460;8.496840;8.500460;0
20210322 065900;8.500450;8.501270;8.500350;8.500500;0
20210322 070000;8.500650;8.500650;8.498330;8.499740;0
20210322 070100;8.499570;8.501830;8.498080;8.501540;0
20210322 070200;8.501430;8.504950;8.500970;8.503900;0
20210322 070300;8.503800;8.506880;8.503800;8.506670;0
20210322 070400;8.506670;8.508540;8.506550;8.508150;0
20210322 070500;8.508160;8.508160;8.505500;8.507200;0
20210322 070600;8.507220;8.511010;8.507220;8.510830;0
20210322 070700;8.510900;8.510970;8.505580;8.506990;0
20210322 070800;8.506990;8.509600;8.506990;8.509430;0
20210322 070900;8.509430;8.509820;8.508100;8.508100;0
20210322 071000;8.508100;8.508110;8.503680;8.504670;0
20210322 071100;8.504780;8.506320;8.503740;8.505420;0
20210322 071200;8.505370;8.507510;8.505080;8.507500;0
20210322 071300;8.507650;8.507650;8.506210;8.506340;0
20210322 071400;8.506410;8.506410;8.501740;8.503600;0
20210322 071500;8.503730;8.503850;8.501750;8.502720;0
20210322 071600;8.502720;8.504490;8.502450;8.503140;0
20210322 071700;8.503140;8.505260;8.503030;8.505100;0
20210322 071800;8.505150;8.505990;8.504860;8.505540;0
20210322 071900;8.505690;8.511990;8.505570;8.509960;0
20210322 072000;8.510110;8.510270;8.506300;8.507030;0
20210322 072100;8.506960;8.508080;8.505760;8.507550;0
20210322 072200;8.507550;8.508180;8.506750;8.506760;0
20210322 072300;8.506540;8.507550;8.505460;8.506790;0
20210322 072400;8.506780;8.509610;8.506390;8.507850;0
20210322 072500;8.507850;8.508910;8.506620;8.507520;0
20210322 072600;8.507530;8.507530;8.505280;8.505480;0
20210322 072700;8.505540;8.506800;8.505540;8.506310;0
20210322 072800;8.506400;8.508000;8.506400;8.507860;0
20210322 072900;8.507790;8.508640;8.507790;8.508290;0
20210322 073000;8.508290;8.509130;8.508090;8.508730;0
20210322 073100;8.508740;8.508740;8.507110;8.507370;0
20210322 073200;8.507340;8.507340;8.504890;8.506400;0
20210322 073300;8.506260;8.513560;8.505520;8.506490;0
20210322 073400;8.506520;8.506560;8.505130;8.505340;0
20210322 073500;8.505480;8.507450;8.504310;8.505750;0
20210322 073600;8.505820;8.505960;8.501190;8.504760;0
20210322 073700;8.504440;8.505940;8.504280;8.505400;0
20210322 073800;8.505320;8.508720;8.505210;8.508640;0
20210322 073900;8.508640;8.513400;8.508640;8.512310;0
20210322 074000;8.512290;8.512580;8.510590;8.512390;0
20210322 074100;8.512240;8.512460;8.506620;8.508170;0
20210322 074200;8.508310;8.509530;8.507860;8.508750;0
20210322 074300;8.508750;8.509470;8.508100;8.509470;0
20210322 074400;8.509470;8.511360;8.509010;8.510800;0
20210322 074500;8.510770;8.511530;8.510320;8.511530;0
20210322 074600;8.511650;8.517420;8.510330;8.511110;0
20210322 074700;8.511160;8.512590;8.510250;8.512210;0
20210322 074800;8.512260;8.512620;8.512100;8.512530;0
20210322 074900;8.512490;8.514240;8.512460;8.514240;0
20210322 075000;8.514090;8.514370;8.513360;8.513740;0
20210322 075100;8.513730;8.514330;8.513470;8.514180;0
20210322 075200;8.514190;8.520470;8.514160;8.519830;0
20210322 075300;8.519830;8.521890;8.518900;8.519760;0
20210322 075400;8.519620;8.519620;8.515710;8.516760;0
20210322 075500;8.516680;8.516680;8.514200;8.514460;0
20210322 075600;8.514170;8.514530;8.512080;8.512170;0
20210322 075700;8.512250;8.515290;8.510390;8.515290;0
20210322 075800;8.515270;8.515270;8.509800;8.510050;0
20210322 075900;8.509960;8.511610;8.509670;8.509670;0
20210322 080000;8.509730;8.511840;8.508280;8.510630;0
20210322 080100;8.510940;8.512620;8.509990;8.512620;0
20210322 080200;8.512520;8.515600;8.512290;8.515200;0
20210322 080300;8.515240;8.516470;8.508080;8.512110;0
20210322 080400;8.511370;8.512380;8.509850;8.511160;0
20210322 080500;8.511160;8.516550;8.511040;8.513150;0
20210322 080600;8.513120;8.513120;8.511370;8.511370;0
20210322 080700;8.511360;8.511490;8.506580;8.506900;0
20210322 080800;8.507030;8.508240;8.506160;8.506960;0
20210322 080900;8.507160;8.509910;8.506960;8.509320;0
20210322 081000;8.509320;8.509400;8.507700;8.509210;0
20210322 081100;8.509210;8.509460;8.507890;8.508250;0
20210322 081200;8.508260;8.508260;8.503530;8.503670;0
20210322 081300;8.503580;8.503580;8.496150;8.499520;0
20210322 081400;8.499730;8.502810;8.496730;8.501760;0
20210322 081500;8.501560;8.504660;8.500420;8.503130;0
20210322 081600;8.503300;8.503980;8.502850;8.503260;0
20210322 081700;8.503260;8.503260;8.499580;8.502430;0
20210322 081800;8.502400;8.503450;8.502220;8.502550;0
20210322 081900;8.502560;8.502600;8.500100;8.500660;0
20210322 082000;8.500460;8.503450;8.500460;8.503300;0
20210322 082100;8.503240;8.505100;8.503240;8.505100;0
20210322 082200;8.504990;8.510130;8.504790;8.508690;0
20210322 082300;8.508670;8.508670;8.504410;8.504410;0
20210322 082400;8.504170;8.509300;8.503550;8.508460;0
20210322 082500;8.508460;8.509680;8.503150;8.506340;0
20210322 082600;8.506110;8.507970;8.506110;8.507810;0
20210322 082700;8.507750;8.515580;8.507100;8.509000;0
20210322 082800;8.509280;8.509970;8.507380;8.507740;0
20210322 082900;8.507620;8.513540;8.507620;8.510350;0
20210322 083000;8.510450;8.514000;8.506390;8.506420;0
20210322 083100;8.506430;8.509100;8.502300;8.503710;0
20210322 083200;8.503590;8.513370;8.483330;8.503230;0
20210322 083300;8.503290;8.511450;8.501200;8.506560;0
20210322 083400;8.506590;8.508210;8.500550;8.502300;0
20210322 083500;8.502380;8.508000;8.500390;8.507190;0
20210322 083600;8.507340;8.507340;8.495710;8.503450;0
20210322 083700;8.503560;8.506380;8.503520;8.506380;0
20210322 083800;8.506240;8.513110;8.506240;8.508950;0
20210322 083900;8.508950;8.510240;8.504130;8.506460;0
20210322 084000;8.506450;8.514280;8.506300;8.510820;0
20210322 084100;8.510610;8.513700;8.508750;8.511460;0
20210322 084200;8.511270;8.517640;8.511270;8.516830;0
20210322 084300;8.516740;8.519030;8.515090;8.519030;0
20210322 084400;8.518960;8.524400;8.518460;8.520960;0
20210322 084500;8.520930;8.520930;8.511920;8.515890;0
20210322 084600;8.515870;8.517990;8.515560;8.517630;0
20210322 084700;8.517630;8.517960;8.513330;8.513770;0
20210322 084800;8.513560;8.513700;8.488600;8.506030;0
20210322 084900;8.506020;8.507980;8.499470;8.506410;0
20210322 085000;8.506560;8.513770;8.505850;8.506280;0
20210322 085100;8.506260;8.511140;8.505120;8.508350;0
20210322 085200;8.508200;8.508280;8.501380;8.504330;0
20210322 085300;8.504240;8.504240;8.502300;8.502300;0
20210322 085400;8.502170;8.505410;8.501970;8.505400;0
20210322 085500;8.505280;8.508570;8.504370;8.507740;0
20210322 085600;8.507740;8.509270;8.507630;8.509120;0
20210322 085700;8.509110;8.510720;8.509110;8.509860;0
20210322 085800;8.509860;8.512350;8.509860;8.511120;0
20210322 085900;8.511120;8.513230;8.510800;8.510820;0
20210322 090000;8.511100;8.511630;8.510190;8.511010;0
20210322 090100;8.511010;8.511480;8.507660;8.507820;0
20210322 090200;8.507910;8.511980;8.507870;8.511000;0
20210322 090300;8.511140;8.511960;8.506350;8.506860;0
20210322 090400;8.506790;8.507210;8.505000;8.506310;0
20210322 090500;8.506240;8.506710;8.504700;8.505960;0
20210322 090600;8.505850;8.506540;8.505060;8.505760;0
20210322 090700;8.505760;8.506100;8.504470;8.505350;0
20210322 090800;8.505210;8.511830;8.505140;8.511790;0
20210322 090900;8.511790;8.515350;8.511170;8.511980;0
20210322 091000;8.511770;8.511770;8.506060;8.507210;0
20210322 091100;8.507210;8.507710;8.506200;8.506850;0
20210322 091200;8.506700;8.509500;8.506500;8.508170;0
20210322 091300;8.508170;8.512310;8.508170;8.512160;0
20210322 091400;8.512160;8.514100;8.510900;8.512020;0
20210322 091500;8.511940;8.519950;8.511900;8.519180;0
20210322 091600;8.519180;8.519180;8.516190;8.518300;0
20210322 091700;8.518300;8.520400;8.517760;8.519300;0
20210322 091800;8.519170;8.519170;8.512700;8.513120;0
20210322 091900;8.513270;8.513270;8.510280;8.512690;0
20210322 092000;8.512640;8.518120;8.510510;8.516920;0
20210322 092100;8.516920;8.517000;8.515260;8.515550;0
20210322 092200;8.515540;8.516310;8.514910;8.515670;0
20210322 092300;8.515670;8.515670;8.508790;8.508790;0
20210322 092400;8.508770;8.510960;8.506300;8.509610;0
20210322 092500;8.509610;8.511250;8.508010;8.511120;0
20210322 092600;8.511130;8.511590;8.510020;8.511520;0
20210322 092700;8.511410;8.511630;8.508580;8.508770;0
20210322 092800;8.508770;8.514980;8.507400;8.513950;0
20210322 092900;8.513820;8.515350;8.510200;8.512860;0
20210322 093000;8.512850;8.514140;8.510880;8.513990;0
20210322 093100;8.513950;8.513950;8.511000;8.511720;0
20210322 093200;8.511720;8.513500;8.508220;8.509280;0
20210322 093300;8.509410;8.511960;8.509410;8.511960;0
20210322 093400;8.511960;8.513180;8.511330;8.512920;0
20210322 093500;8.512740;8.513380;8.511980;8.512290;0
20210322 093600;8.512250;8.513640;8.512250;8.513380;0
20210322 093700;8.513410;8.514610;8.510710;8.514500;0
20210322 093800;8.514440;8.514440;8.512450;8.512960;0
20210322 093900;8.513060;8.513460;8.512270;8.512270;0
20210322 094000;8.512260;8.512770;8.511080;8.511820;0
20210322 094100;8.511950;8.516790;8.511520;8.516790;0
20210322 094200;8.516790;8.521530;8.516790;8.517250;0
20210322 094300;8.517250;8.517250;8.512480;8.512980;0
20210322 094400;8.512910;8.512910;8.510650;8.510680;0
20210322 094500;8.510640;8.510640;8.506320;8.506860;0
20210322 094600;8.506960;8.508690;8.500870;8.501600;0
20210322 094700;8.501620;8.502750;8.499610;8.499980;0
20210322 094800;8.500020;8.500040;8.498630;8.498780;0
20210322 094900;8.498830;8.499910;8.498830;8.499630;0
20210322 095000;8.499710;8.499750;8.496720;8.497030;0
20210322 095100;8.497000;8.497880;8.495380;8.495640;0
20210322 095200;8.495620;8.498210;8.494660;8.498130;0
20210322 095300;8.498130;8.501130;8.497990;8.500850;0
20210322 095400;8.500850;8.502480;8.500720;8.502240;0
20210322 095500;8.502280;8.505600;8.502280;8.505310;0
20210322 095600;8.505270;8.506310;8.503360;8.503970;0
20210322 095700;8.503970;8.506770;8.503680;8.506710;0
20210322 095800;8.506830;8.508720;8.506750;8.506960;0
20210322 095900;8.506840;8.506850;8.502880;8.502880;0
20210322 100000;8.502620;8.503430;8.502480;8.503140;0
20210322 100100;8.503470;8.503550;8.502190;8.502190;0
20210322 100200;8.502200;8.502210;8.499970;8.501000;0
20210322 100300;8.501110;8.501780;8.500570;8.500970;0
20210322 100400;8.500870;8.506080;8.500460;8.504980;0
20210322 100500;8.504830;8.505120;8.501440;8.501670;0
20210322 100600;8.501660;8.502250;8.500400;8.500470;0
20210322 100700;8.500470;8.501370;8.500380;8.500940;0
20210322 100800;8.500910;8.501210;8.499480;8.499480;0
20210322 100900;8.499410;8.499410;8.498520;8.499100;0
20210322 101000;8.499100;8.499780;8.498700;8.498870;0
20210322 101100;8.498900;8.499900;8.498480;8.499900;0
20210322 101200;8.499790;8.503640;8.499440;8.502530;0
20210322 101300;8.502510;8.505320;8.502410;8.505280;0
20210322 101400;8.505260;8.505980;8.502090;8.503230;0
20210322 101500;8.503220;8.506010;8.503120;8.505150;0
20210322 101600;8.505180;8.505750;8.503580;8.505690;0
20210322 101700;8.505770;8.506280;8.503100;8.503210;0
20210322 101800;8.503240;8.503930;8.500800;8.500800;0
20210322 101900;8.500600;8.500600;8.498400;8.499750;0
20210322 102000;8.499040;8.499040;8.495940;8.495940;0
20210322 102100;8.495700;8.496080;8.493610;8.493610;0
20210322 102200;8.493570;8.496270;8.493120;8.495290;0
20210322 102300;8.495250;8.497400;8.494810;8.496930;0
20210322 102400;8.496950;8.497500;8.495990;8.496580;0
20210322 102500;8.496620;8.497500;8.493730;8.494010;0
20210322 102600;8.494050;8.495580;8.493980;8.494010;0
20210322 102700;8.494030;8.494740;8.492450;8.494420;0
20210322 102800;8.494230;8.495410;8.492150;8.493140;0
20210322 102900;8.493090;8.494500;8.492420;8.492420;0
20210322 103000;8.492620;8.493700;8.491620;8.493350;0
20210322 103100;8.493350;8.493840;8.491870;8.491870;0
20210322 103200;8.491910;8.492430;8.486810;8.487100;0
20210322 103300;8.487030;8.488500;8.485030;8.486410;0
20210322 103400;8.486440;8.486740;8.484710;8.485070;0
20210322 103500;8.485090;8.485800;8.482340;8.483840;0
20210322 103600;8.483670;8.487750;8.483370;8.487150;0
20210322 103700;8.487110;8.487350;8.485960;8.486340;0
20210322 103800;8.486490;8.488060;8.486080;8.487490;0
20210322 103900;8.487490;8.491620;8.487480;8.491030;0
20210322 104000;8.490740;8.490740;8.488040;8.488060;0
20210322 104100;8.488240;8.490390;8.488180;8.490270;0
20210322 104200;8.490450;8.491180;8.488590;8.489550;0
20210322 104300;8.489600;8.490280;8.488410;8.488800;0
20210322 104400;8.488810;8.489650;8.485390;8.486630;0
20210322 104500;8.486720;8.492010;8.486690;8.491940;0
20210322 104600;8.491900;8.493820;8.490500;8.492470;0
20210322 104700;8.492580;8.493320;8.488580;8.489700;0
20210322 104800;8.489690;8.490870;8.488710;8.489480;0
20210322 104900;8.489470;8.490240;8.486620;8.489940;0
20210322 105000;8.490210;8.494380;8.489000;8.489160;0
20210322 105100;8.489160;8.492020;8.488840;8.490680;0
20210322 105200;8.490630;8.491000;8.486690;8.487480;0
20210322 105300;8.487430;8.489030;8.486330;8.488260;0
20210322 105400;8.488260;8.488940;8.486140;8.487850;0
20210322 105500;8.487810;8.489070;8.487200;8.488020;0
20210322 105600;8.487830;8.489700;8.487830;8.488960;0
20210322 105700;8.489040;8.489760;8.486920;8.488650;0
20210322 105800;8.488510;8.488810;8.485340;8.487130;0
20210322 105900;8.487370;8.487910;8.485590;8.486130;0
20210322 110000;8.486060;8.486610;8.484800;8.485500;0
20210322 110100;8.485390;8.491060;8.485390;8.487840;0
20210322 110200;8.487840;8.491370;8.487580;8.489190;0
20210322 110300;8.489220;8.492130;8.489220;8.490310;0
20210322 110400;8.490250;8.491980;8.488380;8.491980;0
20210322 110500;8.492190;8.492220;8.490680;8.490680;0
20210322 110600;8.490690;8.490910;8.489730;8.490090;0
20210322 110700;8.490090;8.490280;8.487800;8.487800;0
20210322 110800;8.487790;8.488720;8.486490;8.488110;0
20210322 110900;8.488180;8.489740;8.487560;8.489050;0
20210322 111000;8.489000;8.489430;8.485410;8.485510;0
20210322 111100;8.485360;8.486330;8.484410;8.485390;0
20210322 111200;8.485390;8.485550;8.484650;8.485550;0
20210322 111300;8.485540;8.488800;8.485260;8.488800;0
20210322 111400;8.488800;8.490450;8.487390;8.487750;0
20210322 111500;8.487860;8.489880;8.487060;8.489880;0
20210322 111600;8.489890;8.490240;8.486890;8.487540;0
20210322 111700;8.487650;8.488590;8.487170;8.487240;0
20210322 111800;8.487180;8.487180;8.484470;8.485300;0
20210322 111900;8.485440;8.487740;8.485440;8.487180;0
20210322 112000;8.487540;8.487790;8.486340;8.486440;0
20210322 112100;8.486440;8.486490;8.485830;8.485940;0
20210322 112200;8.485800;8.486430;8.484600;8.484900;0
20210322 112300;8.484900;8.486240;8.484900;8.486240;0
20210322 112400;8.486240;8.486670;8.484570;8.486320;0
20210322 112500;8.486420;8.493880;8.486420;8.487560;0
20210322 112600;8.487700;8.487870;8.486470;8.486550;0
20210322 112700;8.486660;8.487630;8.485720;8.485720;0
20210322 112800;8.485720;8.485720;8.484300;8.484650;0
20210322 112900;8.484650;8.485270;8.484140;8.484760;0
20210322 113000;8.485030;8.497220;8.483620;8.485520;0
20210322 113100;8.485420;8.488720;8.482960;8.484820;0
20210322 113200;8.484720;8.486590;8.484460;8.485770;0
20210322 113300;8.485700;8.496470;8.484700;8.489540;0
20210322 113400;8.489550;8.490040;8.482890;8.485280;0
20210322 113500;8.485430;8.485740;8.484840;8.485330;0
20210322 113600;8.485330;8.494720;8.483650;8.489450;0
20210322 113700;8.489150;8.489570;8.484510;8.486490;0
20210322 113800;8.486600;8.488780;8.485260;8.486230;0
20210322 113900;8.485770;8.487840;8.483660;8.487030;0
20210322 114000;8.487190;8.494540;8.484180;8.486880;0
20210322 114100;8.486810;8.488400;8.485600;8.487930;0
20210322 114200;8.488090;8.491900;8.479610;8.483120;0
20210322 114300;8.483430;8.485200;8.480070;8.480540;0
20210322 114400;8.480510;8.481940;8.477630;8.478680;0
20210322 114500;8.478870;8.484100;8.478870;8.484090;0
20210322 114600;8.484060;8.484690;8.479310;8.481870;0
20210322 114700;8.481750;8.481980;8.478440;8.480580;0
20210322 114800;8.480620;8.483400;8.480620;8.482510;0
20210322 114900;8.482480;8.483100;8.482250;8.482890;0
20210322 115000;8.482460;8.483160;8.481190;8.481480;0
20210322 115100;8.481610;8.482910;8.481540;8.482830;0
20210322 115200;8.482720;8.483100;8.481770;8.482030;0
20210322 115300;8.482080;8.483150;8.482010;8.483150;0
20210322 115400;8.483230;8.483550;8.479960;8.481660;0
20210322 115500;8.481650;8.482610;8.481560;8.482370;0
20210322 115600;8.482300;8.482310;8.480550;8.480930;0
20210322 115700;8.480930;8.481510;8.480500;8.481250;0
20210322 115800;8.481160;8.482890;8.481010;8.482370;0
20210322 115900;8.482290;8.482410;8.481180;8.481320;0
20210322 120000;8.481310;8.482650;8.480990;8.482650;0
20210322 120100;8.482640;8.485730;8.482640;8.485620;0
20210322 120200;8.485630;8.485850;8.485100;8.485360;0
20210322 120300;8.485510;8.487950;8.485500;8.487810;0
20210322 120400;8.487820;8.488020;8.487020;8.487410;0
20210322 120500;8.487410;8.488750;8.487170;8.487980;0
20210322 120600;8.487980;8.488040;8.486880;8.487010;0
20210322 120700;8.486960;8.487180;8.486150;8.486820;0
20210322 120800;8.486850;8.488340;8.486830;8.488100;0
20210322 120900;8.488230;8.488550;8.487650;8.488150;0
20210322 121000;8.488150;8.488310;8.487950;8.488230;0
20210322 121100;8.488320;8.488570;8.488040;8.488170;0
20210322 121200;8.488360;8.488670;8.487960;8.488440;0
20210322 121300;8.488410;8.488670;8.487560;8.487630;0
20210322 121400;8.487490;8.487510;8.486090;8.486100;0
20210322 121500;8.485980;8.485980;8.481220;8.481230;0
20210322 121600;8.480950;8.481590;8.480500;8.481520;0
20210322 121700;8.481610;8.481750;8.480590;8.481370;0
20210322 121800;8.481520;8.481530;8.480690;8.480700;0
20210322 121900;8.480690;8.481100;8.480510;8.480670;0
20210322 122000;8.480530;8.481010;8.480230;8.480800;0
20210322 122100;8.480750;8.480750;8.477760;8.477890;0
20210322 122200;8.477820;8.478410;8.477240;8.477930;0
20210322 122300;8.477850;8.478260;8.477730;8.478200;0
20210322 122400;8.478250;8.478710;8.478110;8.478710;0
20210322 122500;8.478570;8.478830;8.478370;8.478830;0
20210322 122600;8.478740;8.478950;8.478560;8.478570;0
20210322 122700;8.478570;8.479310;8.478570;8.479170;0
20210322 122800;8.479230;8.480310;8.479000;8.480310;0
20210322 122900;8.480220;8.480730;8.480070;8.480640;0
20210322 123000;8.480640;8.481450;8.480640;8.481450;0
20210322 123100;8.481640;8.481700;8.480670;8.480670;0
20210322 123200;8.480800;8.480800;8.476020;8.477930;0
20210322 123300;8.477940;8.478130;8.477480;8.477580;0
20210322 123400;8.477650;8.477720;8.476550;8.476830;0
20210322 123500;8.476760;8.476900;8.475260;8.475320;0
20210322 123600;8.475390;8.476960;8.475250;8.476590;0
20210322 123700;8.476460;8.477830;8.476460;8.477830;0
20210322 123800;8.477820;8.478230;8.477710;8.478160;0
20210322 123900;8.478160;8.478160;8.477950;8.477950;0
20210322 124000;8.478100;8.478100;8.477360;8.477360;0
20210322 124100;8.477480;8.478240;8.477480;8.478240;0
20210322 124200;8.478400;8.479020;8.478150;8.478170;0
20210322 124300;8.478090;8.478740;8.477540;8.477670;0
20210322 124400;8.477750;8.477990;8.477030;8.477360;0
20210322 124500;8.477440;8.477520;8.476580;8.476890;0
20210322 124600;8.476820;8.477720;8.476820;8.477630;0
20210322 124700;8.477630;8.478000;8.477480;8.477630;0
20210322 124800;8.477560;8.478040;8.477430;8.477510;0
20210322 124900;8.477580;8.478160;8.477580;8.478160;0
20210322 125000;8.478050;8.478520;8.477610;8.478390;0
20210322 125100;8.478450;8.479090;8.478450;8.478680;0
20210322 125200;8.478740;8.479740;8.478740;8.479190;0
20210322 125300;8.479010;8.479010;8.478520;8.479010;0
20210322 125400;8.478930;8.479200;8.478730;8.478730;0
20210322 125500;8.478670;8.478870;8.478210;8.478210;0
20210322 125600;8.478160;8.478160;8.477280;8.477280;0
20210322 125700;8.477260;8.477890;8.477080;8.477410;0
20210322 125800;8.477400;8.479890;8.477300;8.479810;0
20210322 125900;8.479730;8.480630;8.479110;8.479500;0
20210322 130000;8.479290;8.479440;8.478600;8.478890;0
20210322 130100;8.478740;8.480180;8.478740;8.479830;0
20210322 130200;8.479750;8.479750;8.479120;8.479670;0
20210322 130300;8.479520;8.479660;8.478700;8.478700;0
20210322 130400;8.478610;8.478610;8.477880;8.477950;0
20210322 130500;8.478100;8.478180;8.477970;8.478090;0
20210322 130600;8.478200;8.478220;8.477070;8.477070;0
20210322 130700;8.477000;8.477020;8.476510;8.476510;0
20210322 130800;8.476560;8.476860;8.475310;8.475760;0
20210322 130900;8.475510;8.475580;8.474720;8.475100;0
20210322 131000;8.475310;8.475580;8.474750;8.475480;0
20210322 131100;8.475530;8.475770;8.475060;8.475060;0
20210322 131200;8.474990;8.475390;8.474870;8.475370;0
20210322 131300;8.475410;8.476180;8.475360;8.475890;0
20210322 131400;8.476050;8.476380;8.476050;8.476300;0
20210322 131500;8.476170;8.476600;8.475990;8.476430;0
20210322 131600;8.476420;8.476540;8.476230;8.476360;0
20210322 131700;8.476430;8.476940;8.476430;8.476600;0
20210322 131800;8.476680;8.477030;8.476350;8.477030;0
20210322 131900;8.477100;8.477560;8.477100;8.477560;0
20210322 132000;8.477800;8.478320;8.477610;8.477670;0
20210322 132100;8.477750;8.478270;8.477720;8.478170;0
20210322 132200;8.478310;8.478810;8.477870;8.478810;0
20210322 132300;8.478880;8.480150;8.478750;8.480150;0
20210322 132400;8.480280;8.480990;8.480050;8.480990;0
20210322 132500;8.480990;8.482600;8.480990;8.482400;0
20210322 132600;8.482390;8.482390;8.480990;8.481120;0
20210322 132700;8.481210;8.482650;8.481000;8.482500;0
20210322 132800;8.482710;8.482710;8.481520;8.481590;0
20210322 132900;8.481670;8.481930;8.481220;8.481380;0
20210322 133000;8.481250;8.481780;8.480570;8.480650;0
20210322 133100;8.480600;8.480600;8.479940;8.480100;0
20210322 133200;8.480010;8.480240;8.479930;8.480130;0
20210322 133300;8.480080;8.480090;8.478950;8.479810;0
20210322 133400;8.479910;8.480530;8.479910;8.480350;0
20210322 133500;8.480470;8.480720;8.480100;8.480520;0
20210322 133600;8.480490;8.481230;8.480490;8.481080;0
20210322 133700;8.481100;8.481210;8.479850;8.480060;0
20210322 133800;8.479950;8.480370;8.479950;8.480250;0
20210322 133900;8.480140;8.480360;8.479920;8.479920;0
20210322 134000;8.479930;8.480290;8.479400;8.479600;0
20210322 134100;8.479460;8.479800;8.479330;8.479750;0
20210322 134200;8.479520;8.479630;8.479110;8.479310;0
20210322 134300;8.479300;8.479600;8.478870;8.478930;0
20210322 134400;8.479010;8.479070;8.478810;8.478810;0
20210322 134500;8.478950;8.478950;8.478670;8.478670;0
20210322 134600;8.478730;8.478730;8.478730;8.478730;0
20210322 134700;8.478670;8.478670;8.478210;8.478350;0
20210322 134800;8.478310;8.478590;8.478160;8.478580;0
20210322 134900;8.478660;8.478730;8.478580;8.478580;0
20210322 135000;8.478710;8.479180;8.478550;8.479180;0
20210322 135100;8.479130;8.479330;8.478570;8.478660;0
20210322 135200;8.478850;8.479040;8.478410;8.478410;0
20210322 135300;8.478410;8.478500;8.478350;8.478440;0
20210322 135400;8.478230;8.478230;8.478000;8.478050;0
20210322 135500;8.478160;8.478520;8.477680;8.478010;0
20210322 135600;8.478040;8.478820;8.477890;8.478020;0
20210322 135700;8.478040;8.479160;8.477820;8.479160;0
20210322 135800;8.479060;8.479110;8.478540;8.478940;0
20210322 135900;8.479120;8.485820;8.478950;8.482950;0
20210322 140000;8.483030;8.483580;8.482960;8.483140;0
20210322 140100;8.483200;8.483890;8.483040;8.483840;0
20210322 140200;8.483770;8.484380;8.483470;8.483500;0
20210322 140300;8.483600;8.483920;8.483410;8.483410;0
20210322 140400;8.483690;8.484310;8.483690;8.483970;0
20210322 140500;8.483910;8.485560;8.483760;8.485330;0
20210322 140600;8.485200;8.486050;8.485190;8.486050;0
20210322 140700;8.486030;8.486050;8.484980;8.485670;0
20210322 140800;8.485540;8.485760;8.485290;8.485360;0
20210322 140900;8.485240;8.485300;8.485240;8.485300;0
20210322 141000;8.485170;8.485380;8.485170;8.485240;0
20210322 141100;8.485370;8.485510;8.485120;8.485510;0
20210322 141200;8.485430;8.485710;8.485230;8.485710;0
20210322 141300;8.485880;8.486110;8.485770;8.486080;0
20210322 141400;8.486020;8.486450;8.485880;8.486450;0
20210322 141500;8.486590;8.487020;8.486440;8.487020;0
20210322 141600;8.487080;8.487080;8.485160;8.487000;0
20210322 141700;8.486880;8.487010;8.486660;8.486660;0
20210322 141800;8.486730;8.495560;8.486720;8.491020;0
20210322 141900;8.490710;8.492040;8.490550;8.491470;0
20210322 142000;8.491690;8.491840;8.489800;8.490250;0
20210322 142100;8.490150;8.490620;8.489880;8.490290;0
20210322 142200;8.490300;8.490450;8.489700;8.490260;0
20210322 142300;8.490250;8.490500;8.490110;8.490180;0
20210322 142400;8.490360;8.490360;8.489880;8.490160;0
20210322 142500;8.490090;8.491070;8.489860;8.491030;0
20210322 142600;8.490980;8.491320;8.490400;8.491320;0
20210322 142700;8.491150;8.498190;8.490620;8.495910;0
20210322 142800;8.495800;8.495800;8.494620;8.494840;0
20210322 142900;8.494800;8.495370;8.494460;8.494860;0
20210322 143000;8.494880;8.495960;8.494880;8.495740;0
20210322 143100;8.495400;8.495400;8.494140;8.495340;0
20210322 143200;8.495260;8.495650;8.495090;8.495650;0
20210322 143300;8.495540;8.495540;8.493730;8.494880;0
20210322 143400;8.495040;8.500030;8.495040;8.496270;0
20210322 143500;8.496290;8.496630;8.495710;8.495710;0
20210322 143600;8.495680;8.496150;8.495200;8.495560;0
20210322 143700;8.495580;8.495720;8.495390;8.495720;0
20210322 143800;8.495810;8.496070;8.495720;8.496070;0
20210322 143900;8.496220;8.496360;8.496150;8.496230;0
20210322 144000;8.496430;8.496660;8.496150;8.496150;0
20210322 144100;8.495800;8.498170;8.495800;8.498040;0
20210322 144200;8.498040;8.501790;8.498040;8.499260;0
20210322 144300;8.499130;8.500330;8.499120;8.500330;0
20210322 144400;8.500420;8.500420;8.499590;8.499590;0
20210322 144500;8.499580;8.500530;8.499300;8.500410;0
20210322 144600;8.500500;8.500500;8.500050;8.500050;0
20210322 144700;8.500000;8.500000;8.499450;8.499490;0
20210322 144800;8.499630;8.502690;8.499630;8.501680;0
20210322 144900;8.501560;8.501700;8.501270;8.501560;0
20210322 145000;8.501350;8.501350;8.501200;8.501290;0
20210322 145100;8.501500;8.501660;8.501330;8.501530;0
20210322 145200;8.501390;8.501990;8.501320;8.501990;0
20210322 145300;8.502160;8.502360;8.501970;8.501970;0
20210322 145400;8.501880;8.502020;8.501460;8.501590;0
20210322 145500;8.501460;8.501780;8.500630;8.500760;0
20210322 145600;8.500750;8.500750;8.498420;8.498560;0
20210322 145700;8.498420;8.498520;8.497820;8.498230;0
20210322 145800;8.498430;8.498430;8.494770;8.495720;0
20210322 145900;8.497590;8.498280;8.496330;8.497490;0
20210322 150000;8.497160;8.497160;8.496220;8.496670;0
20210322 150100;8.496860;8.498720;8.496620;8.497840;0
20210322 150200;8.497830;8.501670;8.497650;8.497990;0
20210322 150300;8.498000;8.498580;8.497730;8.498170;0
20210322 150400;8.498170;8.498520;8.497790;8.498010;0
20210322 150500;8.498050;8.499000;8.497820;8.498150;0
20210322 150600;8.498170;8.498510;8.497950;8.498100;0
20210322 150700;8.498340;8.498380;8.497880;8.498130;0
20210322 150800;8.498130;8.498470;8.497870;8.497870;0
20210322 150900;8.497850;8.498290;8.497840;8.498210;0
20210322 151000;8.498250;8.498390;8.498250;8.498290;0
20210322 151100;8.498270;8.498360;8.498190;8.498260;0
20210322 151200;8.498260;8.498520;8.498260;8.498510;0
20210322 151300;8.498570;8.499290;8.498420;8.498420;0
20210322 151400;8.498250;8.498280;8.497710;8.497910;0
20210322 151500;8.497970;8.498160;8.497500;8.497600;0
20210322 151600;8.497660;8.504160;8.497440;8.503060;0
20210322 151700;8.503080;8.503360;8.498670;8.498670;0
20210322 151800;8.499220;8.499780;8.498160;8.498720;0
20210322 151900;8.498750;8.499070;8.498400;8.498630;0
20210322 152000;8.498630;8.498960;8.496640;8.496650;0
20210322 152100;8.496770;8.497270;8.496450;8.497250;0
20210322 152200;8.497260;8.497790;8.497230;8.497310;0
20210322 152300;8.497660;8.497660;8.495250;8.495720;0
20210322 152400;8.495990;8.496750;8.494970;8.496440;0
20210322 152500;8.496490;8.496800;8.496090;8.496330;0
20210322 152600;8.496660;8.497410;8.496330;8.497110;0
20210322 152700;8.497350;8.497740;8.496920;8.497040;0
20210322 152800;8.497050;8.497770;8.497050;8.497540;0
20210322 152900;8.497710;8.497710;8.496600;8.497260;0
20210322 153000;8.497220;8.497310;8.496190;8.497210;0
20210322 153100;8.497220;8.497630;8.497140;8.497550;0
20210322 153200;8.497540;8.497630;8.497190;8.497530;0
20210322 153300;8.497620;8.499550;8.497480;8.498790;0
20210322 153400;8.498870;8.498870;8.498860;8.498860;0
20210322 153500;8.498870;8.498970;8.495200;8.495380;0
20210322 153600;8.495290;8.496190;8.495290;8.495680;0
20210322 153700;8.495870;8.497290;8.495870;8.497290;0
20210322 153800;8.497570;8.497570;8.497500;8.497500;0
20210322 153900;8.497500;8.497510;8.497230;8.497230;0
20210322 154000;8.497230;8.497230;8.496300;8.496410;0
20210322 154100;8.496260;8.496510;8.496040;8.496510;0
20210322 154200;8.496520;8.496520;8.496000;8.496300;0
20210322 154300;8.496270;8.497470;8.496270;8.497090;0
20210322 154400;8.497230;8.497500;8.497230;8.497280;0
20210322 154500;8.497290;8.497290;8.496150;8.496430;0
20210322 154600;8.496490;8.497410;8.496450;8.497140;0
20210322 154700;8.497150;8.497640;8.497000;8.497380;0
20210322 154800;8.497370;8.498130;8.497140;8.498130;0
20210322 154900;8.498130;8.498530;8.497000;8.497470;0
20210322 155000;8.497470;8.498290;8.497040;8.498050;0
20210322 155100;8.498180;8.498300;8.496550;8.497260;0
20210322 155200;8.497260;8.498190;8.497000;8.497840;0
20210322 155300;8.497840;8.498030;8.497390;8.497990;0
20210322 155400;8.497990;8.497990;8.497110;8.497600;0
20210322 155500;8.495760;8.498230;8.486880;8.497820;0
20210322 155600;8.498030;8.500720;8.484660;8.496020;0
20210322 155700;8.496230;8.498030;8.494820;8.497820;0
20210322 155800;8.497720;8.501130;8.485530;8.498920;0
20210322 155900;8.498720;8.500820;8.494700;8.500420;0
20210322 161000;8.490720;8.490720;8.490720;8.490720;0
20210322 161100;8.491230;8.491230;8.490620;8.490620;0
20210322 161300;8.490720;8.490720;8.490720;8.490720;0
20210322 161500;8.490630;8.490720;8.490430;8.490430;0
20210322 161700;8.490920;8.490920;8.490730;8.490730;0
20210322 161800;8.490720;8.490720;8.490620;8.490630;0
20210322 161900;8.489720;8.489720;8.489430;8.489430;0
20210322 162000;8.490330;8.492020;8.489920;8.490120;0
20210322 162100;8.491020;8.491030;8.489920;8.489920;0
20210322 162300;8.489620;8.489620;8.489220;8.489420;0
20210322 162400;8.488820;8.489630;8.488820;8.489630;0
20210322 162500;8.490520;8.490630;8.489920;8.489920;0
20210322 162800;8.490020;8.490020;8.490020;8.490020;0
20210322 163300;8.490030;8.490030;8.490020;8.490020;0
20210322 163400;8.490030;8.490030;8.490030;8.490030;0
20210322 163500;8.490020;8.490020;8.490020;8.490020;0
20210322 163600;8.490020;8.490020;8.490020;8.490020;0
20210322 163700;8.490020;8.490020;8.490020;8.490020;0
20210322 163800;8.490220;8.490220;8.490220;8.490220;0
20210322 163900;8.490020;8.490030;8.490020;8.490020;0
20210322 164200;8.491620;8.491620;8.490020;8.491000;0
20210322 164300;8.491000;8.491010;8.490860;8.491010;0
20210322 164400;8.490450;8.490460;8.490020;8.490020;0
20210322 164500;8.491090;8.495360;8.491090;8.494790;0
20210322 164600;8.493850;8.494600;8.489920;8.494440;0
20210322 164700;8.493390;8.494470;8.493390;8.494470;0
20210322 164800;8.494470;8.496880;8.494470;8.495120;0
20210322 164900;8.492900;8.494510;8.489920;8.494510;0
20210322 165000;8.494950;8.494950;8.493860;8.493860;0
20210322 165100;8.492350;8.492750;8.489920;8.490820;0
20210322 165200;8.491640;8.491790;8.489720;8.489850;0
20210322 165300;8.490830;8.493580;8.489720;8.490440;0
20210322 165400;8.489730;8.492680;8.489720;8.492680;0
20210322 165500;8.492600;8.493230;8.489720;8.490120;0
20210322 165600;8.491810;8.492560;8.490020;8.490020;0
20210322 165700;8.490020;8.493750;8.489600;8.489600;0
20210322 165800;8.490010;8.494560;8.489430;8.494560;0
20210322 165900;8.493150;8.493150;8.489420;8.490430;0
20210322 170000;8.491170;8.491220;8.489420;8.490720;0
20210322 170100;8.491120;8.491520;8.489920;8.491020;0
20210322 170200;8.490920;8.491230;8.490620;8.490920;0
20210322 170300;8.490820;8.490930;8.490720;8.490820;0
20210322 170400;8.490720;8.490920;8.490720;8.490720;0
20210322 170500;8.490830;8.492430;8.490520;8.491320;0
20210322 170600;8.491220;8.491730;8.491220;8.491730;0
20210322 170700;8.491820;8.493730;8.491820;8.492220;0
20210322 170800;8.492320;8.493220;8.491820;8.492320;0
20210322 170900;8.492320;8.493130;8.492120;8.492620;0
20210322 171000;8.492420;8.494330;8.490030;8.492620;0
20210322 171100;8.492620;8.496420;8.491620;8.495630;0
20210322 171200;8.495620;8.498020;8.489920;8.493320;0
20210322 171300;8.493420;8.495330;8.489720;8.493320;0
20210322 171400;8.493330;8.495230;8.489830;8.491520;0
20210322 171500;8.491520;8.494020;8.488520;8.491420;0
20210322 171600;8.491320;8.494720;8.489020;8.490820;0
20210322 171700;8.490720;8.493920;8.488120;8.490720;0
20210322 171800;8.492220;8.493020;8.488480;8.491130;0
20210322 171900;8.491130;8.492720;8.490060;8.490820;0
20210322 172000;8.490830;8.493720;8.489820;8.492320;0
20210322 172100;8.492320;8.494330;8.488520;8.489920;0
20210322 172200;8.489520;8.493130;8.489020;8.489920;0
20210322 172300;8.490020;8.494520;8.490020;8.492520;0
20210322 172400;8.493220;8.495420;8.490420;8.493730;0
20210322 172500;8.492120;8.495830;8.491860;8.494720;0
20210322 172600;8.494630;8.495130;8.490320;8.493420;0
20210322 172700;8.493620;8.495920;8.490020;8.492920;0
20210322 172800;8.492520;8.496220;8.491920;8.493920;0
20210322 172900;8.494020;8.497420;8.491630;8.496620;0
20210322 173000;8.496620;8.497520;8.492120;8.494520;0
20210322 173100;8.494520;8.495920;8.492620;8.494820;0
20210322 173200;8.495020;8.497220;8.491870;8.494820;0
20210322 173300;8.495520;8.496230;8.489520;8.490820;0
20210322 173400;8.490720;8.496020;8.489720;8.493420;0
20210322 173500;8.493320;8.496530;8.492420;8.494020;0
20210322 173600;8.494020;8.497520;8.492480;8.496620;0
20210322 173700;8.496720;8.498220;8.493070;8.497220;0
20210322 173800;8.497420;8.497420;8.494690;8.495820;0
20210322 173900;8.496020;8.497520;8.494450;8.496920;0
20210322 174000;8.497020;8.497630;8.492960;8.496230;0
20210322 174100;8.496630;8.496820;8.494090;8.494920;0
20210322 174200;8.495020;8.497320;8.493950;8.496320;0
20210322 174300;8.496220;8.496930;8.493320;8.496230;0
20210322 174400;8.496120;8.496830;8.493830;8.495120;0
20210322 174500;8.495120;8.495620;8.493520;8.494220;0
20210322 174600;8.494120;8.495630;8.492530;8.494920;0
20210322 174700;8.494120;8.496620;8.494020;8.495530;0
20210322 174800;8.495530;8.496920;8.494140;8.496830;0
20210322 174900;8.496720;8.497030;8.493650;8.496030;0
20210322 175000;8.495920;8.496530;8.493700;8.495220;0
20210322 175100;8.495320;8.496820;8.493300;8.496020;0
20210322 175200;8.496120;8.497380;8.493920;8.496330;0
20210322 175300;8.496520;8.497290;8.493940;8.496320;0
20210322 175400;8.496520;8.496720;8.494200;8.495420;0
20210322 175500;8.495320;8.497050;8.493700;8.495120;0
20210322 175600;8.495230;8.496330;8.493420;8.494920;0
20210322 175700;8.494720;8.496120;8.494220;8.495520;0
20210322 175800;8.495430;8.496120;8.493920;8.494620;0
20210322 175900;8.494920;8.496730;8.493690;8.496620;0
20210322 180000;8.496720;8.496920;8.493430;8.495220;0
20210322 180100;8.495030;8.495830;8.493500;8.495620;0
20210322 180200;8.495730;8.495920;8.493130;8.494920;0
20210322 180300;8.494830;8.495420;8.492990;8.494930;0
20210322 180400;8.495020;8.495030;8.492380;8.494020;0
20210322 180500;8.493920;8.495020;8.492100;8.494620;0
20210322 180600;8.494520;8.494530;8.493320;8.494520;0
20210322 180700;8.494420;8.495030;8.494420;8.494820;0
20210322 180800;8.494720;8.495730;8.494620;8.495630;0
20210322 180900;8.495420;8.496230;8.495120;8.495820;0
20210322 181000;8.495720;8.497320;8.495520;8.497120;0
20210322 181100;8.497020;8.498680;8.496290;8.497120;0
20210322 181200;8.497020;8.498720;8.496820;8.497830;0
20210322 181300;8.498120;8.498230;8.497320;8.497520;0
20210322 181400;8.497420;8.500230;8.496900;8.499220;0
20210322 181500;8.499620;8.501120;8.498150;8.499720;0
20210322 181600;8.499520;8.500420;8.498010;8.499720;0
20210322 181700;8.499030;8.500830;8.498320;8.500120;0
20210322 181800;8.500030;8.500520;8.498560;8.499320;0
20210322 181900;8.499530;8.499820;8.498560;8.499420;0
20210322 182000;8.499320;8.499420;8.498560;8.498620;0
20210322 182100;8.498560;8.498930;8.498130;8.498420;0
20210322 182200;8.498330;8.499020;8.498130;8.498430;0
20210322 182300;8.498320;8.499720;8.498320;8.499030;0
20210322 182400;8.498820;8.499620;8.498810;8.499620;0
20210322 182500;8.499520;8.499720;8.499220;8.499230;0
20210322 182600;8.499330;8.500720;8.499120;8.500120;0
20210322 182700;8.499920;8.501930;8.498460;8.499620;0
20210322 182800;8.499430;8.500720;8.499120;8.500120;0
20210322 182900;8.500330;8.501310;8.499520;8.500120;0
20210322 183000;8.500390;8.501370;8.499130;8.499430;0
20210322 183100;8.499220;8.500520;8.498820;8.499730;0
20210322 183200;8.499520;8.500020;8.498130;8.499720;0
20210322 183300;8.499520;8.500320;8.498070;8.499820;0
20210322 183400;8.499620;8.501820;8.499500;8.501230;0
20210322 183500;8.501330;8.502120;8.499920;8.500120;0
20210322 183600;8.500320;8.501120;8.499620;8.500820;0
20210322 183700;8.500520;8.501170;8.499620;8.500920;0
20210322 183800;8.501250;8.501350;8.499420;8.500020;0
20210322 183900;8.499820;8.500420;8.497750;8.499920;0
20210322 184000;8.500120;8.500800;8.498340;8.500230;0
20210322 184100;8.499920;8.500720;8.497500;8.500320;0
20210322 184200;8.500730;8.500730;8.497960;8.500020;0
20210322 184300;8.499920;8.500820;8.499230;8.500120;0
20210322 184400;8.500420;8.500930;8.498020;8.500430;0
20210322 184500;8.500320;8.501430;8.499620;8.501120;0
20210322 184600;8.501220;8.501220;8.499320;8.500620;0
20210322 184700;8.500420;8.501220;8.500320;8.500320;0
20210322 184800;8.500820;8.501030;8.499920;8.500420;0
20210322 184900;8.500230;8.501030;8.499730;8.500420;0
20210322 185000;8.500320;8.501520;8.500120;8.501230;0
20210322 185100;8.501120;8.501730;8.500330;8.500560;0
20210322 185200;8.500180;8.501820;8.499490;8.501120;0
20210322 185300;8.501230;8.501920;8.499190;8.501020;0
20210322 185400;8.500820;8.501420;8.498460;8.500830;0
20210322 185500;8.500720;8.501220;8.499220;8.499920;0
20210322 185600;8.499720;8.500620;8.498120;8.498620;0
20210322 185700;8.498610;8.499120;8.498610;8.498620;0
20210322 185800;8.498720;8.498720;8.497750;8.497930;0
20210322 185900;8.497820;8.499620;8.497670;8.498020;0
20210322 190000;8.498120;8.499130;8.491130;8.495020;0
20210322 190100;8.494620;8.496520;8.490420;8.493330;0
20210322 190200;8.493130;8.494220;8.489350;8.493830;0
20210322 190300;8.494220;8.497820;8.491830;8.496420;0
20210322 190400;8.496520;8.497320;8.492680;8.494720;0
20210322 190500;8.494720;8.495720;8.493040;8.494920;0
20210322 190600;8.494820;8.496420;8.493720;8.496320;0
20210322 190700;8.496420;8.496620;8.492090;8.494320;0
20210322 190800;8.494420;8.495530;8.493820;8.495220;0
20210322 190900;8.495120;8.495120;8.494420;8.495020;0
20210322 191000;8.495120;8.496220;8.492680;8.496220;0
20210322 191100;8.496320;8.496430;8.492070;8.494620;0
20210322 191200;8.494520;8.495720;8.491160;8.493730;0
20210322 191300;8.493620;8.494320;8.491120;8.493120;0
20210322 191400;8.493320;8.495030;8.490550;8.495020;0
20210322 191500;8.495220;8.495920;8.493560;8.494420;0
20210322 191600;8.495120;8.495500;8.491920;8.493420;0
20210322 191700;8.493120;8.495420;8.492410;8.494720;0
20210322 191800;8.494620;8.495020;8.491550;8.493420;0
20210322 191900;8.493420;8.495620;8.491990;8.493620;0
20210322 192000;8.494120;8.496220;8.492450;8.495520;0
20210322 192100;8.494920;8.497130;8.492850;8.494870;0
20210322 192200;8.494870;8.498530;8.493200;8.497220;0
20210322 192300;8.497220;8.497530;8.494160;8.496720;0
20210322 192400;8.496830;8.498930;8.495950;8.498920;0
20210322 192500;8.498730;8.502120;8.497420;8.500830;0
20210322 192600;8.500630;8.502120;8.499160;8.500920;0
20210322 192700;8.501120;8.503530;8.499560;8.501620;0
20210322 192800;8.501630;8.503920;8.500820;8.501520;0
20210322 192900;8.501520;8.503220;8.500870;8.502720;0
20210322 193000;8.502920;8.503230;8.499770;8.501020;0
20210322 193100;8.500120;8.501220;8.499270;8.500920;0
20210322 193200;8.500720;8.502220;8.499160;8.501720;0
20210322 193300;8.501730;8.501730;8.499420;8.501220;0
20210322 193400;8.501120;8.501520;8.498750;8.501420;0
20210322 193500;8.501320;8.501420;8.499400;8.500820;0
20210322 193600;8.500930;8.501220;8.499720;8.499720;0
20210322 193700;8.499930;8.500930;8.499330;8.500520;0
20210322 193800;8.500420;8.501620;8.500220;8.501520;0
20210322 193900;8.501620;8.502820;8.500420;8.502020;0
20210322 194000;8.501930;8.502130;8.501020;8.501020;0
20210322 194100;8.500920;8.501330;8.499710;8.500920;0
20210322 194200;8.500920;8.502420;8.499480;8.501020;0
20210322 194300;8.501620;8.502020;8.498990;8.500920;0
20210322 194400;8.500720;8.502230;8.499120;8.501920;0
20210322 194500;8.502020;8.502120;8.500330;8.500520;0
20210322 194600;8.500820;8.500830;8.499820;8.500330;0
20210322 194700;8.500220;8.501130;8.500020;8.501120;0
20210322 194800;8.500920;8.501730;8.499760;8.501730;0
20210322 194900;8.500830;8.502630;8.500420;8.502220;0
20210322 195000;8.502120;8.502320;8.499990;8.501120;0
20210322 195100;8.501220;8.502220;8.499930;8.501920;0
20210322 195200;8.502230;8.502320;8.499580;8.500980;0
20210322 195300;8.500980;8.503160;8.500950;8.502450;0
20210322 195400;8.502480;8.509490;8.502410;8.506510;0
20210322 195500;8.506510;8.508710;8.506510;8.507390;0
20210322 195600;8.507750;8.514350;8.507550;8.511730;0
20210322 195700;8.511920;8.512230;8.508920;8.509820;0
20210322 195800;8.509720;8.510430;8.506620;8.507320;0
20210322 195900;8.507420;8.508320;8.500620;8.502620;0
20210322 200000;8.500620;8.504300;8.500370;8.503130;0
20210322 200100;8.503130;8.505150;8.502940;8.504540;0
20210322 200200;8.503730;8.505480;8.503730;8.504810;0
20210322 200300;8.505060;8.505730;8.503370;8.505190;0
20210322 200400;8.504460;8.506040;8.502950;8.503450;0
20210322 200500;8.503270;8.504480;8.501120;8.501800;0
20210322 200600;8.501920;8.502630;8.501020;8.501040;0
20210322 200700;8.501030;8.503540;8.500940;8.502490;0
20210322 200800;8.503040;8.503500;8.501540;8.502270;0
20210322 200900;8.502270;8.503110;8.501520;8.501880;0
20210322 201000;8.502180;8.503860;8.501880;8.502860;0
20210322 201100;8.503230;8.504010;8.501950;8.501950;0
20210322 201200;8.501980;8.504650;8.501880;8.504650;0
20210322 201300;8.504660;8.504660;8.502230;8.502850;0
20210322 201400;8.502820;8.504650;8.502600;8.504170;0
20210322 201500;8.504140;8.505770;8.504000;8.504680;0
20210322 201600;8.504940;8.505700;8.504000;8.504000;0
20210322 201700;8.504140;8.505120;8.503740;8.503740;0
20210322 201800;8.504110;8.505150;8.503450;8.504950;0
20210322 201900;8.504960;8.505360;8.504100;8.504490;0
20210322 202000;8.504400;8.505020;8.503910;8.504690;0
20210322 202100;8.504530;8.508570;8.503750;8.508570;0
20210322 202200;8.508570;8.510050;8.506820;8.507810;0
20210322 202300;8.507770;8.509020;8.506220;8.509020;0
20210322 202400;8.509120;8.509620;8.506720;8.506890;0
20210322 202500;8.507120;8.508220;8.506570;8.507370;0
20210322 202600;8.507160;8.508020;8.506190;8.507580;0
20210322 202700;8.508090;8.508630;8.506630;8.506960;0
20210322 202800;8.507030;8.507110;8.502020;8.504550;0
20210322 202900;8.504520;8.504740;8.503950;8.503950;0
20210322 203000;8.503990;8.508110;8.502530;8.506690;0
20210322 203100;8.508210;8.508770;8.504520;8.507130;0
20210322 203200;8.507120;8.507940;8.504820;8.505520;0
20210322 203300;8.505530;8.510570;8.503620;8.510570;0
20210322 203400;8.510540;8.512920;8.509920;8.512110;0
20210322 203500;8.512100;8.512760;8.508030;8.509510;0
20210322 203600;8.509510;8.509720;8.505720;8.506830;0
20210322 203700;8.506720;8.509560;8.506120;8.508870;0
20210322 203800;8.507710;8.511510;8.506820;8.508470;0
20210322 203900;8.508470;8.509720;8.506220;8.508270;0
20210322 204000;8.508210;8.508890;8.506420;8.508610;0
20210322 204100;8.508120;8.511150;8.507110;8.509900;0
20210322 204200;8.509800;8.512490;8.509730;8.511700;0
20210322 204300;8.511740;8.513990;8.510340;8.513370;0
20210322 204400;8.513380;8.513970;8.511480;8.512620;0
20210322 204500;8.512650;8.513440;8.511600;8.512590;0
20210322 204600;8.512300;8.514050;8.511920;8.513810;0
20210322 204700;8.513970;8.515060;8.513480;8.514110;0
20210322 204800;8.513970;8.515120;8.513820;8.514720;0
20210322 204900;8.514720;8.515630;8.514270;8.515210;0
20210322 205000;8.515280;8.515960;8.514510;8.515180;0
20210322 205100;8.515240;8.517620;8.514720;8.517540;0
20210322 205200;8.517400;8.518870;8.516910;8.517640;0
20210322 205300;8.517630;8.520530;8.515940;8.517690;0
20210322 205400;8.517640;8.518110;8.515490;8.515790;0
20210322 205500;8.515790;8.516170;8.515050;8.515390;0
20210322 205600;8.515150;8.516380;8.514310;8.515600;0
20210322 205700;8.515550;8.515800;8.514860;8.514890;0
20210322 205800;8.514990;8.516480;8.514990;8.515210;0
20210322 205900;8.515640;8.516630;8.515410;8.516170;0
20210322 210000;8.515890;8.517990;8.515490;8.517570;0
20210322 210100;8.517570;8.519250;8.516840;8.518340;0
20210322 210200;8.518290;8.518290;8.515660;8.517060;0
20210322 210300;8.517100;8.518530;8.516520;8.517400;0
20210322 210400;8.517620;8.517630;8.515500;8.515630;0
20210322 210500;8.515930;8.516880;8.514190;8.514270;0
20210322 210600;8.514490;8.516000;8.514220;8.515580;0
20210322 210700;8.515510;8.517110;8.515400;8.516360;0
20210322 210800;8.516020;8.517710;8.515590;8.517470;0
20210322 210900;8.517470;8.521730;8.516430;8.517070;0
20210322 211000;8.517100;8.520040;8.514630;8.515370;0
20210322 211100;8.515350;8.520050;8.514620;8.515450;0
20210322 211200;8.515340;8.517030;8.514870;8.515230;0
20210322 211300;8.515220;8.522950;8.515220;8.516870;0
20210322 211400;8.517180;8.523030;8.516290;8.516900;0
20210322 211500;8.517280;8.517420;8.515710;8.515870;0
20210322 211600;8.515870;8.521360;8.515870;8.517330;0
20210322 211700;8.517320;8.520060;8.517140;8.518150;0
20210322 211800;8.518380;8.521380;8.517700;8.519580;0
20210322 211900;8.519580;8.521020;8.519090;8.520920;0
20210322 212000;8.521130;8.521840;8.519540;8.520380;0
20210322 212100;8.520370;8.521160;8.519130;8.519730;0
20210322 212200;8.519350;8.522060;8.519170;8.520660;0
20210322 212300;8.520220;8.522810;8.518450;8.521440;0
20210322 212400;8.521350;8.523260;8.521320;8.522230;0
20210322 212500;8.521900;8.522850;8.520950;8.522250;0
20210322 212600;8.522150;8.523250;8.520740;8.522760;0
20210322 212700;8.522720;8.525020;8.522200;8.524050;0
20210322 212800;8.523950;8.524950;8.522530;8.524650;0
20210322 212900;8.524720;8.525440;8.523510;8.523910;0
20210322 213000;8.524130;8.528750;8.523730;8.527850;0
20210322 213100;8.527760;8.528350;8.526130;8.527660;0
20210322 213200;8.527450;8.529230;8.526930;8.528920;0
20210322 213300;8.528510;8.529810;8.527620;8.528350;0
20210322 213400;8.528530;8.528770;8.527660;8.528710;0
20210322 213500;8.528920;8.529220;8.527930;8.528510;0
20210322 213600;8.529000;8.530260;8.527820;8.528430;0
20210322 213700;8.528480;8.528690;8.526180;8.526760;0
20210322 213800;8.526950;8.527090;8.525980;8.526310;0
20210322 213900;8.526310;8.526990;8.525680;8.525950;0
20210322 214000;8.526170;8.526400;8.524020;8.524170;0
20210322 214100;8.524470;8.526090;8.523950;8.524460;0
20210322 214200;8.524460;8.526710;8.524270;8.526140;0
20210322 214300;8.526130;8.526290;8.525350;8.525830;0
20210322 214400;8.526000;8.527270;8.525500;8.526980;0
20210322 214500;8.526980;8.528440;8.526450;8.527390;0
20210322 214600;8.527390;8.528470;8.527240;8.528300;0
20210322 214700;8.528300;8.529380;8.527750;8.529160;0
20210322 214800;8.529490;8.530860;8.528690;8.530430;0
20210322 214900;8.530260;8.530420;8.528090;8.529110;0
20210322 215000;8.529100;8.529610;8.528330;8.529270;0
20210322 215100;8.529270;8.529560;8.527800;8.528950;0
20210322 215200;8.528900;8.529080;8.528200;8.528450;0
20210322 215300;8.528500;8.529880;8.528010;8.529880;0
20210322 215400;8.529870;8.530140;8.529160;8.529730;0
20210322 215500;8.529900;8.530030;8.528860;8.529430;0
20210322 215600;8.529430;8.530400;8.529250;8.529930;0
20210322 215700;8.529910;8.530280;8.527320;8.529240;0
20210322 215800;8.529250;8.529490;8.528350;8.529030;0
20210322 215900;8.528750;8.529350;8.528280;8.528750;0
20210322 220000;8.528690;8.529140;8.527980;8.528920;0
20210322 220100;8.528590;8.530720;8.528420;8.530470;0
20210322 220200;8.530470;8.530950;8.529900;8.530290;0
20210322 220300;8.530620;8.531340;8.529060;8.529180;0
20210322 220400;8.529220;8.530510;8.528960;8.529140;0
20210322 220500;8.529140;8.529720;8.528040;8.528350;0
20210322 220600;8.528260;8.529180;8.528100;8.528970;0
20210322 220700;8.528830;8.529940;8.528810;8.529350;0
20210322 220800;8.529370;8.530200;8.529050;8.529950;0
20210322 220900;8.529730;8.530680;8.529110;8.529400;0
20210322 221000;8.529640;8.530130;8.529110;8.529550;0
20210322 221100;8.529550;8.530240;8.529140;8.529580;0
20210322 221200;8.529260;8.530710;8.529190;8.530450;0
20210322 221300;8.530310;8.530790;8.529750;8.530390;0
20210322 221400;8.530590;8.531230;8.529970;8.531230;0
20210322 221500;8.531230;8.531230;8.530180;8.530730;0
20210322 221600;8.530670;8.530860;8.529850;8.530150;0
20210322 221700;8.530150;8.530920;8.529230;8.529980;0
20210322 221800;8.529960;8.530220;8.529140;8.529730;0
20210322 221900;8.529730;8.530500;8.529270;8.530050;0
20210322 222000;8.530040;8.530370;8.529430;8.530000;0
20210322 222100;8.529870;8.530510;8.529350;8.530110;0
20210322 222200;8.530300;8.531000;8.529980;8.530440;0
20210322 222300;8.530670;8.530810;8.529980;8.530560;0
20210322 222400;8.530570;8.530600;8.529560;8.530040;0
20210322 222500;8.530210;8.530490;8.529620;8.530030;0
20210322 222600;8.530030;8.530350;8.527680;8.527830;0
20210322 222700;8.527720;8.528420;8.527050;8.527410;0
20210322 222800;8.527310;8.528950;8.526380;8.526990;0
20210322 222900;8.526780;8.527280;8.526110;8.526170;0
20210322 223000;8.526170;8.527090;8.526080;8.526370;0
20210322 223100;8.526500;8.527070;8.526160;8.526330;0
20210322 223200;8.526330;8.527010;8.526270;8.526560;0
20210322 223300;8.526570;8.527580;8.526220;8.526770;0
20210322 223400;8.527230;8.527720;8.526510;8.527720;0
20210322 223500;8.527680;8.528340;8.527220;8.528010;0
20210322 223600;8.528010;8.528430;8.527640;8.527770;0
20210322 223700;8.527860;8.528300;8.526990;8.527210;0
20210322 223800;8.527220;8.527430;8.526440;8.526670;0
20210322 223900;8.526670;8.527640;8.526260;8.527450;0
20210322 224000;8.527340;8.527910;8.526790;8.526790;0
20210322 224100;8.527000;8.527000;8.526860;8.526860;0
20210322 224200;8.527000;8.527910;8.526960;8.527310;0
20210322 224300;8.527210;8.527890;8.526850;8.527770;0
20210322 224400;8.527200;8.528550;8.527140;8.527560;0
20210322 224500;8.527560;8.528330;8.527090;8.527620;0
20210322 224600;8.527580;8.527710;8.526930;8.527370;0
20210322 224700;8.527280;8.527700;8.526370;8.527270;0
20210322 224800;8.527510;8.528420;8.527090;8.527880;0
20210322 224900;8.527900;8.528370;8.526900;8.527360;0
20210322 225000;8.527530;8.527670;8.526920;8.527560;0
20210322 225100;8.527560;8.528090;8.527140;8.527540;0
20210322 225200;8.527760;8.528180;8.527070;8.527280;0
20210322 225300;8.527380;8.527660;8.525930;8.526320;0
20210322 225400;8.526410;8.526670;8.525890;8.526470;0
20210322 225500;8.526180;8.527130;8.525720;8.525980;0
20210322 225600;8.526070;8.526070;8.525450;8.525730;0
20210322 225700;8.525720;8.526150;8.524180;8.524270;0
20210322 225800;8.524290;8.525590;8.524290;8.525460;0
20210322 225900;8.525320;8.525360;8.524220;8.524310;0
20210322 230000;8.524470;8.524590;8.509220;8.519080;0
20210322 230100;8.519070;8.521590;8.519060;8.521270;0
20210322 230200;8.521280;8.522890;8.521100;8.521570;0
20210322 230300;8.521560;8.522240;8.520590;8.521020;0
20210322 230400;8.521030;8.521640;8.520590;8.521280;0
20210322 230500;8.521280;8.522070;8.520170;8.520790;0
20210322 230600;8.520790;8.521780;8.520090;8.520360;0
20210322 230700;8.520360;8.521190;8.520230;8.520480;0
20210322 230800;8.520340;8.521120;8.519960;8.520880;0
20210322 230900;8.520880;8.521260;8.520080;8.521110;0
20210322 231000;8.520970;8.521270;8.519340;8.520640;0
20210322 231100;8.520650;8.520650;8.520380;8.520510;0
20210322 231200;8.520590;8.521650;8.520410;8.521320;0
20210322 231300;8.521330;8.522310;8.520650;8.521090;0
20210322 231400;8.521100;8.521920;8.520500;8.520670;0
20210322 231500;8.520770;8.521770;8.520520;8.521250;0
20210322 231600;8.521610;8.521650;8.519870;8.520690;0
20210322 231700;8.520750;8.521770;8.520240;8.521100;0
20210322 231800;8.520900;8.524980;8.520390;8.521040;0
20210322 231900;8.521060;8.521510;8.519400;8.520000;0
20210322 232000;8.520040;8.520830;8.520030;8.520180;0
20210322 232100;8.519990;8.521360;8.519990;8.520950;0
20210322 232200;8.520920;8.522310;8.520590;8.521540;0
20210322 232300;8.521630;8.522310;8.520310;8.521730;0
20210322 232400;8.521730;8.524080;8.520690;8.522890;0
20210322 232500;8.522900;8.524400;8.522130;8.523240;0
20210322 232600;8.523230;8.528870;8.523230;8.528870;0
20210322 232700;8.528870;8.531540;8.528200;8.530010;0
20210322 232800;8.530010;8.531290;8.530010;8.531160;0
20210322 232900;8.531000;8.532270;8.530670;8.531650;0
20210322 233000;8.531710;8.532830;8.531690;8.532580;0
20210322 233100;8.532380;8.532930;8.532060;8.532620;0
20210322 233200;8.532570;8.532760;8.532340;8.532730;0
20210322 233300;8.532700;8.532810;8.532260;8.532730;0
20210322 233400;8.533180;8.534780;8.532760;8.533540;0
20210322 233500;8.533510;8.534620;8.532870;8.534260;0
20210322 233600;8.534350;8.534420;8.532970;8.533520;0
20210322 233700;8.533370;8.534300;8.532430;8.533260;0
20210322 233800;8.533410;8.533490;8.532680;8.532920;0
20210322 233900;8.532800;8.532800;8.531880;8.532180;0
20210322 234000;8.532310;8.533260;8.532240;8.532970;0
20210322 234100;8.533030;8.534440;8.532780;8.533620;0
20210322 234200;8.533620;8.534250;8.533620;8.533760;0
20210322 234300;8.533810;8.533980;8.533550;8.533700;0
20210322 234400;8.533570;8.534270;8.533370;8.533810;0
20210322 234500;8.533860;8.535010;8.533720;8.534790;0
20210322 234600;8.534840;8.535510;8.534530;8.534970;0
20210322 234700;8.535000;8.537190;8.534660;8.535560;0
20210322 234800;8.535650;8.536370;8.535270;8.536370;0
20210322 234900;8.536550;8.537610;8.536410;8.536950;0
20210322 235000;8.536800;8.537160;8.531340;8.532720;0
20210322 235100;8.532760;8.535310;8.532760;8.535310;0
20210322 235200;8.535120;8.535910;8.534730;8.535160;0
20210322 235300;8.535160;8.536030;8.534690;8.535170;0
20210322 235400;8.535370;8.535370;8.530430;8.532000;0
20210322 235500;8.531660;8.532530;8.531450;8.531860;0
20210322 235600;8.531930;8.533720;8.531620;8.533720;0
20210322 235700;8.533730;8.535280;8.532520;8.534030;0
20210322 235800;8.534080;8.535410;8.532880;8.533500;0
20210322 235900;8.534210;8.535930;8.533410;8.535570;0
20210323 000000;8.535560;8.536710;8.534680;8.536400;0
20210323 000100;8.536260;8.536940;8.535910;8.536140;0
20210323 000200;8.536180;8.538270;8.535650;8.537630;0
20210323 000300;8.537780;8.538370;8.537410;8.538310;0
20210323 000400;8.538450;8.539720;8.536760;8.538350;0
20210323 000500;8.538350;8.538910;8.536730;8.537690;0
20210323 000600;8.537560;8.538990;8.536350;8.536950;0
20210323 000700;8.536790;8.537620;8.535610;8.535770;0
20210323 000800;8.535840;8.536800;8.535680;8.536310;0
20210323 000900;8.536490;8.536830;8.536140;8.536330;0
20210323 001000;8.536120;8.536480;8.535340;8.535610;0
20210323 001100;8.535610;8.536920;8.535460;8.536920;0
20210323 001200;8.536900;8.537410;8.536760;8.537280;0
20210323 001300;8.537420;8.538880;8.537300;8.538280;0
20210323 001400;8.538280;8.538750;8.538190;8.538420;0
20210323 001500;8.538420;8.539810;8.538420;8.539670;0
20210323 001600;8.539670;8.540070;8.539170;8.539900;0
20210323 001700;8.539690;8.539690;8.538930;8.539200;0
20210323 001800;8.539200;8.545000;8.538920;8.544230;0
20210323 001900;8.544240;8.545140;8.543750;8.544430;0
20210323 002000;8.544420;8.544420;8.532830;8.534410;0
20210323 002100;8.534590;8.534630;8.532480;8.534260;0
20210323 002200;8.534150;8.542480;8.533800;8.541610;0
20210323 002300;8.541610;8.542720;8.541430;8.542370;0
20210323 002400;8.542360;8.543020;8.538400;8.539830;0
20210323 002500;8.539830;8.541940;8.539060;8.541940;0
20210323 002600;8.541790;8.545590;8.540780;8.544130;0
20210323 002700;8.543920;8.547570;8.543920;8.547310;0
20210323 002800;8.547280;8.547280;8.544170;8.544950;0
20210323 002900;8.544800;8.546080;8.544800;8.545320;0
20210323 003000;8.545550;8.546270;8.545000;8.545800;0
20210323 003100;8.545770;8.545900;8.543130;8.545590;0
20210323 003200;8.545320;8.545860;8.544630;8.545370;0
20210323 003300;8.545220;8.545810;8.544220;8.545030;0
20210323 003400;8.545260;8.545650;8.544580;8.545400;0
20210323 003500;8.545260;8.546310;8.545200;8.545830;0
20210323 003600;8.546080;8.547220;8.545490;8.546900;0
20210323 003700;8.546900;8.550320;8.546880;8.548110;0
20210323 003800;8.548050;8.548700;8.547600;8.547910;0
20210323 003900;8.547900;8.548300;8.547070;8.547070;0
20210323 004000;8.547210;8.547490;8.546430;8.546650;0
20210323 004100;8.546640;8.546960;8.545570;8.546680;0
20210323 004200;8.546680;8.546920;8.546320;8.546920;0
20210323 004300;8.546770;8.546780;8.545820;8.545850;0
20210323 004400;8.545700;8.545700;8.544290;8.544430;0
20210323 004500;8.544560;8.546720;8.543980;8.546370;0
20210323 004600;8.546350;8.546350;8.544620;8.545190;0
20210323 004700;8.545470;8.546030;8.544660;8.545090;0
20210323 004800;8.545030;8.545940;8.544490;8.545270;0
20210323 004900;8.545530;8.546410;8.544460;8.545650;0
20210323 005000;8.545450;8.545870;8.544710;8.545790;0
20210323 005100;8.545650;8.545890;8.544570;8.545650;0
20210323 005200;8.545670;8.545770;8.544480;8.544550;0
20210323 005300;8.544880;8.545430;8.543870;8.544800;0
20210323 005400;8.544650;8.544680;8.543840;8.544460;0
20210323 005500;8.544680;8.544820;8.544270;8.544620;0
20210323 005600;8.544560;8.544960;8.544560;8.544960;0
20210323 005700;8.544750;8.544750;8.543610;8.544440;0
20210323 005800;8.544520;8.544850;8.542300;8.542800;0
20210323 005900;8.542620;8.543970;8.542220;8.543370;0
20210323 010000;8.543160;8.545240;8.543160;8.544880;0
20210323 010100;8.544670;8.544780;8.544030;8.544710;0
20210323 010200;8.544630;8.544630;8.543810;8.543950;0
20210323 010300;8.543670;8.543910;8.543610;8.543740;0
20210323 010400;8.543880;8.545540;8.543880;8.545540;0
20210323 010500;8.545480;8.545900;8.545480;8.545750;0
20210323 010600;8.545820;8.547940;8.545820;8.547000;0
20210323 010700;8.546930;8.546930;8.545900;8.545950;0
20210323 010800;8.545740;8.545740;8.545030;8.545030;0
20210323 010900;8.544960;8.544960;8.539620;8.540750;0
20210323 011000;8.540880;8.542850;8.540880;8.542080;0
20210323 011100;8.542410;8.542410;8.541560;8.542340;0
20210323 011200;8.542900;8.543630;8.542410;8.543630;0
20210323 011300;8.543460;8.544610;8.543220;8.544170;0
20210323 011400;8.544220;8.548900;8.544220;8.548510;0
20210323 011500;8.548650;8.548860;8.548080;8.548160;0
20210323 011600;8.548290;8.548650;8.547600;8.547960;0
20210323 011700;8.547810;8.548850;8.547680;8.548480;0
20210323 011800;8.548630;8.548770;8.548120;8.548340;0
20210323 011900;8.548410;8.548830;8.547960;8.548570;0
20210323 012000;8.548720;8.549090;8.548720;8.549070;0
20210323 012100;8.548930;8.549170;8.546460;8.547410;0
20210323 012200;8.547910;8.548380;8.547310;8.547610;0
20210323 012300;8.547670;8.547900;8.545930;8.547210;0
20210323 012400;8.547290;8.547390;8.546760;8.546760;0
20210323 012500;8.546830;8.547280;8.544620;8.544690;0
20210323 012600;8.544700;8.544700;8.543810;8.544300;0
20210323 012700;8.544170;8.544170;8.532690;8.535390;0
20210323 012800;8.535390;8.541460;8.533340;8.536900;0
20210323 012900;8.537030;8.540420;8.536750;8.539730;0
20210323 013000;8.539700;8.541230;8.539380;8.541220;0
20210323 013100;8.540770;8.540780;8.540190;8.540590;0
20210323 013200;8.540520;8.540880;8.540040;8.540040;0
20210323 013300;8.540040;8.540040;8.539970;8.539970;0
20210323 013400;8.540120;8.540120;8.539250;8.540040;0
20210323 013500;8.540260;8.540260;8.538610;8.539800;0
20210323 013600;8.539020;8.540480;8.536040;8.536780;0
20210323 013700;8.536400;8.536400;8.534910;8.534950;0
20210323 013800;8.534990;8.535720;8.534710;8.535230;0
20210323 013900;8.535140;8.539180;8.533030;8.533030;0
20210323 014000;8.533020;8.535230;8.531630;8.533360;0
20210323 014100;8.533520;8.536400;8.533520;8.536350;0
20210323 014200;8.536510;8.541240;8.536290;8.539020;0
20210323 014300;8.538370;8.538370;8.536540;8.537840;0
20210323 014400;8.537770;8.540720;8.537500;8.540640;0
20210323 014500;8.540710;8.541350;8.540640;8.541100;0
20210323 014600;8.541030;8.541030;8.540360;8.540720;0
20210323 014700;8.540650;8.541010;8.540380;8.540380;0
20210323 014800;8.540170;8.540170;8.540020;8.540020;0
20210323 014900;8.539740;8.539740;8.538920;8.539050;0
20210323 015000;8.539120;8.539120;8.538840;8.538860;0
20210323 015100;8.538720;8.539090;8.538720;8.538870;0
20210323 015200;8.538870;8.538870;8.536460;8.537010;0
20210323 015300;8.536860;8.537190;8.535870;8.536290;0
20210323 015400;8.536520;8.536940;8.536520;8.536650;0
20210323 015500;8.536800;8.537070;8.534720;8.535460;0
20210323 015600;8.535660;8.536700;8.535150;8.535280;0
20210323 015700;8.535210;8.535710;8.534970;8.535140;0
20210323 015800;8.535070;8.535110;8.533720;8.534060;0
20210323 015900;8.534090;8.534770;8.530370;8.531070;0
20210323 020000;8.531080;8.533110;8.531080;8.531900;0
20210323 020100;8.531640;8.531640;8.530890;8.531030;0
20210323 020200;8.531080;8.531080;8.529850;8.530470;0
20210323 020300;8.530490;8.530740;8.528340;8.528340;0
20210323 020400;8.528200;8.530910;8.503030;8.525030;0
20210323 020500;8.525240;8.525240;8.519380;8.524660;0
20210323 020600;8.524510;8.530130;8.524510;8.525870;0
20210323 020700;8.525820;8.526320;8.525720;8.526130;0
20210323 020800;8.526240;8.526280;8.523510;8.524520;0
20210323 020900;8.524550;8.527540;8.524550;8.527430;0
20210323 021000;8.527500;8.528530;8.525240;8.525240;0
20210323 021100;8.525320;8.526790;8.520700;8.522050;0
20210323 021200;8.522260;8.522260;8.518130;8.518380;0
20210323 021300;8.518360;8.518360;8.512900;8.512900;0
20210323 021400;8.512490;8.514500;8.510550;8.510640;0
20210323 021500;8.510490;8.514530;8.510490;8.514530;0
20210323 021600;8.514560;8.514650;8.512440;8.513230;0
20210323 021700;8.513190;8.513320;8.508070;8.511200;0
20210323 021800;8.511210;8.511760;8.509800;8.509800;0
20210323 021900;8.509780;8.510590;8.509610;8.510530;0
20210323 022000;8.510590;8.514510;8.507030;8.513840;0
20210323 022100;8.513840;8.516260;8.513580;8.514750;0
20210323 022200;8.514750;8.514760;8.513190;8.513190;0
20210323 022300;8.513140;8.513550;8.512630;8.513260;0
20210323 022400;8.513270;8.513440;8.508760;8.509110;0
20210323 022500;8.509070;8.513550;8.508550;8.510780;0
20210323 022600;8.510780;8.513860;8.510130;8.511390;0
20210323 022700;8.511430;8.513470;8.510570;8.511670;0
20210323 022800;8.511560;8.511580;8.509020;8.509710;0
20210323 022900;8.509730;8.510730;8.509540;8.510720;0
20210323 023000;8.510870;8.512410;8.510270;8.510860;0
20210323 023100;8.510720;8.510720;8.509540;8.510080;0
20210323 023200;8.510090;8.511110;8.502500;8.511100;0
20210323 023300;8.511380;8.511530;8.507110;8.507110;0
20210323 023400;8.507160;8.508660;8.504020;8.507990;0
20210323 023500;8.508050;8.509650;8.508050;8.509650;0
20210323 023600;8.509580;8.513110;8.509100;8.512430;0
20210323 023700;8.512310;8.514320;8.511750;8.511860;0
20210323 023800;8.511890;8.514630;8.511430;8.514610;0
20210323 023900;8.514810;8.521490;8.514810;8.520840;0
20210323 024000;8.520780;8.525620;8.520530;8.525620;0
20210323 024100;8.525620;8.526230;8.523040;8.525300;0
20210323 024200;8.525300;8.525850;8.520410;8.520990;0
20210323 024300;8.521070;8.523380;8.517840;8.522990;0
20210323 024400;8.522990;8.522990;8.520040;8.522380;0
20210323 024500;8.522470;8.523130;8.521680;8.522690;0
20210323 024600;8.522640;8.525200;8.522620;8.524220;0
20210323 024700;8.524120;8.524190;8.520290;8.520290;0
20210323 024800;8.520300;8.523520;8.520300;8.521030;0
20210323 024900;8.521190;8.523670;8.521190;8.523520;0
20210323 025000;8.523430;8.530630;8.523430;8.529610;0
20210323 025100;8.529530;8.529530;8.525060;8.526560;0
20210323 025200;8.526580;8.530760;8.526320;8.530740;0
20210323 025300;8.530790;8.531600;8.528030;8.529140;0
20210323 025400;8.529140;8.529140;8.527380;8.527760;0
20210323 025500;8.527780;8.529960;8.527740;8.529390;0
20210323 025600;8.529390;8.534980;8.529390;8.531760;0
20210323 025700;8.531760;8.531760;8.527310;8.527520;0
20210323 025800;8.527420;8.529330;8.526450;8.529260;0
20210323 025900;8.529260;8.533000;8.528730;8.530120;0
20210323 030000;8.529980;8.535590;8.528130;8.535440;0
20210323 030100;8.535320;8.537270;8.534310;8.536080;0
20210323 030200;8.536200;8.538640;8.533270;8.536160;0
20210323 030300;8.536130;8.542720;8.535920;8.540680;0
20210323 030400;8.540820;8.542820;8.540140;8.540580;0
20210323 030500;8.540560;8.544770;8.540340;8.543930;0
20210323 030600;8.544010;8.547150;8.542510;8.546500;0
20210323 030700;8.546970;8.547330;8.543010;8.544580;0
20210323 030800;8.544580;8.544930;8.543010;8.544280;0
20210323 030900;8.544300;8.544890;8.540560;8.544550;0
20210323 031000;8.544640;8.545310;8.537890;8.538460;0
20210323 031100;8.538550;8.541690;8.538550;8.539320;0
20210323 031200;8.539190;8.539190;8.534050;8.534430;0
20210323 031300;8.534400;8.540470;8.534060;8.536750;0
20210323 031400;8.537140;8.541810;8.537030;8.541500;0
20210323 031500;8.541630;8.542800;8.540130;8.541830;0
20210323 031600;8.541820;8.541820;8.538870;8.541330;0
20210323 031700;8.541430;8.543900;8.541430;8.542840;0
20210323 031800;8.542860;8.544830;8.539440;8.539920;0
20210323 031900;8.540050;8.542470;8.538760;8.539250;0
20210323 032000;8.539250;8.541090;8.539250;8.539530;0
20210323 032100;8.539620;8.539860;8.534310;8.534310;0
20210323 032200;8.534350;8.534640;8.528600;8.529480;0
20210323 032300;8.529120;8.529300;8.527090;8.527440;0
20210323 032400;8.527580;8.531370;8.527580;8.529630;0
20210323 032500;8.529640;8.536350;8.529640;8.535870;0
20210323 032600;8.535800;8.538200;8.535670;8.538190;0
20210323 032700;8.538190;8.543250;8.537990;8.539740;0
20210323 032800;8.539670;8.541530;8.537820;8.541530;0
20210323 032900;8.541470;8.546800;8.541440;8.542270;0
20210323 033000;8.542270;8.548370;8.542080;8.547680;0
20210323 033100;8.547670;8.552110;8.547490;8.551330;0
20210323 033200;8.551450;8.551610;8.547770;8.548150;0
20210323 033300;8.548150;8.550150;8.547620;8.550070;0
20210323 033400;8.549990;8.551160;8.547660;8.549900;0
20210323 033500;8.549900;8.550360;8.548090;8.548200;0
20210323 033600;8.548310;8.548500;8.546350;8.547400;0
20210323 033700;8.547440;8.547960;8.544800;8.546590;0
20210323 033800;8.546490;8.547730;8.544310;8.544370;0
20210323 033900;8.544380;8.545030;8.542700;8.542700;0
20210323 034000;8.542680;8.545180;8.542560;8.544540;0
20210323 034100;8.544780;8.547980;8.544780;8.547910;0
20210323 034200;8.547910;8.548620;8.547720;8.547770;0
20210323 034300;8.547850;8.548030;8.544220;8.545540;0
20210323 034400;8.545540;8.546150;8.544590;8.545170;0
20210323 034500;8.545030;8.546090;8.544600;8.545150;0
20210323 034600;8.545020;8.545960;8.543260;8.543260;0
20210323 034700;8.543270;8.547150;8.542450;8.546250;0
20210323 034800;8.546280;8.546320;8.543460;8.545260;0
20210323 034900;8.545260;8.546450;8.544850;8.545660;0
20210323 035000;8.545520;8.545700;8.542910;8.542910;0
20210323 035100;8.542990;8.544640;8.540310;8.541510;0
20210323 035200;8.541600;8.542820;8.541290;8.542520;0
20210323 035300;8.542660;8.543810;8.541810;8.542000;0
20210323 035400;8.541730;8.542880;8.541260;8.542170;0
20210323 035500;8.542030;8.543190;8.539550;8.540980;0
20210323 035600;8.540980;8.542230;8.538860;8.542230;0
20210323 035700;8.542150;8.545590;8.539310;8.539310;0
20210323 035800;8.539160;8.541890;8.538540;8.541880;0
20210323 035900;8.541890;8.541930;8.540670;8.541460;0
20210323 040000;8.541590;8.543890;8.540640;8.542370;0
20210323 040100;8.542330;8.542330;8.536700;8.536910;0
20210323 040200;8.536890;8.539040;8.536890;8.538460;0
20210323 040300;8.538460;8.538650;8.536580;8.537280;0
20210323 040400;8.537240;8.539770;8.536880;8.536880;0
20210323 040500;8.536900;8.540020;8.536900;8.539820;0
20210323 040600;8.539830;8.540680;8.538300;8.538610;0
20210323 040700;8.538640;8.541180;8.538550;8.541110;0
20210323 040800;8.541090;8.542750;8.540960;8.542430;0
20210323 040900;8.542230;8.542940;8.541950;8.541960;0
20210323 041000;8.541950;8.542090;8.540090;8.541600;0
20210323 041100;8.541730;8.542280;8.540960;8.541310;0
20210323 041200;8.541470;8.542790;8.539110;8.541840;0
20210323 041300;8.541830;8.544320;8.541830;8.543880;0
20210323 041400;8.543780;8.544570;8.543120;8.543400;0
20210323 041500;8.543370;8.544630;8.542920;8.544630;0
20210323 041600;8.544620;8.545130;8.543440;8.543520;0
20210323 041700;8.543730;8.545820;8.543030;8.544170;0
20210323 041800;8.544220;8.546140;8.542660;8.545890;0
20210323 041900;8.545870;8.548270;8.545870;8.546890;0
20210323 042000;8.546890;8.549630;8.546440;8.549630;0
20210323 042100;8.549620;8.551550;8.548600;8.548600;0
20210323 042200;8.548800;8.550440;8.548800;8.549470;0
20210323 042300;8.549470;8.552520;8.548880;8.551780;0
20210323 042400;8.551780;8.552850;8.551320;8.551990;0
20210323 042500;8.551990;8.552040;8.549570;8.550300;0
20210323 042600;8.550290;8.550380;8.545780;8.547830;0
20210323 042700;8.547830;8.549120;8.547720;8.548060;0
20210323 042800;8.548100;8.548250;8.545180;8.545220;0
20210323 042900;8.545350;8.546320;8.542050;8.543110;0
20210323 043000;8.543120;8.548550;8.542750;8.548000;0
20210323 043100;8.548100;8.549170;8.547510;8.548380;0
20210323 043200;8.548520;8.549640;8.547420;8.547610;0
20210323 043300;8.547990;8.552400;8.547990;8.549040;0
20210323 043400;8.549230;8.549510;8.547070;8.547660;0
20210323 043500;8.547600;8.548610;8.547110;8.548480;0
20210323 043600;8.548250;8.550000;8.548200;8.549420;0
20210323 043700;8.549430;8.551320;8.548070;8.550280;0
20210323 043800;8.550280;8.557390;8.550080;8.556930;0
20210323 043900;8.557070;8.560640;8.557070;8.560330;0
20210323 044000;8.560110;8.560510;8.557370;8.557370;0
20210323 044100;8.557370;8.557610;8.552320;8.555670;0
20210323 044200;8.555680;8.557670;8.555220;8.557260;0
20210323 044300;8.557110;8.559010;8.556030;8.558780;0
20210323 044400;8.558800;8.562020;8.557320;8.561600;0
20210323 044500;8.561820;8.562580;8.561690;8.561980;0
20210323 044600;8.561990;8.562000;8.557610;8.558680;0
20210323 044700;8.558690;8.558750;8.556900;8.557280;0
20210323 044800;8.557170;8.562270;8.556280;8.562230;0
20210323 044900;8.562300;8.562300;8.561040;8.561980;0
20210323 045000;8.561970;8.563820;8.561780;8.563820;0
20210323 045100;8.563950;8.566150;8.563750;8.564400;0
20210323 045200;8.564380;8.565950;8.564340;8.565940;0
20210323 045300;8.566030;8.566220;8.565050;8.566000;0
20210323 045400;8.565920;8.565920;8.560540;8.565530;0
20210323 045500;8.565530;8.565900;8.561920;8.563650;0
20210323 045600;8.563750;8.564330;8.560000;8.560160;0
20210323 045700;8.559900;8.563930;8.559660;8.563920;0
20210323 045800;8.563930;8.566560;8.563330;8.565290;0
20210323 045900;8.565200;8.569700;8.563070;8.569570;0
20210323 050000;8.569440;8.569740;8.565630;8.569340;0
20210323 050100;8.569270;8.571370;8.567450;8.570540;0
20210323 050200;8.570540;8.571220;8.564650;8.566550;0
20210323 050300;8.566340;8.567540;8.565690;8.566500;0
20210323 050400;8.566730;8.570320;8.566320;8.568370;0
20210323 050500;8.568380;8.568720;8.564920;8.565590;0
20210323 050600;8.565450;8.565480;8.561160;8.561990;0
20210323 050700;8.561930;8.565110;8.561930;8.562680;0
20210323 050800;8.562760;8.564590;8.560690;8.561050;0
20210323 050900;8.561060;8.563050;8.560460;8.562170;0
20210323 051000;8.562170;8.563010;8.561130;8.561850;0
20210323 051100;8.561840;8.562890;8.560270;8.562800;0
20210323 051200;8.562870;8.566380;8.562870;8.565580;0
20210323 051300;8.565580;8.566660;8.565340;8.566340;0
20210323 051400;8.566340;8.574170;8.566340;8.573780;0
20210323 051500;8.573670;8.575950;8.572070;8.573490;0
20210323 051600;8.573530;8.574200;8.572350;8.573740;0
20210323 051700;8.573800;8.576790;8.573550;8.576790;0
20210323 051800;8.578630;8.583980;8.578570;8.583840;0
20210323 051900;8.583760;8.583890;8.578600;8.578910;0
20210323 052000;8.578910;8.579590;8.576060;8.576060;0
20210323 052100;8.576210;8.576210;8.574100;8.575590;0
20210323 052200;8.575460;8.577070;8.574360;8.574930;0
20210323 052300;8.574930;8.574930;8.573340;8.573840;0
20210323 052400;8.573830;8.583760;8.573680;8.581900;0
20210323 052500;8.581890;8.586360;8.580710;8.582960;0
20210323 052600;8.582820;8.587720;8.581900;8.587720;0
20210323 052700;8.587730;8.588080;8.585540;8.585730;0
20210323 052800;8.585720;8.586160;8.580640;8.580850;0
20210323 052900;8.580630;8.580840;8.573900;8.575080;0
20210323 053000;8.575100;8.579770;8.573780;8.577440;0
20210323 053100;8.577660;8.578730;8.574730;8.575370;0
20210323 053200;8.575290;8.575400;8.573560;8.574060;0
20210323 053300;8.574070;8.578770;8.571510;8.578000;0
20210323 053400;8.578000;8.578740;8.574880;8.578740;0
20210323 053500;8.578670;8.584140;8.578670;8.583950;0
20210323 053600;8.583790;8.584800;8.582300;8.582750;0
20210323 053700;8.582670;8.583470;8.582030;8.582590;0
20210323 053800;8.582520;8.582530;8.576530;8.576690;0
20210323 053900;8.576600;8.585210;8.576600;8.582750;0
20210323 054000;8.582850;8.586720;8.582850;8.584180;0
20210323 054100;8.584170;8.586720;8.583150;8.586720;0
20210323 054200;8.586860;8.587360;8.585140;8.585300;0
20210323 054300;8.585320;8.585990;8.584000;8.585660;0
20210323 054400;8.585660;8.588060;8.585660;8.587430;0
20210323 054500;8.587430;8.587940;8.579940;8.579940;0
20210323 054600;8.579980;8.582050;8.576650;8.582050;0
20210323 054700;8.581900;8.581920;8.576900;8.577010;0
20210323 054800;8.577150;8.581300;8.577150;8.580320;0
20210323 054900;8.580310;8.580590;8.578350;8.578850;0
20210323 055000;8.578770;8.580630;8.578340;8.579860;0
20210323 055100;8.579790;8.579790;8.575040;8.575330;0
20210323 055200;8.575450;8.577620;8.572500;8.572500;0
20210323 055300;8.572550;8.572710;8.569610;8.570170;0
20210323 055400;8.570140;8.570730;8.569710;8.570730;0
20210323 055500;8.570670;8.572120;8.570000;8.570810;0
20210323 055600;8.570790;8.571250;8.569700;8.569790;0
20210323 055700;8.569760;8.569920;8.569340;8.569920;0
20210323 055800;8.569920;8.572530;8.569920;8.572330;0
20210323 055900;8.572300;8.572400;8.571010;8.572400;0
20210323 060000;8.572270;8.572820;8.571450;8.571520;0
20210323 060100;8.571480;8.572430;8.570700;8.572180;0
20210323 060200;8.572180;8.574070;8.572020;8.574070;0
20210323 060300;8.574230;8.578920;8.574230;8.578010;0
20210323 060400;8.577920;8.582360;8.577790;8.582090;0
20210323 060500;8.582150;8.582580;8.580040;8.580200;0
20210323 060600;8.580080;8.581470;8.576350;8.581300;0
20210323 060700;8.581300;8.583460;8.580260;8.581350;0
20210323 060800;8.581210;8.583670;8.581210;8.583090;0
20210323 060900;8.582940;8.583060;8.578970;8.579040;0
20210323 061000;8.579100;8.581340;8.579100;8.580190;0
20210323 061100;8.580340;8.584910;8.579600;8.583440;0
20210323 061200;8.583420;8.583830;8.580770;8.582200;0
20210323 061300;8.582200;8.585280;8.582140;8.585280;0
20210323 061400;8.585540;8.585700;8.578800;8.579050;0
20210323 061500;8.579080;8.579300;8.573250;8.574060;0
20210323 061600;8.573720;8.574480;8.573250;8.573760;0
20210323 061700;8.573640;8.573850;8.571740;8.572780;0
20210323 061800;8.573020;8.575770;8.571820;8.573760;0
20210323 061900;8.573750;8.575540;8.572270;8.575540;0
20210323 062000;8.575550;8.580120;8.575550;8.578230;0
20210323 062100;8.578230;8.579670;8.577450;8.579430;0
20210323 062200;8.579200;8.580080;8.577190;8.577630;0
20210323 062300;8.577630;8.579630;8.574470;8.574480;0
20210323 062400;8.574470;8.574470;8.572600;8.573420;0
20210323 062500;8.573380;8.575390;8.572090;8.575190;0
20210323 062600;8.575280;8.576660;8.574630;8.575960;0
20210323 062700;8.576010;8.578230;8.575710;8.577320;0
20210323 062800;8.577320;8.580690;8.577240;8.580400;0
20210323 062900;8.580410;8.580480;8.577620;8.577620;0
20210323 063000;8.577570;8.577580;8.570910;8.574680;0
20210323 063100;8.574470;8.574600;8.571730;8.573780;0
20210323 063200;8.573780;8.573800;8.572220;8.573790;0
20210323 063300;8.573780;8.576490;8.573530;8.575590;0
20210323 063400;8.575590;8.577950;8.575380;8.577010;0
20210323 063500;8.576500;8.577080;8.573000;8.573140;0
20210323 063600;8.573000;8.574200;8.571350;8.573670;0
20210323 063700;8.573670;8.577430;8.573670;8.577430;0
20210323 063800;8.577390;8.577390;8.570480;8.573080;0
20210323 063900;8.573100;8.573280;8.571130;8.571160;0
20210323 064000;8.571110;8.572700;8.571110;8.571270;0
20210323 064100;8.571260;8.571560;8.570290;8.570360;0
20210323 064200;8.570260;8.571690;8.568760;8.571140;0
20210323 064300;8.570930;8.574520;8.570930;8.572830;0
20210323 064400;8.572610;8.573220;8.570930;8.570930;0
20210323 064500;8.570900;8.572750;8.570520;8.570850;0
20210323 064600;8.570770;8.570970;8.568980;8.569400;0
20210323 064700;8.569330;8.569350;8.565480;8.565480;0
20210323 064800;8.565850;8.568930;8.565760;8.568250;0
20210323 064900;8.568140;8.569270;8.566990;8.567350;0
20210323 065000;8.567330;8.567330;8.565490;8.565840;0
20210323 065100;8.565980;8.566530;8.564230;8.564230;0
20210323 065200;8.564220;8.567300;8.563730;8.566190;0
20210323 065300;8.566280;8.570070;8.566280;8.568370;0
20210323 065400;8.568310;8.569630;8.567360;8.569630;0
20210323 065500;8.569790;8.573660;8.569790;8.572940;0
20210323 065600;8.573000;8.573050;8.570300;8.572650;0
20210323 065700;8.572650;8.573300;8.570360;8.570560;0
20210323 065800;8.570410;8.571160;8.567290;8.570850;0
20210323 065900;8.570860;8.576420;8.570560;8.572390;0
20210323 070000;8.572360;8.574500;8.568830;8.570130;0
20210323 070100;8.570070;8.573620;8.568410;8.570970;0
20210323 070200;8.571260;8.571260;8.569070;8.569180;0
20210323 070300;8.569410;8.574750;8.569410;8.572640;0
20210323 070400;8.572760;8.574670;8.572760;8.574630;0
20210323 070500;8.574850;8.575160;8.573520;8.573520;0
20210323 070600;8.573650;8.573870;8.572130;8.572130;0
20210323 070700;8.572090;8.576670;8.571520;8.575960;0
20210323 070800;8.575900;8.577260;8.575700;8.576890;0
20210323 070900;8.576880;8.576920;8.572530;8.573630;0
20210323 071000;8.573690;8.573690;8.568000;8.569940;0
20210323 071100;8.570120;8.571320;8.568480;8.571320;0
20210323 071200;8.571420;8.574550;8.570900;8.574550;0
20210323 071300;8.574550;8.575830;8.573940;8.574610;0
20210323 071400;8.574610;8.576220;8.572980;8.573200;0
20210323 071500;8.573070;8.576840;8.573070;8.573890;0
20210323 071600;8.573600;8.574020;8.570310;8.570770;0
20210323 071700;8.570900;8.575140;8.570100;8.572920;0
20210323 071800;8.572680;8.572880;8.571120;8.571740;0
20210323 071900;8.571660;8.571660;8.569970;8.571600;0
20210323 072000;8.571600;8.572880;8.568420;8.568640;0
20210323 072100;8.568510;8.569380;8.567580;8.567720;0
20210323 072200;8.567720;8.568370;8.565280;8.566700;0
20210323 072300;8.566670;8.566670;8.563690;8.564200;0
20210323 072400;8.564190;8.566430;8.563060;8.563060;0
20210323 072500;8.563060;8.564820;8.562010;8.562010;0
20210323 072600;8.562010;8.564500;8.561210;8.564070;0
20210323 072700;8.563930;8.565460;8.562750;8.562960;0
20210323 072800;8.563150;8.565020;8.563120;8.564030;0
20210323 072900;8.563850;8.564450;8.563330;8.564450;0
20210323 073000;8.564630;8.565390;8.563970;8.565160;0
20210323 073100;8.565070;8.567860;8.565070;8.567560;0
20210323 073200;8.567630;8.568750;8.566970;8.568700;0
20210323 073300;8.568700;8.568700;8.564900;8.565340;0
20210323 073400;8.565270;8.565420;8.562850;8.562990;0
20210323 073500;8.563070;8.566250;8.562820;8.565140;0
20210323 073600;8.565180;8.565540;8.564210;8.565420;0
20210323 073700;8.565590;8.565590;8.563600;8.564210;0
20210323 073800;8.564200;8.566000;8.563000;8.565850;0
20210323 073900;8.565710;8.565710;8.563080;8.564370;0
20210323 074000;8.564130;8.566020;8.564070;8.564070;0
20210323 074100;8.563650;8.563660;8.561710;8.562030;0
20210323 074200;8.562040;8.562540;8.560090;8.560090;0
20210323 074300;8.560170;8.562760;8.558820;8.559090;0
20210323 074400;8.559170;8.559240;8.556310;8.558020;0
20210323 074500;8.558170;8.558600;8.552690;8.552690;0
20210323 074600;8.552610;8.553800;8.551470;8.553420;0
20210323 074700;8.553270;8.554430;8.550660;8.550660;0
20210323 074800;8.550870;8.554790;8.550740;8.554640;0
20210323 074900;8.554790;8.554860;8.553750;8.554330;0
20210323 075000;8.554440;8.555520;8.554080;8.555470;0
20210323 075100;8.555290;8.555480;8.552980;8.553730;0
20210323 075200;8.553850;8.556590;8.552910;8.555950;0
20210323 075300;8.555940;8.561880;8.555720;8.558160;0
20210323 075400;8.558010;8.558770;8.557920;8.558560;0
20210323 075500;8.558610;8.558840;8.555070;8.555170;0
20210323 075600;8.555300;8.556310;8.552980;8.555570;0
20210323 075700;8.555560;8.555560;8.553580;8.554630;0
20210323 075800;8.554480;8.555480;8.553820;8.555480;0
20210323 075900;8.555480;8.566440;8.555480;8.566440;0
20210323 080000;8.566030;8.566030;8.556430;8.556480;0
20210323 080100;8.556310;8.557650;8.555430;8.555500;0
20210323 080200;8.555430;8.555720;8.554310;8.554810;0
20210323 080300;8.554920;8.555060;8.548000;8.554160;0
20210323 080400;8.554240;8.555330;8.554240;8.554620;0
20210323 080500;8.554640;8.558310;8.554640;8.558220;0
20210323 080600;8.558080;8.558340;8.557020;8.558000;0
20210323 080700;8.557980;8.560780;8.557680;8.560270;0
20210323 080800;8.560360;8.562000;8.560080;8.560450;0
20210323 080900;8.560520;8.561310;8.559930;8.560570;0
20210323 081000;8.560570;8.561020;8.559320;8.559600;0
20210323 081100;8.559580;8.560310;8.559400;8.560140;0
20210323 081200;8.560140;8.561530;8.560140;8.561530;0
20210323 081300;8.561520;8.565120;8.561520;8.565070;0
20210323 081400;8.565070;8.565070;8.562310;8.564860;0
20210323 081500;8.564800;8.565950;8.564280;8.565190;0
20210323 081600;8.565320;8.567640;8.565310;8.566550;0
20210323 081700;8.566630;8.566630;8.563770;8.564050;0
20210323 081800;8.564140;8.564400;8.562040;8.562550;0
20210323 081900;8.562670;8.563080;8.560980;8.561000;0
20210323 082000;8.561010;8.561140;8.559810;8.560750;0
20210323 082100;8.560750;8.565460;8.560750;8.561920;0
20210323 082200;8.561950;8.561970;8.559830;8.560040;0
20210323 082300;8.560030;8.560170;8.558000;8.558430;0
20210323 082400;8.558360;8.561590;8.558360;8.561560;0
20210323 082500;8.561560;8.563870;8.561560;8.563230;0
20210323 082600;8.563220;8.565570;8.562780;8.565060;0
20210323 082700;8.564930;8.568740;8.564920;8.568460;0
20210323 082800;8.568410;8.568410;8.563700;8.564420;0
20210323 082900;8.564920;8.570600;8.564850;8.566350;0
20210323 083000;8.566470;8.569410;8.564850;8.568320;0
20210323 083100;8.568370;8.573090;8.567780;8.570770;0
20210323 083200;8.570740;8.572570;8.568420;8.572420;0
20210323 083300;8.572430;8.573330;8.568660;8.573190;0
20210323 083400;8.573120;8.575480;8.572120;8.573620;0
20210323 083500;8.573630;8.575540;8.569300;8.569620;0
20210323 083600;8.569490;8.570160;8.566130;8.568760;0
20210323 083700;8.568480;8.569530;8.567110;8.567410;0
20210323 083800;8.567440;8.568030;8.565470;8.565690;0
20210323 083900;8.565520;8.568430;8.565000;8.565000;0
20210323 084000;8.564950;8.566930;8.564340;8.565720;0
20210323 084100;8.565790;8.567720;8.564330;8.566550;0
20210323 084200;8.566550;8.566550;8.563730;8.563750;0
20210323 084300;8.563830;8.565580;8.560880;8.561430;0
20210323 084400;8.561720;8.563050;8.559710;8.561780;0
20210323 084500;8.561890;8.565670;8.560850;8.565670;0
20210323 084600;8.565590;8.567880;8.565220;8.565220;0
20210323 084700;8.565100;8.565100;8.562110;8.563560;0
20210323 084800;8.563580;8.564860;8.563130;8.564320;0
20210323 084900;8.564400;8.568570;8.564400;8.568510;0
20210323 085000;8.568590;8.568900;8.567950;8.568490;0
20210323 085100;8.568520;8.569320;8.568030;8.568570;0
20210323 085200;8.568460;8.568560;8.565230;8.567430;0
20210323 085300;8.567310;8.573070;8.567310;8.570790;0
20210323 085400;8.570810;8.573740;8.569460;8.573510;0
20210323 085500;8.573450;8.574860;8.572600;8.574000;0
20210323 085600;8.574130;8.576360;8.573680;8.576130;0
20210323 085700;8.576120;8.576870;8.575660;8.576360;0
20210323 085800;8.576500;8.576890;8.575510;8.575560;0
20210323 085900;8.575380;8.575420;8.570710;8.571920;0
20210323 090000;8.571920;8.574140;8.571670;8.572510;0
20210323 090100;8.572510;8.578680;8.572510;8.578140;0
20210323 090200;8.578130;8.579880;8.574480;8.575680;0
20210323 090300;8.575670;8.576170;8.574710;8.575710;0
20210323 090400;8.575460;8.578520;8.575330;8.578170;0
20210323 090500;8.578120;8.583630;8.577910;8.583040;0
20210323 090600;8.583000;8.584170;8.581410;8.584160;0
20210323 090700;8.584180;8.584960;8.582780;8.583620;0
20210323 090800;8.583620;8.583960;8.576440;8.576770;0
20210323 090900;8.576650;8.576650;8.570780;8.570780;0
20210323 091000;8.570920;8.572930;8.568600;8.570060;0
20210323 091100;8.570070;8.573120;8.570070;8.571640;0
20210323 091200;8.571510;8.573320;8.571080;8.571080;0
20210323 091300;8.571080;8.571680;8.567100;8.567640;0
20210323 091400;8.567670;8.570500;8.563480;8.568120;0
20210323 091500;8.567970;8.568780;8.567570;8.568480;0
20210323 091600;8.568560;8.569210;8.564510;8.565290;0
20210323 091700;8.565290;8.565290;8.562490;8.564710;0
20210323 091800;8.564400;8.564520;8.558950;8.559080;0
20210323 091900;8.559220;8.562800;8.558870;8.562030;0
20210323 092000;8.562270;8.562300;8.557640;8.560250;0
20210323 092100;8.560300;8.563380;8.558560;8.558970;0
20210323 092200;8.559100;8.559560;8.557510;8.557510;0
20210323 092300;8.557580;8.558620;8.553310;8.555680;0
20210323 092400;8.555810;8.556280;8.554100;8.554300;0
20210323 092500;8.554470;8.557610;8.553620;8.556950;0
20210323 092600;8.556860;8.559250;8.556730;8.558280;0
20210323 092700;8.558240;8.561630;8.556450;8.560940;0
20210323 092800;8.560770;8.560770;8.557710;8.557910;0
20210323 092900;8.557870;8.558060;8.555550;8.557510;0
20210323 093000;8.557450;8.560580;8.556870;8.558450;0
20210323 093100;8.558450;8.558960;8.556990;8.557810;0
20210323 093200;8.557820;8.562810;8.557820;8.562240;0
20210323 093300;8.562380;8.565590;8.562380;8.565410;0
20210323 093400;8.565630;8.567530;8.565580;8.566260;0
20210323 093500;8.566120;8.567050;8.563800;8.566000;0
20210323 093600;8.565960;8.566930;8.563990;8.566150;0
20210323 093700;8.566000;8.566360;8.561690;8.562570;0
20210323 093800;8.562580;8.565040;8.562580;8.563910;0
20210323 093900;8.563850;8.565200;8.563120;8.563700;0
20210323 094000;8.563560;8.572280;8.562590;8.571670;0
20210323 094100;8.571650;8.573780;8.571230;8.573470;0
20210323 094200;8.573420;8.573670;8.567290;8.568850;0
20210323 094300;8.568780;8.568780;8.564920;8.566670;0
20210323 094400;8.566810;8.568140;8.566810;8.567540;0
20210323 094500;8.567610;8.569180;8.565990;8.566180;0
20210323 094600;8.566130;8.566720;8.564160;8.564660;0
20210323 094700;8.564660;8.566020;8.561890;8.565090;0
20210323 094800;8.565090;8.565090;8.561470;8.563850;0
20210323 094900;8.563850;8.564810;8.562100;8.563740;0
20210323 095000;8.563740;8.569780;8.563740;8.568310;0
20210323 095100;8.568370;8.571270;8.567560;8.567560;0
20210323 095200;8.567410;8.567930;8.560770;8.562060;0
20210323 095300;8.562120;8.562830;8.561220;8.561370;0
20210323 095400;8.561300;8.562370;8.558240;8.558970;0
20210323 095500;8.559000;8.561290;8.557790;8.557910;0
20210323 095600;8.557810;8.560640;8.557630;8.560040;0
20210323 095700;8.560030;8.562130;8.559500;8.560840;0
20210323 095800;8.560820;8.563190;8.560720;8.562800;0
20210323 095900;8.562660;8.562660;8.559440;8.559440;0
20210323 100000;8.559570;8.561570;8.557320;8.561120;0
20210323 100100;8.561120;8.561270;8.560060;8.560930;0
20210323 100200;8.561150;8.562170;8.560420;8.561780;0
20210323 100300;8.561620;8.562430;8.561050;8.562020;0
20210323 100400;8.561940;8.561940;8.556060;8.557780;0
20210323 100500;8.557990;8.558720;8.556070;8.556070;0
20210323 100600;8.556040;8.556090;8.555410;8.555610;0
20210323 100700;8.555470;8.555470;8.553580;8.553750;0
20210323 100800;8.553740;8.553950;8.551420;8.551570;0
20210323 100900;8.551590;8.552530;8.551170;8.552120;0
20210323 101000;8.552100;8.555930;8.550670;8.550670;0
20210323 101100;8.550680;8.554800;8.550680;8.554800;0
20210323 101200;8.554670;8.555880;8.553320;8.554770;0
20210323 101300;8.554770;8.554770;8.550850;8.551270;0
20210323 101400;8.551230;8.553190;8.550810;8.551030;0
20210323 101500;8.551240;8.552060;8.550230;8.552060;0
20210323 101600;8.552220;8.553500;8.552220;8.553420;0
20210323 101700;8.553500;8.553500;8.550460;8.550460;0
20210323 101800;8.550490;8.550490;8.547600;8.547680;0
20210323 101900;8.547770;8.550940;8.547760;8.550850;0
20210323 102000;8.550850;8.551560;8.548910;8.550630;0
20210323 102100;8.550590;8.550660;8.549460;8.550370;0
20210323 102200;8.550150;8.551450;8.549500;8.551370;0
20210323 102300;8.551370;8.552960;8.550660;8.550860;0
20210323 102400;8.550710;8.551700;8.548730;8.548940;0
20210323 102500;8.548950;8.549590;8.546460;8.546460;0
20210323 102600;8.546580;8.548510;8.546580;8.546960;0
20210323 102700;8.546970;8.548160;8.546740;8.547090;0
20210323 102800;8.547110;8.550790;8.547110;8.550690;0
20210323 102900;8.550450;8.553280;8.550450;8.552660;0
20210323 103000;8.552750;8.555020;8.552180;8.553500;0
20210323 103100;8.553450;8.555510;8.551610;8.555390;0
20210323 103200;8.555310;8.558260;8.554960;8.557500;0
20210323 103300;8.557600;8.559700;8.556360;8.558890;0
20210323 103400;8.558880;8.561300;8.557610;8.557890;0
20210323 103500;8.557930;8.558320;8.556570;8.557460;0
20210323 103600;8.557420;8.558990;8.556760;8.558540;0
20210323 103700;8.558650;8.560790;8.558160;8.560610;0
20210323 103800;8.560610;8.562240;8.560470;8.561710;0
20210323 103900;8.561710;8.561910;8.558720;8.560450;0
20210323 104000;8.560730;8.561900;8.559650;8.560560;0
20210323 104100;8.560560;8.560830;8.558470;8.560820;0
20210323 104200;8.560820;8.562990;8.560630;8.562050;0
20210323 104300;8.562050;8.562050;8.558700;8.561450;0
20210323 104400;8.561440;8.561520;8.556570;8.558040;0
20210323 104500;8.558050;8.561290;8.557240;8.558510;0
20210323 104600;8.558660;8.560770;8.558480;8.558720;0
20210323 104700;8.558630;8.559610;8.557850;8.559610;0
20210323 104800;8.559600;8.562070;8.559600;8.561660;0
20210323 104900;8.561510;8.562300;8.560440;8.561750;0
20210323 105000;8.561750;8.562030;8.559960;8.560040;0
20210323 105100;8.559980;8.560000;8.559060;8.559180;0
20210323 105200;8.559180;8.559190;8.552520;8.553090;0
20210323 105300;8.553100;8.553100;8.549810;8.550320;0
20210323 105400;8.550470;8.555210;8.550470;8.555160;0
20210323 105500;8.555170;8.556830;8.553400;8.553550;0
20210323 105600;8.553630;8.554010;8.550470;8.550550;0
20210323 105700;8.550510;8.552750;8.550400;8.551500;0
20210323 105800;8.551380;8.552830;8.551160;8.552570;0
20210323 105900;8.552510;8.555140;8.552510;8.553190;0
20210323 110000;8.553100;8.556190;8.553080;8.555840;0
20210323 110100;8.555720;8.559680;8.555200;8.559550;0
20210323 110200;8.559760;8.566250;8.559480;8.562260;0
20210323 110300;8.562420;8.565510;8.562420;8.564170;0
20210323 110400;8.564160;8.566780;8.563430;8.566500;0
20210323 110500;8.566670;8.569700;8.566140;8.566670;0
20210323 110600;8.566720;8.571930;8.566660;8.570540;0
20210323 110700;8.570490;8.570490;8.565460;8.568250;0
20210323 110800;8.568240;8.569010;8.566320;8.566330;0
20210323 110900;8.566250;8.568420;8.564470;8.567870;0
20210323 111000;8.567870;8.571350;8.566160;8.569800;0
20210323 111100;8.569790;8.573420;8.569760;8.570110;0
20210323 111200;8.570110;8.570320;8.566950;8.567590;0
20210323 111300;8.567740;8.567990;8.565700;8.566410;0
20210323 111400;8.566410;8.569520;8.566350;8.569520;0
20210323 111500;8.569520;8.570540;8.565130;8.565130;0
20210323 111600;8.565040;8.565040;8.562890;8.564200;0
20210323 111700;8.564350;8.568110;8.564350;8.567820;0
20210323 111800;8.567700;8.567810;8.565030;8.565030;0
20210323 111900;8.564990;8.566040;8.563310;8.563870;0
20210323 112000;8.564040;8.566320;8.562160;8.564290;0
20210323 112100;8.564290;8.568520;8.564000;8.564960;0
20210323 112200;8.564890;8.564890;8.562660;8.562860;0
20210323 112300;8.562940;8.565750;8.560790;8.563080;0
20210323 112400;8.563090;8.565420;8.562110;8.563670;0
20210323 112500;8.563790;8.564290;8.563160;8.563820;0
20210323 112600;8.563670;8.567640;8.563170;8.567140;0
20210323 112700;8.567140;8.567340;8.565010;8.565190;0
20210323 112800;8.565280;8.571320;8.563830;8.566140;0
20210323 112900;8.566150;8.575240;8.564450;8.564830;0
20210323 113000;8.564700;8.568700;8.564000;8.566890;0
20210323 113100;8.566940;8.574690;8.566840;8.572740;0
20210323 113200;8.572970;8.574270;8.572860;8.574270;0
20210323 113300;8.574290;8.576360;8.574290;8.576230;0
20210323 113400;8.576160;8.581520;8.575310;8.581230;0
20210323 113500;8.581220;8.581770;8.578760;8.581690;0
20210323 113600;8.581690;8.582480;8.580410;8.581430;0
20210323 113700;8.581380;8.582160;8.578060;8.578740;0
20210323 113800;8.578800;8.579760;8.578720;8.579160;0
20210323 113900;8.579290;8.583800;8.579290;8.579410;0
20210323 114000;8.579370;8.580990;8.579350;8.580670;0
20210323 114100;8.580670;8.590290;8.573370;8.582430;0
20210323 114200;8.583170;8.583420;8.574770;8.580640;0
20210323 114300;8.580270;8.583930;8.575000;8.580730;0
20210323 114400;8.580700;8.582530;8.580270;8.581320;0
20210323 114500;8.581280;8.582180;8.575260;8.578520;0
20210323 114600;8.578320;8.578410;8.575050;8.578280;0
20210323 114700;8.578420;8.579100;8.577790;8.577840;0
20210323 114800;8.577720;8.578250;8.577200;8.578000;0
20210323 114900;8.577930;8.578080;8.576160;8.576320;0
20210323 115000;8.576360;8.582590;8.576360;8.580630;0
20210323 115100;8.580530;8.580530;8.578010;8.579130;0
20210323 115200;8.579130;8.579800;8.576950;8.576950;0
20210323 115300;8.576950;8.577080;8.576520;8.576740;0
20210323 115400;8.576740;8.577920;8.576740;8.577390;0
20210323 115500;8.577400;8.577920;8.576440;8.577750;0
20210323 115600;8.577750;8.578710;8.577710;8.578470;0
20210323 115700;8.578470;8.578830;8.578040;8.578590;0
20210323 115800;8.578700;8.579160;8.578200;8.579160;0
20210323 115900;8.579310;8.580230;8.578140;8.579470;0
20210323 120000;8.579470;8.579620;8.578780;8.578780;0
20210323 120100;8.578930;8.581120;8.578830;8.580760;0
20210323 120200;8.580760;8.581140;8.579870;8.579870;0
20210323 120300;8.579500;8.580030;8.579200;8.580020;0
20210323 120400;8.580020;8.581700;8.580020;8.581050;0
20210323 120500;8.581050;8.583830;8.581050;8.582900;0
20210323 120600;8.582730;8.583040;8.581820;8.582540;0
20210323 120700;8.582540;8.582840;8.581930;8.582410;0
20210323 120800;8.582300;8.582300;8.581900;8.582110;0
20210323 120900;8.582030;8.582030;8.581290;8.581590;0
20210323 121000;8.581380;8.582420;8.580310;8.582110;0
20210323 121100;8.581930;8.588040;8.581900;8.588040;0
20210323 121200;8.588040;8.588040;8.586200;8.586320;0
20210323 121300;8.586320;8.586340;8.585040;8.585350;0
20210323 121400;8.585080;8.585350;8.584860;8.584910;0
20210323 121500;8.584830;8.585050;8.583170;8.583980;0
20210323 121600;8.584110;8.584310;8.575460;8.576530;0
20210323 121700;8.576560;8.579910;8.576400;8.579760;0
20210323 121800;8.579760;8.584410;8.574870;8.576590;0
20210323 121900;8.576790;8.578580;8.576790;8.578510;0
20210323 122000;8.578580;8.580580;8.576660;8.579600;0
20210323 122100;8.579750;8.580160;8.579380;8.579910;0
20210323 122200;8.579770;8.581100;8.579770;8.579870;0
20210323 122300;8.580080;8.581800;8.579310;8.581020;0
20210323 122400;8.581240;8.581910;8.581240;8.581550;0
20210323 122500;8.581410;8.583740;8.581410;8.583740;0
20210323 122600;8.583680;8.584090;8.583140;8.584090;0
20210323 122700;8.584160;8.586130;8.584160;8.586130;0
20210323 122800;8.586130;8.586520;8.584160;8.584170;0
20210323 122900;8.584240;8.584380;8.583680;8.583990;0
20210323 123000;8.583850;8.588880;8.583340;8.588770;0
20210323 123100;8.588700;8.589080;8.588210;8.588440;0
20210323 123200;8.588500;8.592020;8.587260;8.591440;0
20210323 123300;8.591520;8.594300;8.591380;8.594280;0
20210323 123400;8.594500;8.596690;8.593400;8.596490;0
20210323 123500;8.596340;8.599330;8.596280;8.599330;0
20210323 123600;8.599210;8.599250;8.596920;8.597240;0
20210323 123700;8.597110;8.599060;8.597110;8.598040;0
20210323 123800;8.597980;8.599420;8.596960;8.598950;0
20210323 123900;8.598950;8.600440;8.598800;8.600360;0
20210323 124000;8.600450;8.604200;8.599880;8.604190;0
20210323 124100;8.604260;8.605880;8.603860;8.603860;0
20210323 124200;8.603950;8.605300;8.603510;8.604830;0
20210323 124300;8.604600;8.605500;8.604510;8.604980;0
20210323 124400;8.604880;8.605070;8.603400;8.603630;0
20210323 124500;8.603750;8.604800;8.603750;8.604380;0
20210323 124600;8.604240;8.605250;8.603950;8.605250;0
20210323 124700;8.605260;8.605260;8.598420;8.599070;0
20210323 124800;8.600710;8.605710;8.600710;8.602960;0
20210323 124900;8.602960;8.603130;8.599330;8.599840;0
20210323 125000;8.599810;8.602060;8.599720;8.600860;0
20210323 125100;8.600720;8.601210;8.600310;8.600950;0
20210323 125200;8.600800;8.600800;8.599160;8.600160;0
20210323 125300;8.600090;8.600170;8.598060;8.598630;0
20210323 125400;8.598730;8.599140;8.598440;8.598490;0
20210323 125500;8.598470;8.598820;8.597980;8.598560;0
20210323 125600;8.598530;8.601670;8.598360;8.601670;0
20210323 125700;8.601880;8.604370;8.601790;8.604360;0
20210323 125800;8.604360;8.607060;8.604020;8.606290;0
20210323 125900;8.606210;8.606210;8.599420;8.599930;0
20210323 130000;8.599930;8.603720;8.599920;8.603350;0
20210323 130100;8.603340;8.603660;8.603030;8.603200;0
20210323 130200;8.603200;8.606770;8.603200;8.605970;0
20210323 130300;8.605840;8.606110;8.603230;8.603260;0
20210323 130400;8.603310;8.603640;8.603090;8.603340;0
20210323 130500;8.603510;8.606830;8.603110;8.605770;0
20210323 130600;8.605940;8.607410;8.604480;8.604700;0
20210323 130700;8.604880;8.606370;8.604550;8.606260;0
20210323 130800;8.606420;8.606420;8.603770;8.603770;0
20210323 130900;8.603810;8.604970;8.603290;8.604050;0
20210323 131000;8.603880;8.604980;8.603230;8.603230;0
20210323 131100;8.603380;8.604830;8.603220;8.604310;0
20210323 131200;8.604490;8.605250;8.604180;8.604360;0
20210323 131300;8.604260;8.604440;8.602970;8.603330;0
20210323 131400;8.603170;8.605530;8.602840;8.605240;0
20210323 131500;8.605260;8.607030;8.605080;8.606620;0
20210323 131600;8.606760;8.607810;8.606600;8.606600;0
20210323 131700;8.606760;8.607100;8.604680;8.605560;0
20210323 131800;8.605480;8.606060;8.605300;8.605700;0
20210323 131900;8.605690;8.607120;8.605280;8.607000;0
20210323 132000;8.607080;8.607800;8.606350;8.607420;0
20210323 132100;8.607280;8.608130;8.607170;8.607320;0
20210323 132200;8.607380;8.608330;8.607370;8.607450;0
20210323 132300;8.607450;8.607460;8.604350;8.605150;0
20210323 132400;8.605150;8.605370;8.604170;8.604580;0
20210323 132500;8.604580;8.608310;8.604580;8.608230;0
20210323 132600;8.608240;8.608620;8.607820;8.608440;0
20210323 132700;8.608570;8.608680;8.605230;8.607220;0
20210323 132800;8.607120;8.607900;8.606920;8.607900;0
20210323 132900;8.607900;8.609030;8.607890;8.608960;0
20210323 133000;8.608950;8.609810;8.608950;8.609680;0
20210323 133100;8.609620;8.612030;8.609470;8.611600;0
20210323 133200;8.611720;8.612500;8.611250;8.611540;0
20210323 133300;8.611530;8.611990;8.611530;8.611750;0
20210323 133400;8.611810;8.612920;8.611810;8.612350;0
20210323 133500;8.612350;8.612520;8.611680;8.612520;0
20210323 133600;8.612530;8.612750;8.612260;8.612570;0
20210323 133700;8.612450;8.612490;8.611980;8.612270;0
20210323 133800;8.612360;8.612560;8.611670;8.611670;0
20210323 133900;8.611570;8.611680;8.611180;8.611520;0
20210323 134000;8.611420;8.612940;8.611360;8.611980;0
20210323 134100;8.611850;8.611990;8.611490;8.611660;0
20210323 134200;8.611600;8.615190;8.611600;8.614530;0
20210323 134300;8.614440;8.614440;8.613090;8.613980;0
20210323 134400;8.614040;8.614300;8.612760;8.612760;0
20210323 134500;8.612680;8.613730;8.612530;8.613370;0
20210323 134600;8.613150;8.613480;8.612880;8.613260;0
20210323 134700;8.613240;8.614520;8.612960;8.614520;0
20210323 134800;8.614590;8.614840;8.612800;8.613010;0
20210323 134900;8.612930;8.612940;8.612520;8.612520;0
20210323 135000;8.612790;8.614020;8.612790;8.613450;0
20210323 135100;8.613530;8.613830;8.612810;8.613130;0
20210323 135200;8.613200;8.613350;8.613040;8.613250;0
20210323 135300;8.613110;8.613110;8.612390;8.612530;0
20210323 135400;8.612670;8.614130;8.612520;8.613980;0
20210323 135500;8.613840;8.618460;8.613840;8.617660;0
20210323 135600;8.617700;8.618490;8.616670;8.617550;0
20210323 135700;8.617400;8.619620;8.617400;8.618510;0
20210323 135800;8.618520;8.620420;8.618180;8.618380;0
20210323 135900;8.618300;8.621970;8.617830;8.619780;0
20210323 140000;8.619600;8.623880;8.619600;8.623420;0
20210323 140100;8.623570;8.624450;8.622080;8.622760;0
20210323 140200;8.622910;8.624330;8.622150;8.623740;0
20210323 140300;8.623550;8.623550;8.617670;8.617670;0
20210323 140400;8.617850;8.619700;8.616220;8.616870;0
20210323 140500;8.617930;8.619160;8.617230;8.618270;0
20210323 140600;8.618190;8.618500;8.615490;8.618500;0
20210323 140700;8.618350;8.620100;8.617950;8.620100;0
20210323 140800;8.620240;8.620240;8.618670;8.618810;0
20210323 140900;8.619010;8.620050;8.618900;8.619980;0
20210323 141000;8.619910;8.620530;8.619140;8.620530;0
20210323 141100;8.622100;8.622930;8.620810;8.621430;0
20210323 141200;8.621420;8.621430;8.620300;8.620370;0
20210323 141300;8.620370;8.620540;8.619700;8.620230;0
20210323 141400;8.620160;8.621140;8.620160;8.621140;0
20210323 141500;8.621190;8.621550;8.621040;8.621340;0
20210323 141600;8.621230;8.624570;8.621230;8.624570;0
20210323 141700;8.624410;8.624860;8.623330;8.623330;0
20210323 141800;8.623470;8.624870;8.623300;8.624130;0
20210323 141900;8.624010;8.624010;8.622060;8.622480;0
20210323 142000;8.622770;8.624780;8.622770;8.624110;0
20210323 142100;8.624110;8.626180;8.624080;8.625800;0
20210323 142200;8.625880;8.627520;8.625880;8.626550;0
20210323 142300;8.626640;8.626980;8.625470;8.626140;0
20210323 142400;8.626000;8.626330;8.625750;8.626200;0
20210323 142500;8.626190;8.629540;8.626190;8.627580;0
20210323 142600;8.627440;8.627740;8.625180;8.626250;0
20210323 142700;8.626410;8.626560;8.625250;8.625250;0
20210323 142800;8.625270;8.626290;8.624550;8.624550;0
20210323 142900;8.624600;8.625060;8.624350;8.624990;0
20210323 143000;8.625050;8.626930;8.624940;8.626060;0
20210323 143100;8.626190;8.627180;8.626100;8.626490;0
20210323 143200;8.626440;8.628950;8.625260;8.627300;0
20210323 143300;8.627210;8.627310;8.626760;8.627280;0
20210323 143400;8.627140;8.628430;8.626520;8.628050;0
20210323 143500;8.628070;8.628740;8.627640;8.628410;0
20210323 143600;8.628280;8.628870;8.628280;8.628760;0
20210323 143700;8.628770;8.629020;8.628210;8.628240;0
20210323 143800;8.628420;8.628680;8.627470;8.628450;0
20210323 143900;8.628240;8.629220;8.628170;8.628610;0
20210323 144000;8.628770;8.629010;8.628220;8.628220;0
20210323 144100;8.628300;8.628580;8.627900;8.628120;0
20210323 144200;8.628070;8.628270;8.627660;8.627870;0
20210323 144300;8.627950;8.628270;8.626910;8.627740;0
20210323 144400;8.627800;8.628240;8.627770;8.628020;0
20210323 144500;8.627950;8.631540;8.627870;8.628230;0
20210323 144600;8.628280;8.630060;8.627850;8.629250;0
20210323 144700;8.629210;8.630520;8.619250;8.623590;0
20210323 144800;8.623830;8.626440;8.616120;8.621720;0
20210323 144900;8.621820;8.622660;8.620930;8.622560;0
20210323 145000;8.622760;8.627390;8.622630;8.627030;0
20210323 145100;8.627040;8.628990;8.627040;8.628510;0
20210323 145200;8.628510;8.629680;8.628300;8.629680;0
20210323 145300;8.629820;8.629930;8.628790;8.629080;0
20210323 145400;8.629080;8.632040;8.625710;8.631220;0
20210323 145500;8.631230;8.631500;8.628990;8.629670;0
20210323 145600;8.629510;8.629650;8.626100;8.627370;0
20210323 145700;8.627360;8.628690;8.627120;8.628050;0
20210323 145800;8.627950;8.629760;8.627850;8.629340;0
20210323 145900;8.629340;8.629610;8.629040;8.629610;0
20210323 150000;8.629400;8.631050;8.629040;8.631020;0
20210323 150100;8.631050;8.631070;8.630300;8.630400;0
20210323 150200;8.630490;8.637020;8.630430;8.635050;0
20210323 150300;8.635130;8.645210;8.633620;8.634600;0
20210323 150400;8.634600;8.645300;8.634600;8.643780;0
20210323 150500;8.643840;8.646260;8.640070;8.645490;0
20210323 150600;8.645490;8.646090;8.643950;8.644690;0
20210323 150700;8.644690;8.644690;8.643850;8.644250;0
20210323 150800;8.644100;8.644200;8.638630;8.639120;0
20210323 150900;8.639230;8.639760;8.638600;8.639410;0
20210323 151000;8.639460;8.640820;8.639260;8.639780;0
20210323 151100;8.639830;8.640750;8.639830;8.640740;0
20210323 151200;8.640530;8.640530;8.639300;8.639910;0
20210323 151300;8.639750;8.640190;8.639060;8.639610;0
20210323 151400;8.639610;8.639690;8.639510;8.639650;0
20210323 151500;8.639650;8.639650;8.638680;8.638820;0
20210323 151600;8.638620;8.638840;8.638370;8.638840;0
20210323 151700;8.638960;8.639290;8.638960;8.639240;0
20210323 151800;8.639240;8.639250;8.638640;8.639130;0
20210323 151900;8.639060;8.639060;8.638300;8.638300;0
20210323 152000;8.638430;8.638440;8.637400;8.637660;0
20210323 152100;8.637750;8.639200;8.637750;8.639080;0
20210323 152200;8.639010;8.639420;8.639010;8.639290;0
20210323 152300;8.639120;8.639890;8.599190;8.633950;0
20210323 152400;8.633950;8.635240;8.581120;8.624100;0
20210323 152500;8.623380;8.637600;8.623380;8.636090;0
20210323 152600;8.636090;8.636090;8.631090;8.631100;0
20210323 152700;8.631120;8.638540;8.629120;8.638340;0
20210323 152800;8.638350;8.638800;8.634920;8.638720;0
20210323 152900;8.636860;8.637740;8.636710;8.637560;0
20210323 153000;8.637440;8.638440;8.628000;8.631520;0
20210323 153100;8.631320;8.635420;8.629100;8.634560;0
20210323 153200;8.634560;8.636420;8.631680;8.635860;0
20210323 153300;8.636030;8.637120;8.635920;8.636390;0
20210323 153400;8.636570;8.637710;8.635780;8.637710;0
20210323 153500;8.637790;8.639480;8.637730;8.639090;0
20210323 153600;8.639190;8.639340;8.638750;8.638750;0
20210323 153700;8.638890;8.639040;8.638890;8.638920;0
20210323 153800;8.638760;8.640730;8.638760;8.639930;0
20210323 153900;8.639900;8.639910;8.638710;8.638960;0
20210323 154000;8.638990;8.640430;8.638650;8.640380;0
20210323 154100;8.640640;8.641410;8.639420;8.639800;0
20210323 154200;8.639800;8.641030;8.639100;8.640650;0
20210323 154300;8.640320;8.640900;8.639670;8.640080;0
20210323 154400;8.640080;8.640970;8.639630;8.640390;0
20210323 154500;8.639890;8.641040;8.639650;8.640700;0
20210323 154600;8.640700;8.642360;8.640690;8.641230;0
20210323 154700;8.641230;8.642460;8.640530;8.641270;0
20210323 154800;8.641270;8.642960;8.641010;8.642700;0
20210323 154900;8.642700;8.644190;8.642690;8.643970;0
20210323 155000;8.643970;8.644760;8.643250;8.643250;0
20210323 155100;8.643250;8.643520;8.642150;8.642150;0
20210323 155200;8.642150;8.642160;8.641240;8.641830;0
20210323 155300;8.641840;8.642540;8.641050;8.641570;0
20210323 155400;8.641570;8.641580;8.640250;8.640710;0
20210323 155500;8.640700;8.642190;8.637940;8.639690;0
20210323 155600;8.639360;8.639820;8.638360;8.638740;0
20210323 155700;8.638740;8.639420;8.637420;8.638020;0
20210323 155800;8.637920;8.638030;8.634520;8.635320;0
20210323 155900;8.635430;8.637530;8.634520;8.637220;0
20210323 160000;8.635030;8.637220;8.634030;8.637220;0
20210323 160100;8.637220;8.638030;8.636420;8.636420;0
20210323 160200;8.635620;8.636320;8.634120;8.635720;0
20210323 160300;8.635720;8.635720;8.635620;8.635620;0
20210323 160400;8.635630;8.637120;8.635630;8.636930;0
20210323 160500;8.636720;8.636720;8.635320;8.635420;0
20210323 160600;8.635430;8.636520;8.635420;8.636330;0
20210323 160700;8.636320;8.636320;8.636320;8.636320;0
20210323 161000;8.636320;8.636320;8.636320;8.636320;0
20210323 161100;8.636530;8.636530;8.636530;8.636530;0
20210323 161300;8.636430;8.636430;8.635320;8.635320;0
20210323 161400;8.635220;8.635220;8.635220;8.635220;0
20210323 161500;8.635120;8.635120;8.632820;8.632820;0
20210323 161900;8.632520;8.632520;8.632520;8.632520;0
20210323 162000;8.632430;8.632530;8.632430;8.632530;0
20210323 162100;8.632020;8.632020;8.632020;8.632020;0
20210323 162300;8.631920;8.632020;8.631920;8.632020;0
20210323 162600;8.632120;8.632620;8.632120;8.632620;0
20210323 162700;8.632720;8.633320;8.632720;8.633320;0
20210323 162800;8.632520;8.632520;8.632520;8.632520;0
20210323 162900;8.632420;8.632630;8.632420;8.632630;0
20210323 163000;8.632320;8.632420;8.632320;8.632320;0
20210323 163200;8.632230;8.632230;8.632230;8.632230;0
20210323 163600;8.631430;8.631430;8.631430;8.631430;0
20210323 163700;8.631620;8.632620;8.631620;8.632020;0
20210323 163800;8.631220;8.632020;8.631220;8.631220;0
20210323 163900;8.631420;8.631420;8.631230;8.631230;0
20210323 164100;8.631520;8.631520;8.631320;8.631320;0
20210323 164200;8.631630;8.631730;8.631230;8.631520;0
20210323 164300;8.631320;8.631320;8.631020;8.631020;0
20210323 164500;8.630920;8.630920;8.630920;8.630920;0
20210323 164700;8.630820;8.631620;8.630820;8.631620;0
20210323 164800;8.631320;8.631820;8.631320;8.631820;0
20210323 164900;8.631930;8.632220;8.631930;8.632220;0
20210323 165000;8.632130;8.632130;8.631920;8.632020;0
20210323 165100;8.632320;8.632320;8.632320;8.632320;0
20210323 165200;8.631620;8.632230;8.631620;8.632020;0
20210323 165300;8.632320;8.632720;8.631730;8.632720;0
20210323 165400;8.633220;8.633420;8.633220;8.633220;0
20210323 165500;8.634430;8.635820;8.634430;8.634820;0
20210323 165600;8.635120;8.635120;8.635120;8.635120;0
20210323 165700;8.635520;8.636030;8.635520;8.636030;0
20210323 165800;8.635720;8.635720;8.634020;8.634020;0
20210323 165900;8.634020;8.635520;8.633430;8.635320;0
20210323 170000;8.635320;8.636510;8.634020;8.635120;0
20210323 170100;8.635320;8.635700;8.633950;8.635420;0
20210323 170200;8.635270;8.636020;8.634520;8.634920;0
20210323 170300;8.635410;8.635840;8.634030;8.635320;0
20210323 170400;8.635310;8.635730;8.633440;8.634230;0
20210323 170500;8.634320;8.635990;8.632720;8.634920;0
20210323 170600;8.634620;8.636030;8.634320;8.634730;0
20210323 170700;8.634620;8.636460;8.634220;8.634730;0
20210323 170800;8.634820;8.637340;8.634420;8.635820;0
20210323 170900;8.635920;8.636430;8.634420;8.635340;0
20210323 171000;8.635690;8.636730;8.634530;8.636730;0
20210323 171100;8.636920;8.636920;8.635720;8.635830;0
20210323 171200;8.635730;8.636560;8.633720;8.633920;0
20210323 171300;8.633720;8.635170;8.633320;8.634180;0
20210323 171400;8.634190;8.635320;8.633450;8.635030;0
20210323 171500;8.634920;8.636680;8.634150;8.636290;0
20210323 171600;8.636290;8.637430;8.634740;8.636540;0
20210323 171700;8.636540;8.637100;8.634430;8.634710;0
20210323 171800;8.634720;8.636820;8.634720;8.636350;0
20210323 171900;8.636350;8.636850;8.634330;8.636550;0
20210323 172000;8.636560;8.637670;8.635620;8.637660;0
20210323 172100;8.637660;8.638140;8.635430;8.637890;0
20210323 172200;8.637510;8.640050;8.636840;8.638710;0
20210323 172300;8.638700;8.639890;8.637550;8.638130;0
20210323 172400;8.637920;8.639500;8.637800;8.638150;0
20210323 172500;8.638160;8.639350;8.636430;8.636730;0
20210323 172600;8.636400;8.638030;8.635920;8.638020;0
20210323 172700;8.638020;8.638940;8.637110;8.638780;0
20210323 172800;8.638780;8.638950;8.637050;8.638550;0
20210323 172900;8.638690;8.639750;8.637190;8.638560;0
20210323 173000;8.638560;8.638560;8.636050;8.637700;0
20210323 173100;8.637570;8.639150;8.635920;8.636710;0
20210323 173200;8.636710;8.637040;8.635520;8.635910;0
20210323 173300;8.635910;8.636680;8.635120;8.635320;0
20210323 173400;8.635510;8.637190;8.634780;8.636170;0
20210323 173500;8.636180;8.636570;8.635110;8.635760;0
20210323 173600;8.635760;8.637320;8.634940;8.636290;0
20210323 173700;8.636290;8.637280;8.635570;8.635990;0
20210323 173800;8.636230;8.636760;8.635280;8.636760;0
20210323 173900;8.636770;8.636770;8.635050;8.635820;0
20210323 174000;8.635820;8.637110;8.635540;8.636280;0
20210323 174100;8.636280;8.637400;8.635640;8.636140;0
20210323 174200;8.636130;8.636620;8.635610;8.635780;0
20210323 174300;8.635780;8.636180;8.634570;8.636160;0
20210323 174400;8.636160;8.636170;8.634220;8.634880;0
20210323 174500;8.634880;8.636200;8.634160;8.635100;0
20210323 174600;8.635100;8.637310;8.635100;8.636410;0
20210323 174700;8.636410;8.637690;8.635330;8.636710;0
20210323 174800;8.636730;8.637640;8.636270;8.636710;0
20210323 174900;8.637110;8.637350;8.635430;8.635910;0
20210323 175000;8.635910;8.636260;8.633630;8.635410;0
20210323 175100;8.635410;8.636760;8.634760;8.634940;0
20210323 175200;8.634940;8.636860;8.634820;8.635300;0
20210323 175300;8.635300;8.636240;8.633790;8.634180;0
20210323 175400;8.634180;8.635780;8.633870;8.635310;0
20210323 175500;8.635300;8.636640;8.634050;8.635480;0
20210323 175600;8.635480;8.637070;8.635400;8.636810;0
20210323 175700;8.636800;8.638660;8.636650;8.637820;0
20210323 175800;8.637220;8.637520;8.636020;8.637020;0
20210323 175900;8.637120;8.638020;8.636720;8.637920;0
20210323 180000;8.638030;8.639930;8.637120;8.638020;0
20210323 180100;8.637730;8.639520;8.637420;8.638420;0
20210323 180200;8.638320;8.638620;8.637020;8.637920;0
20210323 180300;8.637820;8.637920;8.636920;8.637620;0
20210323 180400;8.637520;8.638420;8.637220;8.638220;0
20210323 180500;8.638120;8.638120;8.636530;8.636530;0
20210323 180600;8.636620;8.638520;8.636620;8.638220;0
20210323 180700;8.638120;8.639430;8.637820;8.639220;0
20210323 180800;8.639030;8.639030;8.637820;8.637920;0
20210323 180900;8.638120;8.638820;8.637520;8.637520;0
20210323 181000;8.637270;8.639300;8.637130;8.638280;0
20210323 181100;8.638280;8.640160;8.638280;8.639420;0
20210323 181200;8.639420;8.640870;8.639420;8.639760;0
20210323 181300;8.639770;8.640420;8.639760;8.639760;0
20210323 181400;8.639820;8.640120;8.639760;8.639760;0
20210323 181500;8.639760;8.639770;8.639560;8.639690;0
20210323 181600;8.639690;8.640350;8.639690;8.640200;0
20210323 181700;8.640200;8.642840;8.640200;8.641980;0
20210323 181800;8.641990;8.643450;8.640820;8.642310;0
20210323 181900;8.641950;8.643590;8.639820;8.642910;0
20210323 182000;8.642910;8.644950;8.639910;8.643800;0
20210323 182100;8.643660;8.645090;8.643020;8.644820;0
20210323 182200;8.644920;8.645640;8.642140;8.645030;0
20210323 182300;8.645020;8.646420;8.644350;8.645940;0
20210323 182400;8.646250;8.647310;8.645890;8.646570;0
20210323 182500;8.646580;8.647210;8.645880;8.646340;0
20210323 182600;8.646190;8.646560;8.643560;8.645890;0
20210323 182700;8.645500;8.647100;8.644640;8.646010;0
20210323 182800;8.646010;8.646550;8.645140;8.645930;0
20210323 182900;8.646060;8.646610;8.644960;8.645820;0
20210323 183000;8.645810;8.645810;8.641340;8.642100;0
20210323 183100;8.642110;8.644100;8.639920;8.641770;0
20210323 183200;8.641690;8.644980;8.641330;8.643360;0
20210323 183300;8.643950;8.644440;8.641220;8.643470;0
20210323 183400;8.642870;8.643970;8.640920;8.641620;0
20210323 183500;8.641720;8.643330;8.640860;8.643320;0
20210323 183600;8.643320;8.645820;8.643320;8.644860;0
20210323 183700;8.644860;8.645640;8.644210;8.645560;0
20210323 183800;8.645740;8.645760;8.643430;8.643430;0
20210323 183900;8.643700;8.645050;8.643200;8.644260;0
20210323 184000;8.644230;8.645350;8.643840;8.643860;0
20210323 184100;8.643860;8.645420;8.643810;8.644820;0
20210323 184200;8.644740;8.646840;8.644480;8.646610;0
20210323 184300;8.646720;8.648560;8.645460;8.646380;0
20210323 184400;8.646370;8.648650;8.646240;8.647170;0
20210323 184500;8.647160;8.649490;8.646660;8.648490;0
20210323 184600;8.648490;8.650560;8.647810;8.648450;0
20210323 184700;8.648460;8.651760;8.648450;8.651760;0
20210323 184800;8.651690;8.652330;8.651630;8.652160;0
20210323 184900;8.652160;8.652470;8.651710;8.652350;0
20210323 185000;8.652350;8.654390;8.652200;8.653090;0
20210323 185100;8.653310;8.653530;8.653230;8.653380;0
20210323 185200;8.653600;8.656170;8.653600;8.655480;0
20210323 185300;8.655480;8.657770;8.651640;8.654800;0
20210323 185400;8.654800;8.659240;8.654060;8.657530;0
20210323 185500;8.657540;8.659640;8.657530;8.659640;0
20210323 185600;8.659630;8.663020;8.659460;8.662540;0
20210323 185700;8.661970;8.663530;8.660750;8.662870;0
20210323 185800;8.662870;8.663560;8.650780;8.660320;0
20210323 185900;8.660870;8.661870;8.649950;8.654120;0
20210323 190000;8.652130;8.654330;8.649920;8.654010;0
20210323 190100;8.654070;8.654190;8.649320;8.651020;0
20210323 190200;8.650920;8.651530;8.647680;8.650530;0
20210323 190300;8.650420;8.650820;8.648100;8.648430;0
20210323 190400;8.647720;8.649530;8.643620;8.644830;0
20210323 190500;8.645020;8.645220;8.641620;8.642630;0
20210323 190600;8.642820;8.644920;8.642420;8.643620;0
20210323 190700;8.643420;8.646120;8.643020;8.645720;0
20210323 190800;8.645820;8.647630;8.643430;8.645520;0
20210323 190900;8.645720;8.647020;8.643420;8.643820;0
20210323 191000;8.644030;8.645270;8.641330;8.643760;0
20210323 191100;8.644330;8.645690;8.643420;8.644660;0
20210323 191200;8.644650;8.646760;8.643420;8.644100;0
20210323 191300;8.644110;8.647840;8.642150;8.644050;0
20210323 191400;8.644050;8.646470;8.644050;8.645630;0
20210323 191500;8.645640;8.646220;8.645630;8.646220;0
20210323 191600;8.646320;8.646320;8.645220;8.645220;0
20210323 191700;8.645220;8.645600;8.642000;8.644930;0
20210323 191800;8.644940;8.645230;8.640920;8.644470;0
20210323 191900;8.644610;8.645930;8.641130;8.642700;0
20210323 192000;8.642700;8.642820;8.642640;8.642650;0
20210323 192100;8.642640;8.642650;8.642540;8.642540;0
20210323 192200;8.642550;8.644160;8.640520;8.642540;0
20210323 192300;8.642530;8.643180;8.640720;8.642300;0
20210323 192400;8.642300;8.646880;8.641520;8.645170;0
20210323 192500;8.645170;8.646200;8.644880;8.646200;0
20210323 192600;8.646230;8.647360;8.646020;8.647220;0
20210323 192700;8.647070;8.648080;8.647070;8.648080;0
20210323 192800;8.648290;8.648590;8.648070;8.648590;0
20210323 192900;8.648730;8.648730;8.637920;8.640920;0
20210323 193000;8.640830;8.644340;8.640520;8.642920;0
20210323 193100;8.642820;8.648240;8.640120;8.647640;0
20210323 193200;8.647640;8.648950;8.641720;8.647310;0
20210323 193300;8.647310;8.649320;8.645550;8.647990;0
20210323 193400;8.647320;8.648420;8.644420;8.648200;0
20210323 193500;8.648200;8.648260;8.642730;8.644140;0
20210323 193600;8.644300;8.644990;8.644300;8.644920;0
20210323 193700;8.645060;8.645930;8.644860;8.645630;0
20210323 193800;8.645550;8.647340;8.634720;8.640220;0
20210323 193900;8.640530;8.643520;8.639130;8.640360;0
20210323 194000;8.640420;8.646130;8.636820;8.644120;0
20210323 194100;8.644420;8.647370;8.643220;8.647370;0
20210323 194200;8.646890;8.647830;8.637520;8.639120;0
20210323 194300;8.638530;8.642270;8.637220;8.642270;0
20210323 194400;8.642270;8.643950;8.642270;8.643950;0
20210323 194500;8.643870;8.643870;8.643150;8.643840;0
20210323 194600;8.643960;8.646110;8.639120;8.644320;0
20210323 194700;8.644220;8.645290;8.637630;8.639230;0
20210323 194800;8.639420;8.639820;8.637630;8.638200;0
20210323 194900;8.638260;8.647120;8.638260;8.642620;0
20210323 195000;8.643120;8.643930;8.640720;8.642300;0
20210323 195100;8.642370;8.643630;8.642370;8.642630;0
20210323 195200;8.642720;8.643540;8.641720;8.643420;0
20210323 195300;8.643570;8.643980;8.642960;8.643040;0
20210323 195400;8.643120;8.644290;8.643120;8.644070;0
20210323 195500;8.643620;8.645380;8.643620;8.645270;0
20210323 195600;8.645420;8.645420;8.644170;8.644400;0
20210323 195700;8.644490;8.645370;8.644200;8.645370;0
20210323 195800;8.645300;8.645300;8.638720;8.642620;0
20210323 195900;8.642520;8.649860;8.642320;8.644490;0
20210323 200000;8.644260;8.645420;8.643670;8.645420;0
20210323 200100;8.645430;8.651330;8.644620;8.649650;0
20210323 200200;8.649750;8.651930;8.641220;8.648830;0
20210323 200300;8.648830;8.651770;8.641630;8.650840;0
20210323 200400;8.650840;8.650850;8.646800;8.649590;0
20210323 200500;8.649690;8.649970;8.649480;8.649680;0
20210323 200600;8.649760;8.650210;8.649240;8.649240;0
20210323 200700;8.649310;8.649600;8.649160;8.649230;0
20210323 200800;8.649160;8.649160;8.648680;8.648830;0
20210323 200900;8.648760;8.649350;8.648460;8.649060;0
20210323 201000;8.649120;8.649270;8.647880;8.647880;0
20210323 201100;8.647660;8.647820;8.647380;8.647380;0
20210323 201200;8.647380;8.647530;8.643080;8.645570;0
20210323 201300;8.645510;8.645860;8.645430;8.645860;0
20210323 201400;8.645790;8.645790;8.644920;8.645070;0
20210323 201500;8.645130;8.645290;8.644620;8.645210;0
20210323 201600;8.645130;8.646010;8.645060;8.645870;0
20210323 201700;8.645720;8.646410;8.645640;8.646250;0
20210323 201800;8.646110;8.646340;8.645890;8.645890;0
20210323 201900;8.645810;8.645960;8.645670;8.645960;0
20210323 202000;8.646110;8.646620;8.645960;8.646620;0
20210323 202100;8.646480;8.646620;8.646250;8.646620;0
20210323 202200;8.646920;8.647450;8.646240;8.646320;0
20210323 202300;8.646400;8.646550;8.645950;8.645950;0
20210323 202400;8.646100;8.646830;8.646100;8.646830;0
20210323 202500;8.646610;8.647150;8.646540;8.646780;0
20210323 202600;8.646780;8.646780;8.646270;8.646270;0
20210323 202700;8.646490;8.647140;8.646490;8.647070;0
20210323 202800;8.647070;8.647080;8.646710;8.646860;0
20210323 202900;8.646850;8.646850;8.646050;8.646340;0
20210323 203000;8.646200;8.646710;8.645900;8.646560;0
20210323 203100;8.646410;8.646570;8.646130;8.646130;0
20210323 203200;8.645900;8.646340;8.645830;8.645830;0
20210323 203300;8.645690;8.645910;8.644810;8.645110;0
20210323 203400;8.645320;8.646420;8.645320;8.646130;0
20210323 203500;8.646120;8.646920;8.645830;8.645830;0
20210323 203600;8.645680;8.645840;8.645320;8.645540;0
20210323 203700;8.645690;8.645690;8.644240;8.644240;0
20210323 203800;8.644240;8.651340;8.636820;8.636820;0
20210323 203900;8.637320;8.645070;8.637120;8.643620;0
20210323 204000;8.643720;8.644670;8.643490;8.644580;0
20210323 204100;8.644510;8.645570;8.644480;8.645510;0
20210323 204200;8.645430;8.645430;8.644480;8.644930;0
20210323 204300;8.645130;8.645520;8.644920;8.645250;0
20210323 204400;8.645120;8.645650;8.645120;8.645650;0
20210323 204500;8.645490;8.648410;8.645490;8.648120;0
20210323 204600;8.648260;8.648640;8.648260;8.648480;0
20210323 204700;8.648340;8.648620;8.647610;8.647910;0
20210323 204800;8.647820;8.648160;8.647750;8.648020;0
20210323 204900;8.647950;8.648160;8.647370;8.647920;0
20210323 205000;8.648050;8.648480;8.647900;8.647970;0
20210323 205100;8.647970;8.650410;8.646540;8.648220;0
20210323 205200;8.648110;8.649000;8.646970;8.646970;0
20210323 205300;8.646930;8.646930;8.645880;8.646470;0
20210323 205400;8.646690;8.647320;8.646630;8.646910;0
20210323 205500;8.646690;8.647200;8.646560;8.647200;0
20210323 205600;8.647920;8.649160;8.647770;8.649080;0
20210323 205700;8.649160;8.650170;8.649080;8.650170;0
20210323 205800;8.650030;8.650030;8.649810;8.649880;0
20210323 205900;8.649740;8.649870;8.648560;8.649440;0
20210323 210000;8.649440;8.650390;8.649440;8.649580;0
20210323 210100;8.649450;8.650100;8.649070;8.649730;0
20210323 210200;8.649580;8.649730;8.648650;8.649370;0
20210323 210300;8.649520;8.650520;8.649010;8.650520;0
20210323 210400;8.650730;8.651040;8.650730;8.650960;0
20210323 210500;8.650950;8.650950;8.650590;8.650590;0
20210323 210600;8.650460;8.651160;8.650460;8.651160;0
20210323 210700;8.651200;8.659050;8.650910;8.658980;0
20210323 210800;8.659110;8.659110;8.650760;8.657470;0
20210323 210900;8.657440;8.657440;8.655750;8.655880;0
20210323 211000;8.656030;8.656260;8.655440;8.656250;0
20210323 211100;8.656250;8.656690;8.656250;8.656690;0
20210323 211200;8.656540;8.656700;8.655710;8.655860;0
20210323 211300;8.655710;8.656000;8.655560;8.655780;0
20210323 211400;8.655940;8.656950;8.655720;8.656950;0
20210323 211500;8.656870;8.657820;8.656730;8.657650;0
20210323 211600;8.657580;8.658090;8.657360;8.657800;0
20210323 211700;8.657960;8.658100;8.657700;8.657780;0
20210323 211800;8.657700;8.657920;8.657430;8.657920;0
20210323 211900;8.658000;8.658810;8.658000;8.658520;0
20210323 212000;8.658600;8.658680;8.658170;8.658170;0
20210323 212100;8.658240;8.659000;8.657860;8.658450;0
20210323 212200;8.658470;8.658850;8.658180;8.658770;0
20210323 212300;8.658850;8.659640;8.658850;8.659570;0
20210323 212400;8.659640;8.660150;8.659570;8.660150;0
20210323 212500;8.660150;8.661220;8.660150;8.660310;0
20210323 212600;8.660230;8.661150;8.659600;8.660580;0
20210323 212700;8.660660;8.661060;8.660390;8.660980;0
20210323 212800;8.660830;8.661720;8.660830;8.661650;0
20210323 212900;8.661800;8.661870;8.661580;8.661870;0
20210323 213000;8.662020;8.664800;8.650520;8.663810;0
20210323 213100;8.663810;8.666780;8.663810;8.665470;0
20210323 213200;8.665470;8.665580;8.648930;8.657880;0
20210323 213300;8.657880;8.658890;8.657820;8.658440;0
20210323 213400;8.658260;8.659450;8.658140;8.659400;0
20210323 213500;8.659320;8.659320;8.657140;8.658790;0
20210323 213600;8.659090;8.659600;8.656460;8.657130;0
20210323 213700;8.657050;8.657970;8.657010;8.657810;0
20210323 213800;8.657440;8.658150;8.657440;8.657770;0
20210323 213900;8.657670;8.657960;8.655290;8.655400;0
20210323 214000;8.655290;8.662820;8.653380;8.656650;0
20210323 214100;8.656660;8.657880;8.656450;8.656460;0
20210323 214200;8.656460;8.657640;8.656460;8.657640;0
20210323 214300;8.657490;8.657860;8.657130;8.657270;0
20210323 214400;8.657420;8.657780;8.657420;8.657560;0
20210323 214500;8.657490;8.657780;8.657490;8.657780;0
20210323 214600;8.657710;8.658150;8.657560;8.657930;0
20210323 214700;8.657860;8.657860;8.652260;8.653020;0
20210323 214800;8.653010;8.654150;8.653010;8.653930;0
20210323 214900;8.653780;8.655690;8.653710;8.655540;0
20210323 215000;8.655470;8.657730;8.655280;8.655560;0
20210323 215100;8.655460;8.656410;8.650950;8.654720;0
20210323 215200;8.654710;8.655440;8.653650;8.655140;0
20210323 215300;8.655140;8.659630;8.654320;8.659630;0
20210323 215400;8.659640;8.659800;8.659190;8.659460;0
20210323 215500;8.659620;8.660410;8.659260;8.660150;0
20210323 215600;8.660150;8.660950;8.659770;8.660750;0
20210323 215700;8.660770;8.661780;8.660500;8.661220;0
20210323 215800;8.661220;8.661580;8.660630;8.661190;0
20210323 215900;8.661400;8.661860;8.660010;8.661070;0
20210323 220000;8.661270;8.661500;8.657280;8.658650;0
20210323 220100;8.658640;8.663040;8.658640;8.662780;0
20210323 220200;8.662780;8.663510;8.662490;8.662650;0
20210323 220300;8.662810;8.663270;8.660190;8.661840;0
20210323 220400;8.662100;8.662610;8.660140;8.660370;0
20210323 220500;8.660370;8.660860;8.655790;8.657830;0
20210323 220600;8.657830;8.660040;8.657830;8.659350;0
20210323 220700;8.659540;8.661680;8.658760;8.661680;0
20210323 220800;8.661680;8.662200;8.660940;8.661370;0
20210323 220900;8.661600;8.661980;8.660880;8.661380;0
20210323 221000;8.661340;8.662350;8.657900;8.661820;0
20210323 221100;8.661810;8.662240;8.659930;8.660270;0
20210323 221200;8.660270;8.660280;8.655400;8.658020;0
20210323 221300;8.658010;8.658350;8.657460;8.657870;0
20210323 221400;8.657870;8.659320;8.655800;8.658630;0
20210323 221500;8.658640;8.659500;8.657970;8.658720;0
20210323 221600;8.658660;8.659160;8.657790;8.659150;0
20210323 221700;8.659150;8.659830;8.657090;8.659170;0
20210323 221800;8.659440;8.659690;8.658560;8.659240;0
20210323 221900;8.659240;8.659760;8.658920;8.659250;0
20210323 222000;8.659250;8.659730;8.659110;8.659630;0
20210323 222100;8.659630;8.659690;8.659110;8.659300;0
20210323 222200;8.659300;8.659410;8.658820;8.659120;0
20210323 222300;8.659120;8.659750;8.655820;8.658210;0
20210323 222400;8.658200;8.658790;8.657900;8.658620;0
20210323 222500;8.658480;8.659000;8.657850;8.657910;0
20210323 222600;8.657910;8.658560;8.657620;8.658560;0
20210323 222700;8.658560;8.659480;8.658340;8.659020;0
20210323 222800;8.659020;8.659530;8.658870;8.659080;0
20210323 222900;8.659080;8.659480;8.658470;8.658800;0
20210323 223000;8.658940;8.658940;8.657450;8.658020;0
20210323 223100;8.658020;8.658490;8.657450;8.658200;0
20210323 223200;8.658190;8.658930;8.657960;8.658810;0
20210323 223300;8.658800;8.658910;8.657510;8.658410;0
20210323 223400;8.658410;8.658420;8.653940;8.654360;0
20210323 223500;8.654360;8.655930;8.653990;8.655930;0
20210323 223600;8.656060;8.657010;8.655890;8.656650;0
20210323 223700;8.656650;8.657170;8.653190;8.654040;0
20210323 223800;8.654040;8.655050;8.652510;8.653120;0
20210323 223900;8.653100;8.654980;8.652220;8.654830;0
20210323 224000;8.655050;8.655760;8.654220;8.655150;0
20210323 224100;8.655150;8.655610;8.653560;8.654950;0
20210323 224200;8.654910;8.659050;8.654910;8.658540;0
20210323 224300;8.658260;8.658400;8.654890;8.655830;0
20210323 224400;8.655820;8.655830;8.652780;8.654810;0
20210323 224500;8.654820;8.655740;8.649950;8.650100;0
20210323 224600;8.650100;8.650800;8.650060;8.650790;0
20210323 224700;8.650780;8.657440;8.650780;8.657120;0
20210323 224800;8.657120;8.657130;8.657030;8.657030;0
20210323 224900;8.657030;8.657040;8.651130;8.652860;0
20210323 225000;8.653130;8.653590;8.636720;8.648570;0
20210323 225100;8.648570;8.655520;8.648220;8.653320;0
20210323 225200;8.653320;8.654960;8.652810;8.654960;0
20210323 225300;8.654970;8.654970;8.653310;8.653970;0
20210323 225400;8.654140;8.655050;8.653980;8.655050;0
20210323 225500;8.655250;8.655960;8.654120;8.655680;0
20210323 225600;8.655840;8.656010;8.655180;8.655790;0
20210323 225700;8.655940;8.655980;8.653570;8.654480;0
20210323 225800;8.654490;8.655600;8.653870;8.655530;0
20210323 225900;8.654550;8.655650;8.653910;8.655000;0
20210323 230000;8.654690;8.659830;8.653790;8.657940;0
20210323 230100;8.657750;8.658530;8.656770;8.657120;0
20210323 230200;8.657130;8.658460;8.655320;8.656270;0
20210323 230300;8.656200;8.657590;8.654030;8.656650;0
20210323 230400;8.656830;8.657840;8.655850;8.656000;0
20210323 230500;8.656190;8.658040;8.649820;8.650020;0
20210323 230600;8.649950;8.656440;8.649950;8.655260;0
20210323 230700;8.655090;8.656470;8.653810;8.656030;0
20210323 230800;8.656310;8.656860;8.653460;8.654350;0
20210323 230900;8.654540;8.654760;8.652550;8.654110;0
20210323 231000;8.654290;8.655820;8.653570;8.655820;0
20210323 231100;8.655830;8.657680;8.654860;8.657580;0
20210323 231200;8.657640;8.658150;8.655810;8.655980;0
20210323 231300;8.656000;8.656420;8.652140;8.655480;0
20210323 231400;8.655630;8.657080;8.655190;8.655990;0
20210323 231500;8.655980;8.658110;8.655130;8.657190;0
20210323 231600;8.657370;8.658680;8.656580;8.658020;0
20210323 231700;8.657820;8.658240;8.654840;8.655870;0
20210323 231800;8.655840;8.656240;8.654370;8.655410;0
20210323 231900;8.655630;8.655830;8.652560;8.655620;0
20210323 232000;8.655870;8.655900;8.654360;8.655090;0
20210323 232100;8.655340;8.656480;8.654220;8.654750;0
20210323 232200;8.654830;8.659250;8.654370;8.659040;0
20210323 232300;8.659040;8.659810;8.656220;8.657630;0
20210323 232400;8.657390;8.658050;8.655450;8.656570;0
20210323 232500;8.656390;8.657460;8.655460;8.656520;0
20210323 232600;8.656520;8.658300;8.654700;8.657780;0
20210323 232700;8.657770;8.658660;8.657180;8.658430;0
20210323 232800;8.658430;8.658590;8.656340;8.658350;0
20210323 232900;8.658360;8.658480;8.657460;8.658170;0
20210323 233000;8.658170;8.658500;8.656800;8.658070;0
20210323 233100;8.658370;8.659610;8.657290;8.657970;0
20210323 233200;8.657790;8.658910;8.657790;8.658500;0
20210323 233300;8.658310;8.658620;8.657860;8.658270;0
20210323 233400;8.658430;8.658430;8.657760;8.657880;0
20210323 233500;8.658070;8.658070;8.657350;8.657360;0
20210323 233600;8.657540;8.657700;8.657060;8.657210;0
20210323 233700;8.657380;8.658050;8.657020;8.657950;0
20210323 233800;8.657740;8.657830;8.656270;8.656640;0
20210323 233900;8.656840;8.657810;8.656670;8.657360;0
20210323 234000;8.657210;8.658580;8.656890;8.658580;0
20210323 234100;8.658490;8.658800;8.657840;8.658420;0
20210323 234200;8.658390;8.661610;8.658170;8.661450;0
20210323 234300;8.661660;8.664740;8.660890;8.663820;0
20210323 234400;8.664290;8.672740;8.663560;8.670740;0
20210323 234500;8.670610;8.674140;8.668790;8.669210;0
20210323 234600;8.669210;8.669700;8.668850;8.669220;0
20210323 234700;8.669090;8.669510;8.668690;8.669200;0
20210323 234800;8.669160;8.672360;8.667840;8.668970;0
20210323 234900;8.668970;8.670840;8.667780;8.668220;0
20210323 235000;8.668160;8.670540;8.667360;8.669860;0
20210323 235100;8.669960;8.671330;8.668260;8.670840;0
20210323 235200;8.670620;8.671520;8.669200;8.669930;0
20210323 235300;8.669940;8.671740;8.669060;8.670710;0
20210323 235400;8.670710;8.671410;8.669090;8.670230;0
20210323 235500;8.670340;8.673260;8.670010;8.672540;0
20210323 235600;8.672360;8.673390;8.671100;8.671540;0
20210323 235700;8.671640;8.674140;8.671640;8.672670;0
20210323 235800;8.672670;8.673360;8.669830;8.670690;0
20210323 235900;8.670820;8.671850;8.669200;8.670030;0
20210324 000000;8.670030;8.671040;8.669540;8.670440;0
20210324 000100;8.670440;8.671600;8.670110;8.671570;0
20210324 000200;8.671580;8.673670;8.671190;8.673150;0
20210324 000300;8.673270;8.673270;8.672390;8.672620;0
20210324 000400;8.672910;8.673240;8.672660;8.673030;0
20210324 000500;8.673080;8.674010;8.671830;8.673520;0
20210324 000600;8.673520;8.673720;8.671830;8.672910;0
20210324 000700;8.672910;8.675550;8.671990;8.674470;0
20210324 000800;8.673960;8.675080;8.672780;8.672780;0
20210324 000900;8.672930;8.674080;8.672110;8.674080;0
20210324 001000;8.673740;8.673910;8.668080;8.669380;0
20210324 001100;8.669310;8.670850;8.668750;8.670850;0
20210324 001200;8.670850;8.671160;8.669290;8.669710;0
20210324 001300;8.669780;8.670940;8.668950;8.670570;0
20210324 001400;8.670460;8.670820;8.669290;8.669690;0
20210324 001500;8.669700;8.671390;8.669250;8.670910;0
20210324 001600;8.670970;8.671550;8.670770;8.671200;0
20210324 001700;8.671070;8.671260;8.668570;8.669420;0
20210324 001800;8.669650;8.670600;8.669430;8.670390;0
20210324 001900;8.670250;8.670820;8.669450;8.669670;0
20210324 002000;8.669780;8.670530;8.669420;8.669910;0
20210324 002100;8.669920;8.670700;8.669610;8.670400;0
20210324 002200;8.670390;8.671080;8.669930;8.670630;0
20210324 002300;8.670890;8.672710;8.670430;8.672480;0
20210324 002400;8.672480;8.672570;8.671170;8.672090;0
20210324 002500;8.671910;8.672400;8.671470;8.671810;0
20210324 002600;8.671960;8.672710;8.670860;8.671800;0
20210324 002700;8.671800;8.672270;8.670980;8.672220;0
20210324 002800;8.672220;8.672650;8.670920;8.672300;0
20210324 002900;8.672400;8.672720;8.671270;8.671910;0
20210324 003000;8.671910;8.672300;8.671780;8.671900;0
20210324 003100;8.671890;8.671960;8.670200;8.670700;0
20210324 003200;8.670700;8.671270;8.669450;8.670840;0
20210324 003300;8.670840;8.671050;8.670400;8.670400;0
20210324 003400;8.670250;8.670450;8.668490;8.668820;0
20210324 003500;8.668820;8.670040;8.668730;8.669480;0
20210324 003600;8.669480;8.669680;8.668710;8.669620;0
20210324 003700;8.669520;8.670100;8.668930;8.670100;0
20210324 003800;8.670170;8.671510;8.669180;8.671450;0
20210324 003900;8.671460;8.672300;8.670860;8.672110;0
20210324 004000;8.672100;8.672660;8.671740;8.672070;0
20210324 004100;8.672070;8.672080;8.670870;8.670870;0
20210324 004200;8.670870;8.671100;8.669690;8.670210;0
20210324 004300;8.670220;8.670950;8.670160;8.670510;0
20210324 004400;8.670510;8.670840;8.670500;8.670670;0
20210324 004500;8.670740;8.671000;8.669900;8.670810;0
20210324 004600;8.670940;8.671790;8.670740;8.671550;0
20210324 004700;8.671530;8.671970;8.670900;8.671840;0
20210324 004800;8.671840;8.671840;8.670260;8.670460;0
20210324 004900;8.670460;8.670600;8.669210;8.670030;0
20210324 005000;8.670030;8.670460;8.669690;8.670090;0
20210324 005100;8.669870;8.670080;8.669200;8.669210;0
20210324 005200;8.669380;8.669490;8.669080;8.669220;0
20210324 005300;8.669380;8.670090;8.669290;8.669720;0
20210324 005400;8.669940;8.670690;8.669940;8.670400;0
20210324 005500;8.670370;8.670370;8.669760;8.670030;0
20210324 005600;8.670100;8.671430;8.669710;8.671020;0
20210324 005700;8.671240;8.672350;8.670930;8.671520;0
20210324 005800;8.671410;8.672540;8.670630;8.672170;0
20210324 005900;8.672410;8.672920;8.671460;8.671480;0
20210324 010000;8.671480;8.671550;8.669140;8.671330;0
20210324 010100;8.671320;8.671630;8.668900;8.668970;0
20210324 010200;8.669100;8.670160;8.668730;8.669070;0
20210324 010300;8.669290;8.673280;8.668760;8.673070;0
20210324 010400;8.673240;8.673530;8.672870;8.673530;0
20210324 010500;8.673260;8.673680;8.670560;8.670780;0
20210324 010600;8.671130;8.674750;8.671130;8.673700;0
20210324 010700;8.673810;8.675060;8.673220;8.674900;0
20210324 010800;8.674730;8.674730;8.669600;8.670950;0
20210324 010900;8.671010;8.671940;8.670530;8.671650;0
20210324 011000;8.670890;8.673240;8.670510;8.673120;0
20210324 011100;8.673340;8.673340;8.671710;8.673200;0
20210324 011200;8.673220;8.673980;8.673220;8.673900;0
20210324 011300;8.673960;8.675330;8.672150;8.673200;0
20210324 011400;8.673350;8.673640;8.672800;8.673280;0
20210324 011500;8.672790;8.674740;8.672790;8.674350;0
20210324 011600;8.674500;8.678050;8.673770;8.675870;0
20210324 011700;8.676160;8.679760;8.675640;8.678030;0
20210324 011800;8.678160;8.678160;8.672760;8.672940;0
20210324 011900;8.673030;8.673530;8.670860;8.673380;0
20210324 012000;8.673460;8.673460;8.669640;8.670310;0
20210324 012100;8.670320;8.670520;8.669710;8.670320;0
20210324 012200;8.670430;8.671560;8.670050;8.671030;0
20210324 012300;8.671200;8.671510;8.669670;8.670060;0
20210324 012400;8.670070;8.670640;8.669690;8.670640;0
20210324 012500;8.670790;8.670980;8.670350;8.670720;0
20210324 012600;8.670460;8.671040;8.670350;8.670970;0
20210324 012700;8.670990;8.670990;8.667630;8.667950;0
20210324 012800;8.667950;8.668540;8.666460;8.666820;0
20210324 012900;8.666700;8.667260;8.665460;8.666030;0
20210324 013000;8.665880;8.665880;8.663130;8.663130;0
20210324 013100;8.663280;8.663710;8.661620;8.663410;0
20210324 013200;8.663410;8.663410;8.662260;8.662270;0
20210324 013300;8.662250;8.662830;8.660790;8.660790;0
20210324 013400;8.660710;8.662940;8.660270;8.661370;0
20210324 013500;8.661310;8.662940;8.661040;8.662940;0
20210324 013600;8.662720;8.663590;8.662430;8.663100;0
20210324 013700;8.663030;8.663230;8.661370;8.661370;0
20210324 013800;8.661440;8.662000;8.660940;8.661980;0
20210324 013900;8.661830;8.662930;8.661830;8.662500;0
20210324 014000;8.662460;8.663310;8.662170;8.663100;0
20210324 014100;8.662960;8.663450;8.662710;8.662870;0
20210324 014200;8.662940;8.664440;8.662260;8.662580;0
20210324 014300;8.662410;8.662410;8.660580;8.660960;0
20210324 014400;8.660750;8.660750;8.659270;8.659550;0
20210324 014500;8.659330;8.659360;8.657220;8.657410;0
20210324 014600;8.657430;8.657430;8.655900;8.656500;0
20210324 014700;8.656400;8.657180;8.655980;8.656820;0
20210324 014800;8.656610;8.657020;8.655580;8.656900;0
20210324 014900;8.656680;8.656810;8.655480;8.656640;0
20210324 015000;8.656430;8.656640;8.655060;8.656640;0
20210324 015100;8.656640;8.657450;8.655560;8.657040;0
20210324 015200;8.656890;8.657040;8.655050;8.655320;0
20210324 015300;8.655320;8.655920;8.653970;8.655720;0
20210324 015400;8.655720;8.656020;8.654950;8.655540;0
20210324 015500;8.655680;8.656320;8.655610;8.656320;0
20210324 015600;8.656560;8.656990;8.655010;8.656470;0
20210324 015700;8.656300;8.656300;8.654650;8.655820;0
20210324 015800;8.655620;8.655620;8.653910;8.654540;0
20210324 015900;8.654480;8.654480;8.652500;8.652500;0
20210324 020000;8.652740;8.654240;8.652520;8.654170;0
20210324 020100;8.654280;8.654600;8.652990;8.653590;0
20210324 020200;8.653630;8.653630;8.651430;8.652740;0
20210324 020300;8.652530;8.652530;8.647420;8.651150;0
20210324 020400;8.651150;8.654050;8.651150;8.653780;0
20210324 020500;8.653930;8.655930;8.653210;8.655730;0
20210324 020600;8.655620;8.657210;8.653010;8.653790;0
20210324 020700;8.653800;8.654300;8.650000;8.650040;0
20210324 020800;8.650040;8.650040;8.649150;8.649870;0
20210324 020900;8.649940;8.654060;8.649940;8.653060;0
20210324 021000;8.652960;8.652960;8.650200;8.650570;0
20210324 021100;8.650640;8.655540;8.650000;8.655540;0
20210324 021200;8.655530;8.655580;8.654080;8.654580;0
20210324 021300;8.654490;8.655400;8.653640;8.655240;0
20210324 021400;8.655100;8.656290;8.655100;8.656290;0
20210324 021500;8.656300;8.656610;8.655300;8.655730;0
20210324 021600;8.655960;8.656140;8.651960;8.652040;0
20210324 021700;8.651980;8.652940;8.651170;8.652940;0
20210324 021800;8.652880;8.655190;8.652880;8.655120;0
20210324 021900;8.654910;8.657990;8.654150;8.657920;0
20210324 022000;8.657930;8.662580;8.657930;8.662390;0
20210324 022100;8.662340;8.663360;8.662000;8.662890;0
20210324 022200;8.662880;8.670110;8.662640;8.670110;0
20210324 022300;8.669900;8.671060;8.668370;8.669390;0
20210324 022400;8.669400;8.673250;8.669400;8.671930;0
20210324 022500;8.672280;8.672400;8.671440;8.671460;0
20210324 022600;8.671520;8.673820;8.671240;8.672420;0
20210324 022700;8.672430;8.673980;8.672010;8.672780;0
20210324 022800;8.672840;8.673330;8.670880;8.673130;0
20210324 022900;8.673170;8.675880;8.672400;8.672400;0
20210324 023000;8.672250;8.672440;8.667460;8.670290;0
20210324 023100;8.670290;8.671540;8.669470;8.670980;0
20210324 023200;8.671200;8.672490;8.669060;8.669070;0
20210324 023300;8.669210;8.669580;8.668490;8.668960;0
20210324 023400;8.668670;8.670870;8.668510;8.668770;0
20210324 023500;8.668820;8.668820;8.665780;8.667710;0
20210324 023600;8.667780;8.670170;8.667720;8.667820;0
20210324 023700;8.668100;8.668720;8.661190;8.661190;0
20210324 023800;8.661400;8.662310;8.659370;8.659960;0
20210324 023900;8.659870;8.663660;8.659490;8.661740;0
20210324 024000;8.661660;8.665360;8.661490;8.664850;0
20210324 024100;8.664860;8.664860;8.661910;8.661910;0
20210324 024200;8.662030;8.662890;8.660920;8.662860;0
20210324 024300;8.662860;8.664430;8.661600;8.664360;0
20210324 024400;8.664150;8.668390;8.664070;8.667740;0
20210324 024500;8.667660;8.667660;8.664030;8.666640;0
20210324 024600;8.666640;8.669860;8.665360;8.669780;0
20210324 024700;8.669870;8.671740;8.668240;8.671650;0
20210324 024800;8.671440;8.671850;8.668670;8.671140;0
20210324 024900;8.670940;8.671080;8.667000;8.667170;0
20210324 025000;8.667230;8.668150;8.666290;8.668070;0
20210324 025100;8.668060;8.668980;8.667300;8.668980;0
20210324 025200;8.668770;8.670720;8.668250;8.670070;0
20210324 025300;8.670290;8.671650;8.663340;8.663840;0
20210324 025400;8.664260;8.666860;8.662990;8.665270;0
20210324 025500;8.665280;8.666050;8.660940;8.665550;0
20210324 025600;8.665550;8.669150;8.665390;8.669150;0
20210324 025700;8.669030;8.669290;8.667210;8.668660;0
20210324 025800;8.668660;8.671490;8.667520;8.670590;0
20210324 025900;8.670650;8.673300;8.668620;8.669910;0
20210324 030000;8.670970;8.671020;8.667110;8.670920;0
20210324 030100;8.671050;8.672800;8.670960;8.672210;0
20210324 030200;8.672220;8.672880;8.671440;8.672760;0
20210324 030300;8.672560;8.673130;8.670090;8.670090;0
20210324 030400;8.669930;8.670390;8.669280;8.669920;0
20210324 030500;8.669840;8.670040;8.667910;8.668000;0
20210324 030600;8.668040;8.668900;8.666850;8.668420;0
20210324 030700;8.668460;8.669340;8.666190;8.666190;0
20210324 030800;8.666260;8.666260;8.663050;8.664060;0
20210324 030900;8.664040;8.664490;8.662620;8.662620;0
20210324 031000;8.662630;8.663740;8.660870;8.662280;0
20210324 031100;8.662060;8.666580;8.661420;8.665440;0
20210324 031200;8.665430;8.665870;8.662480;8.664080;0
20210324 031300;8.664080;8.664450;8.663640;8.664450;0
20210324 031400;8.664610;8.664850;8.660200;8.660430;0
20210324 031500;8.660030;8.660030;8.653510;8.658300;0
20210324 031600;8.658300;8.658850;8.655760;8.657620;0
20210324 031700;8.657620;8.657830;8.650900;8.651290;0
20210324 031800;8.651090;8.651410;8.646990;8.650070;0
20210324 031900;8.649990;8.652500;8.649780;8.651800;0
20210324 032000;8.651660;8.656030;8.651280;8.654920;0
20210324 032100;8.654840;8.657000;8.654490;8.656280;0
20210324 032200;8.656330;8.656360;8.655510;8.655660;0
20210324 032300;8.655570;8.656400;8.654770;8.655270;0
20210324 032400;8.655300;8.655430;8.652360;8.652690;0
20210324 032500;8.652680;8.653370;8.651820;8.652390;0
20210324 032600;8.652390;8.652800;8.650930;8.650930;0
20210324 032700;8.650990;8.651390;8.649310;8.649580;0
20210324 032800;8.649660;8.650240;8.648830;8.648970;0
20210324 032900;8.648940;8.649560;8.647840;8.649450;0
20210324 033000;8.649520;8.649520;8.637210;8.639230;0
20210324 033100;8.639230;8.639230;8.637240;8.638240;0
20210324 033200;8.638360;8.639090;8.630260;8.631250;0
20210324 033300;8.631140;8.637190;8.631140;8.635120;0
20210324 033400;8.635350;8.637890;8.634520;8.637370;0
20210324 033500;8.637430;8.639890;8.634980;8.637550;0
20210324 033600;8.637550;8.638370;8.635920;8.638040;0
20210324 033700;8.638060;8.640890;8.637980;8.639560;0
20210324 033800;8.639740;8.644380;8.639090;8.644380;0
20210324 033900;8.644390;8.645080;8.640800;8.641220;0
20210324 034000;8.641420;8.642020;8.639380;8.640750;0
20210324 034100;8.640770;8.648010;8.640770;8.647360;0
20210324 034200;8.647360;8.647360;8.645260;8.646890;0
20210324 034300;8.646890;8.647060;8.643790;8.644910;0
20210324 034400;8.644910;8.646810;8.644750;8.646800;0
20210324 034500;8.646800;8.646840;8.643000;8.644200;0
20210324 034600;8.644140;8.645120;8.642320;8.642320;0
20210324 034700;8.642190;8.642990;8.638390;8.638630;0
20210324 034800;8.638600;8.638740;8.629070;8.629750;0
20210324 034900;8.629400;8.632090;8.629170;8.629360;0
20210324 035000;8.629200;8.631670;8.627810;8.630800;0
20210324 035100;8.630650;8.631180;8.629130;8.629210;0
20210324 035200;8.629200;8.630270;8.628100;8.628500;0
20210324 035300;8.628830;8.630250;8.628390;8.629790;0
20210324 035400;8.629860;8.630240;8.626600;8.626600;0
20210324 035500;8.626680;8.626680;8.624930;8.625740;0
20210324 035600;8.625660;8.631420;8.624910;8.631060;0
20210324 035700;8.631060;8.631060;8.628060;8.629660;0
20210324 035800;8.629640;8.632580;8.628460;8.632240;0
20210324 035900;8.632100;8.633530;8.628930;8.629450;0
20210324 040000;8.629450;8.635260;8.628120;8.632660;0
20210324 040100;8.632790;8.633600;8.628850;8.628850;0
20210324 040200;8.628550;8.629220;8.626130;8.626260;0
20210324 040300;8.626250;8.626780;8.624380;8.624940;0
20210324 040400;8.624880;8.627120;8.623820;8.626880;0
20210324 040500;8.626790;8.626790;8.621420;8.621620;0
20210324 040600;8.621720;8.627280;8.621720;8.625180;0
20210324 040700;8.625180;8.627690;8.624340;8.626290;0
20210324 040800;8.626090;8.626390;8.622910;8.623450;0
20210324 040900;8.623240;8.624130;8.621900;8.623170;0
20210324 041000;8.623170;8.623810;8.620120;8.620560;0
20210324 041100;8.620570;8.620650;8.611840;8.611840;0
20210324 041200;8.611840;8.621330;8.609900;8.620940;0
20210324 041300;8.620950;8.624060;8.616120;8.618020;0
20210324 041400;8.618120;8.620170;8.615200;8.615630;0
20210324 041500;8.615520;8.616180;8.611620;8.616180;0
20210324 041600;8.616370;8.620400;8.616370;8.617190;0
20210324 041700;8.617190;8.619390;8.616010;8.617790;0
20210324 041800;8.617910;8.620450;8.615410;8.617370;0
20210324 041900;8.617380;8.618620;8.610890;8.611100;0
20210324 042000;8.611240;8.611600;8.609030;8.609710;0
20210324 042100;8.609910;8.610870;8.606560;8.606560;0
20210324 042200;8.606310;8.607400;8.605000;8.605630;0
20210324 042300;8.605690;8.605930;8.599120;8.599540;0
20210324 042400;8.599640;8.601030;8.598950;8.600010;0
20210324 042500;8.600020;8.600930;8.599970;8.600420;0
20210324 042600;8.600280;8.600410;8.593620;8.593920;0
20210324 042700;8.593720;8.595820;8.589200;8.593350;0
20210324 042800;8.593340;8.594760;8.591880;8.593750;0
20210324 042900;8.593710;8.595110;8.591560;8.592640;0
20210324 043000;8.592640;8.593450;8.586340;8.589340;0
20210324 043100;8.589490;8.592240;8.588320;8.588340;0
20210324 043200;8.588300;8.590380;8.588200;8.590110;0
20210324 043300;8.590230;8.593850;8.590230;8.593850;0
20210324 043400;8.594130;8.595140;8.593500;8.595140;0
20210324 043500;8.595140;8.595630;8.593470;8.594850;0
20210324 043600;8.594940;8.601200;8.594940;8.600830;0
20210324 043700;8.600830;8.602350;8.600600;8.601840;0
20210324 043800;8.601970;8.604400;8.596190;8.600620;0
20210324 043900;8.600580;8.601630;8.599980;8.600140;0
20210324 044000;8.599940;8.602120;8.598350;8.602030;0
20210324 044100;8.602150;8.602520;8.600480;8.602150;0
20210324 044200;8.602000;8.602370;8.600180;8.601820;0
20210324 044300;8.601790;8.603160;8.601790;8.602930;0
20210324 044400;8.602670;8.606460;8.601690;8.604940;0
20210324 044500;8.604850;8.607730;8.603330;8.604000;0
20210324 044600;8.603950;8.603950;8.601360;8.603270;0
20210324 044700;8.603350;8.604610;8.602120;8.602520;0
20210324 044800;8.602430;8.605150;8.602130;8.604190;0
20210324 044900;8.604170;8.604250;8.598130;8.598160;0
20210324 045000;8.598070;8.598190;8.593430;8.595930;0
20210324 045100;8.595930;8.596540;8.594880;8.596540;0
20210324 045200;8.596860;8.602840;8.596130;8.602370;0
20210324 045300;8.602430;8.605730;8.602430;8.605110;0
20210324 045400;8.605180;8.606490;8.604840;8.605130;0
20210324 045500;8.605340;8.606010;8.604910;8.605740;0
20210324 045600;8.605950;8.607630;8.605520;8.605520;0
20210324 045700;8.605520;8.607640;8.604600;8.606650;0
20210324 045800;8.606570;8.608480;8.605060;8.605450;0
20210324 045900;8.605670;8.605670;8.603930;8.604520;0
20210324 050000;8.604520;8.606170;8.604420;8.605210;0
20210324 050100;8.605210;8.606620;8.604700;8.605360;0
20210324 050200;8.605360;8.607050;8.604940;8.605880;0
20210324 050300;8.605930;8.610230;8.605650;8.607630;0
20210324 050400;8.607530;8.607830;8.604150;8.605420;0
20210324 050500;8.605590;8.606350;8.604290;8.604350;0
20210324 050600;8.604380;8.607800;8.604330;8.607510;0
20210324 050700;8.607820;8.611300;8.607800;8.610950;0
20210324 050800;8.610880;8.611090;8.607720;8.608660;0
20210324 050900;8.608610;8.609470;8.604010;8.606680;0
20210324 051000;8.606800;8.609820;8.606290;8.608050;0
20210324 051100;8.607970;8.608220;8.605830;8.606400;0
20210324 051200;8.606370;8.607330;8.603090;8.603090;0
20210324 051300;8.603090;8.605590;8.602770;8.602770;0
20210324 051400;8.602800;8.603580;8.601870;8.603070;0
20210324 051500;8.603150;8.605140;8.603090;8.603700;0
20210324 051600;8.603620;8.605540;8.601550;8.601940;0
20210324 051700;8.601850;8.601870;8.597760;8.598340;0
20210324 051800;8.598360;8.598900;8.593490;8.593710;0
20210324 051900;8.593930;8.594190;8.591420;8.593110;0
20210324 052000;8.592940;8.594320;8.591980;8.594310;0
20210324 052100;8.594310;8.601170;8.594310;8.599810;0
20210324 052200;8.599810;8.601330;8.598350;8.600110;0
20210324 052300;8.600090;8.600430;8.598020;8.598240;0
20210324 052400;8.598390;8.598670;8.594040;8.595290;0
20210324 052500;8.595500;8.597890;8.593330;8.595170;0
20210324 052600;8.595160;8.599840;8.595010;8.596220;0
20210324 052700;8.596320;8.596320;8.592210;8.593330;0
20210324 052800;8.593220;8.595220;8.590220;8.595220;0
20210324 052900;8.594020;8.594130;8.586920;8.590060;0
20210324 053000;8.590120;8.591120;8.588930;8.589950;0
20210324 053100;8.590090;8.594880;8.589550;8.591370;0
20210324 053200;8.591360;8.591360;8.586780;8.587210;0
20210324 053300;8.587290;8.590310;8.587290;8.587920;0
20210324 053400;8.587740;8.592740;8.587470;8.591480;0
20210324 053500;8.591410;8.591410;8.588390;8.589520;0
20210324 053600;8.589600;8.591680;8.589600;8.590800;0
20210324 053700;8.590820;8.591820;8.590020;8.590520;0
20210324 053800;8.590720;8.590960;8.587960;8.588500;0
20210324 053900;8.588510;8.588630;8.587650;8.587690;0
20210324 054000;8.587680;8.588600;8.583910;8.584620;0
20210324 054100;8.584780;8.586010;8.583250;8.583270;0
20210324 054200;8.583250;8.584440;8.580830;8.583630;0
20210324 054300;8.583620;8.584520;8.582880;8.583230;0
20210324 054400;8.583620;8.588090;8.582820;8.588080;0
20210324 054500;8.588080;8.589270;8.587270;8.587520;0
20210324 054600;8.587420;8.588130;8.586020;8.588020;0
20210324 054700;8.588020;8.589450;8.586920;8.589150;0
20210324 054800;8.589150;8.590400;8.587890;8.587890;0
20210324 054900;8.587890;8.591100;8.586770;8.590450;0
20210324 055000;8.590440;8.591230;8.585620;8.590920;0
20210324 055100;8.590920;8.592720;8.590820;8.592670;0
20210324 055200;8.592670;8.593740;8.592380;8.593740;0
20210324 055300;8.593740;8.601480;8.593440;8.601340;0
20210324 055400;8.601360;8.601360;8.596520;8.596580;0
20210324 055500;8.596580;8.596960;8.595450;8.595530;0
20210324 055600;8.595300;8.595310;8.590630;8.594230;0
20210324 055700;8.594120;8.594400;8.592790;8.593150;0
20210324 055800;8.593040;8.593680;8.592710;8.593510;0
20210324 055900;8.593460;8.594040;8.592360;8.593970;0
20210324 060000;8.593960;8.594260;8.590860;8.592260;0
20210324 060100;8.592050;8.594060;8.591250;8.592580;0
20210324 060200;8.592630;8.594550;8.591910;8.592270;0
20210324 060300;8.592150;8.592640;8.591910;8.592190;0
20210324 060400;8.592100;8.592100;8.590340;8.590760;0
20210324 060500;8.590910;8.590990;8.587620;8.587620;0
20210324 060600;8.587430;8.587430;8.586870;8.586870;0
20210324 060700;8.586870;8.586870;8.584360;8.584370;0
20210324 060800;8.584370;8.584370;8.581300;8.581440;0
20210324 060900;8.581380;8.585310;8.581260;8.582970;0
20210324 061000;8.583080;8.583170;8.581600;8.582910;0
20210324 061100;8.582910;8.583090;8.581210;8.582100;0
20210324 061200;8.582210;8.583080;8.582100;8.582400;0
20210324 061300;8.582400;8.583040;8.581610;8.583030;0
20210324 061400;8.582960;8.583630;8.582250;8.582690;0
20210324 061500;8.582630;8.584030;8.582620;8.582910;0
20210324 061600;8.582890;8.583210;8.579160;8.580090;0
20210324 061700;8.579950;8.583790;8.579730;8.583440;0
20210324 061800;8.583450;8.583940;8.582210;8.582530;0
20210324 061900;8.582520;8.583840;8.582410;8.583840;0
20210324 062000;8.583960;8.586120;8.583610;8.583780;0
20210324 062100;8.583770;8.587790;8.583120;8.587790;0
20210324 062200;8.587790;8.588020;8.582390;8.582390;0
20210324 062300;8.582340;8.582360;8.580760;8.581520;0
20210324 062400;8.581660;8.581660;8.576460;8.576670;0
20210324 062500;8.576720;8.577210;8.575670;8.575720;0
20210324 062600;8.575630;8.576720;8.575580;8.575580;0
20210324 062700;8.575440;8.576530;8.575440;8.576530;0
20210324 062800;8.576680;8.580510;8.576680;8.576800;0
20210324 062900;8.576790;8.578780;8.576650;8.578690;0
20210324 063000;8.578690;8.580410;8.578140;8.580410;0
20210324 063100;8.580400;8.581040;8.578720;8.580870;0
20210324 063200;8.580800;8.581230;8.578030;8.578960;0
20210324 063300;8.578950;8.580220;8.577530;8.577530;0
20210324 063400;8.577410;8.577420;8.574450;8.576370;0
20210324 063500;8.576300;8.578340;8.576210;8.577780;0
20210324 063600;8.577770;8.577770;8.574280;8.575320;0
20210324 063700;8.575350;8.575530;8.572600;8.574300;0
20210324 063800;8.574220;8.574750;8.572410;8.574080;0
20210324 063900;8.574040;8.577030;8.574040;8.576680;0
20210324 064000;8.576730;8.579050;8.576490;8.578990;0
20210324 064100;8.579020;8.579870;8.578370;8.578890;0
20210324 064200;8.578910;8.582760;8.578910;8.581970;0
20210324 064300;8.581930;8.583740;8.581800;8.583530;0
20210324 064400;8.583550;8.585760;8.583530;8.584310;0
20210324 064500;8.584220;8.587090;8.582360;8.586000;0
20210324 064600;8.585990;8.587610;8.585090;8.587480;0
20210324 064700;8.587460;8.589020;8.584240;8.586750;0
20210324 064800;8.586620;8.587280;8.583880;8.585810;0
20210324 064900;8.585820;8.586180;8.585230;8.585620;0
20210324 065000;8.585580;8.589560;8.585190;8.587410;0
20210324 065100;8.587380;8.588340;8.585340;8.586980;0
20210324 065200;8.586990;8.589400;8.586150;8.586520;0
20210324 065300;8.586390;8.590160;8.586390;8.590040;0
20210324 065400;8.590030;8.591680;8.588900;8.591220;0
20210324 065500;8.591210;8.591440;8.589020;8.589730;0
20210324 065600;8.589730;8.590910;8.588310;8.588960;0
20210324 065700;8.588960;8.589100;8.587260;8.588240;0
20210324 065800;8.588130;8.588460;8.587280;8.588460;0
20210324 065900;8.588450;8.590530;8.587370;8.590440;0
20210324 070000;8.590440;8.592220;8.590230;8.590500;0
20210324 070100;8.590570;8.590710;8.589240;8.589880;0
20210324 070200;8.589760;8.590680;8.588390;8.590680;0
20210324 070300;8.590670;8.591440;8.589480;8.589530;0
20210324 070400;8.589510;8.590470;8.588970;8.590110;0
20210324 070500;8.590110;8.590120;8.586220;8.587320;0
20210324 070600;8.587320;8.590060;8.586410;8.589970;0
20210324 070700;8.589930;8.589970;8.587950;8.588030;0
20210324 070800;8.588030;8.588380;8.585940;8.588380;0
20210324 070900;8.588380;8.588970;8.584750;8.584790;0
20210324 071000;8.584830;8.586030;8.581670;8.585590;0
20210324 071100;8.585670;8.586270;8.585280;8.585300;0
20210324 071200;8.585210;8.586400;8.585030;8.586280;0
20210324 071300;8.586350;8.586850;8.584350;8.584840;0
20210324 071400;8.584820;8.585690;8.584390;8.585640;0
20210324 071500;8.585780;8.587290;8.585570;8.586720;0
20210324 071600;8.586720;8.587320;8.586480;8.587170;0
20210324 071700;8.587090;8.587810;8.586810;8.587810;0
20210324 071800;8.587810;8.588310;8.584390;8.584670;0
20210324 071900;8.584530;8.585700;8.584160;8.584170;0
20210324 072000;8.584170;8.584170;8.581580;8.581770;0
20210324 072100;8.581770;8.581900;8.580100;8.580350;0
20210324 072200;8.580470;8.581270;8.579920;8.581060;0
20210324 072300;8.581040;8.582280;8.580470;8.580470;0
20210324 072400;8.580370;8.582350;8.580370;8.580890;0
20210324 072500;8.580940;8.581300;8.576420;8.577340;0
20210324 072600;8.577410;8.578640;8.577390;8.577750;0
20210324 072700;8.577610;8.579060;8.577610;8.578900;0
20210324 072800;8.578710;8.578950;8.577820;8.578360;0
20210324 072900;8.578370;8.580110;8.578070;8.579500;0
20210324 073000;8.579590;8.580020;8.578070;8.578650;0
20210324 073100;8.578650;8.578810;8.577790;8.578810;0
20210324 073200;8.578740;8.579480;8.578590;8.578750;0
20210324 073300;8.578760;8.580220;8.578760;8.580090;0
20210324 073400;8.580170;8.580580;8.578560;8.579800;0
20210324 073500;8.579800;8.580230;8.579300;8.580190;0
20210324 073600;8.580200;8.583070;8.579350;8.582830;0
20210324 073700;8.582940;8.584450;8.581260;8.583320;0
20210324 073800;8.583380;8.583870;8.581820;8.582500;0
20210324 073900;8.582400;8.583570;8.579680;8.580540;0
20210324 074000;8.580370;8.582560;8.580100;8.581760;0
20210324 074100;8.581840;8.584160;8.581840;8.583740;0
20210324 074200;8.583740;8.587360;8.582940;8.587230;0
20210324 074300;8.587250;8.587610;8.586100;8.586740;0
20210324 074400;8.586750;8.588220;8.586750;8.588100;0
20210324 074500;8.588190;8.588990;8.588110;8.588670;0
20210324 074600;8.588860;8.591530;8.588860;8.591080;0
20210324 074700;8.591070;8.596000;8.591040;8.596000;0
20210324 074800;8.596040;8.596230;8.592020;8.593090;0
20210324 074900;8.593180;8.593410;8.592210;8.592210;0
20210324 075000;8.592380;8.592380;8.588570;8.588750;0
20210324 075100;8.588450;8.589580;8.585480;8.585800;0
20210324 075200;8.585650;8.589300;8.585650;8.587050;0
20210324 075300;8.587050;8.589600;8.586290;8.588050;0
20210324 075400;8.588080;8.588450;8.585200;8.585450;0
20210324 075500;8.585420;8.585530;8.582720;8.584630;0
20210324 075600;8.584720;8.584910;8.580050;8.580620;0
20210324 075700;8.581550;8.582760;8.579960;8.582760;0
20210324 075800;8.582750;8.584320;8.581830;8.581860;0
20210324 075900;8.581780;8.583150;8.579580;8.582150;0
20210324 080000;8.582150;8.584280;8.581060;8.582910;0
20210324 080100;8.582830;8.588140;8.582820;8.583890;0
20210324 080200;8.583880;8.584580;8.583060;8.584430;0
20210324 080300;8.584210;8.587220;8.584210;8.585830;0
20210324 080400;8.585680;8.589060;8.585390;8.589050;0
20210324 080500;8.589050;8.589050;8.584310;8.584390;0
20210324 080600;8.584240;8.588410;8.582350;8.588180;0
20210324 080700;8.588170;8.590160;8.588060;8.589320;0
20210324 080800;8.589320;8.591070;8.589150;8.589910;0
20210324 080900;8.589930;8.591590;8.586760;8.586760;0
20210324 081000;8.586740;8.587820;8.585170;8.587500;0
20210324 081100;8.587620;8.588220;8.585400;8.588220;0
20210324 081200;8.588300;8.589310;8.588020;8.588960;0
20210324 081300;8.588880;8.590270;8.588650;8.590270;0
20210324 081400;8.590260;8.590260;8.585700;8.586630;0
20210324 081500;8.586510;8.589320;8.585520;8.588800;0
20210324 081600;8.588920;8.590160;8.586430;8.586990;0
20210324 081700;8.586990;8.587900;8.585670;8.585670;0
20210324 081800;8.585520;8.586070;8.583770;8.586040;0
20210324 081900;8.586400;8.586580;8.583620;8.585130;0
20210324 082000;8.585130;8.586330;8.584670;8.585730;0
20210324 082100;8.585730;8.585730;8.583450;8.584550;0
20210324 082200;8.584420;8.589520;8.584270;8.588940;0
20210324 082300;8.588850;8.590020;8.588620;8.589840;0
20210324 082400;8.589840;8.593880;8.589540;8.593880;0
20210324 082500;8.593740;8.593740;8.591140;8.591380;0
20210324 082600;8.591450;8.592700;8.588540;8.590050;0
20210324 082700;8.590120;8.593300;8.590120;8.593290;0
20210324 082800;8.593290;8.593590;8.591390;8.591610;0
20210324 082900;8.591600;8.591930;8.589660;8.591630;0
20210324 083000;8.591970;8.592050;8.588810;8.589740;0
20210324 083100;8.589700;8.590520;8.586760;8.586780;0
20210324 083200;8.586900;8.586900;8.584070;8.585170;0
20210324 083300;8.585080;8.585760;8.579610;8.585150;0
20210324 083400;8.585190;8.590800;8.585190;8.589570;0
20210324 083500;8.589440;8.590120;8.586900;8.588170;0
20210324 083600;8.588160;8.588300;8.583730;8.586140;0
20210324 083700;8.585920;8.586080;8.583400;8.584360;0
20210324 083800;8.584230;8.585790;8.583900;8.584590;0
20210324 083900;8.584580;8.588060;8.584580;8.587850;0
20210324 084000;8.587910;8.589510;8.586280;8.586450;0
20210324 084100;8.586450;8.590550;8.584060;8.584060;0
20210324 084200;8.583700;8.587960;8.583700;8.585630;0
20210324 084300;8.585560;8.586190;8.582970;8.583180;0
20210324 084400;8.583140;8.583370;8.578490;8.579100;0
20210324 084500;8.578840;8.578840;8.574520;8.577470;0
20210324 084600;8.577190;8.577190;8.575070;8.576320;0
20210324 084700;8.576610;8.584420;8.576370;8.579750;0
20210324 084800;8.579890;8.588040;8.579890;8.585060;0
20210324 084900;8.585220;8.591960;8.585220;8.591960;0
20210324 085000;8.591960;8.591960;8.585680;8.588180;0
20210324 085100;8.587970;8.591870;8.587860;8.590890;0
20210324 085200;8.590810;8.595400;8.590490;8.595400;0
20210324 085300;8.595550;8.597010;8.594440;8.594440;0
20210324 085400;8.594450;8.594790;8.590680;8.592990;0
20210324 085500;8.592960;8.593030;8.590870;8.592020;0
20210324 085600;8.592020;8.592560;8.586790;8.587310;0
20210324 085700;8.587390;8.588690;8.586810;8.588180;0
20210324 085800;8.588100;8.593890;8.588100;8.593800;0
20210324 085900;8.593770;8.594410;8.590950;8.591050;0
20210324 090000;8.591050;8.591380;8.585660;8.585790;0
20210324 090100;8.584790;8.585920;8.583140;8.585160;0
20210324 090200;8.585040;8.585040;8.579660;8.580030;0
20210324 090300;8.580040;8.583360;8.579950;8.583330;0
20210324 090400;8.583330;8.584010;8.582240;8.583010;0
20210324 090500;8.583010;8.585880;8.581340;8.585880;0
20210324 090600;8.585660;8.588420;8.585270;8.587120;0
20210324 090700;8.587050;8.591480;8.586860;8.591380;0
20210324 090800;8.591250;8.593300;8.588800;8.593070;0
20210324 090900;8.593060;8.594890;8.592290;8.592290;0
20210324 091000;8.592290;8.593580;8.588450;8.588480;0
20210324 091100;8.588470;8.588910;8.586960;8.587460;0
20210324 091200;8.587600;8.588090;8.586340;8.586600;0
20210324 091300;8.586560;8.588550;8.583710;8.588120;0
20210324 091400;8.587980;8.590290;8.587430;8.589710;0
20210324 091500;8.589580;8.592860;8.589470;8.592820;0
20210324 091600;8.592700;8.596090;8.591830;8.596090;0
20210324 091700;8.596190;8.599890;8.595690;8.598570;0
20210324 091800;8.598590;8.600060;8.596830;8.597560;0
20210324 091900;8.597840;8.601770;8.596760;8.601700;0
20210324 092000;8.601710;8.601710;8.596590;8.599170;0
20210324 092100;8.599180;8.599400;8.595440;8.596890;0
20210324 092200;8.596950;8.597260;8.595600;8.596920;0
20210324 092300;8.597250;8.597330;8.593000;8.596480;0
20210324 092400;8.596370;8.597240;8.593610;8.594720;0
20210324 092500;8.594580;8.595670;8.591910;8.593310;0
20210324 092600;8.593150;8.593200;8.591990;8.592330;0
20210324 092700;8.592290;8.593420;8.591120;8.592330;0
20210324 092800;8.592310;8.592380;8.587940;8.588470;0
20210324 092900;8.588560;8.591330;8.588130;8.588130;0
20210324 093000;8.588010;8.595440;8.588010;8.594290;0
20210324 093100;8.594450;8.596070;8.593910;8.594230;0
20210324 093200;8.594090;8.596460;8.593170;8.593840;0
20210324 093300;8.593970;8.599040;8.593970;8.598820;0
20210324 093400;8.598720;8.599290;8.598070;8.598140;0
20210324 093500;8.598040;8.598110;8.595400;8.595430;0
20210324 093600;8.595290;8.595490;8.591800;8.593550;0
20210324 093700;8.593410;8.593540;8.590120;8.591150;0
20210324 093800;8.591090;8.591150;8.589020;8.590450;0
20210324 093900;8.590450;8.591760;8.587720;8.588650;0
20210324 094000;8.588500;8.588500;8.585830;8.586160;0
20210324 094100;8.586180;8.587290;8.585820;8.586890;0
20210324 094200;8.586780;8.589040;8.586580;8.588790;0
20210324 094300;8.588920;8.590710;8.587150;8.590710;0
20210324 094400;8.590850;8.591610;8.589060;8.589750;0
20210324 094500;8.589720;8.589900;8.585760;8.586330;0
20210324 094600;8.586260;8.586260;8.581850;8.583320;0
20210324 094700;8.583260;8.586780;8.582330;8.586440;0
20210324 094800;8.586460;8.589230;8.586110;8.587300;0
20210324 094900;8.587220;8.587220;8.579860;8.582430;0
20210324 095000;8.582280;8.583730;8.578920;8.579100;0
20210324 095100;8.579100;8.581690;8.578340;8.578420;0
20210324 095200;8.578580;8.579460;8.577820;8.577880;0
20210324 095300;8.577930;8.578220;8.573930;8.574020;0
20210324 095400;8.574120;8.574730;8.567440;8.569040;0
20210324 095500;8.569320;8.574630;8.569150;8.574220;0
20210324 095600;8.574330;8.575540;8.572470;8.575540;0
20210324 095700;8.575680;8.575680;8.572800;8.573730;0
20210324 095800;8.573580;8.575500;8.572610;8.575500;0
20210324 095900;8.575420;8.576130;8.572640;8.575900;0
20210324 100000;8.575700;8.575720;8.574320;8.574550;0
20210324 100100;8.574740;8.575740;8.574090;8.574890;0
20210324 100200;8.574890;8.575370;8.573480;8.575370;0
20210324 100300;8.575050;8.575720;8.573760;8.573910;0
20210324 100400;8.573910;8.574200;8.572780;8.572870;0
20210324 100500;8.572810;8.572890;8.570470;8.570470;0
20210324 100600;8.570710;8.571540;8.569480;8.570010;0
20210324 100700;8.570020;8.573290;8.569890;8.573020;0
20210324 100800;8.573260;8.575440;8.573030;8.574070;0
20210324 100900;8.574510;8.574600;8.569910;8.570220;0
20210324 101000;8.570420;8.571130;8.566420;8.569580;0
20210324 101100;8.569700;8.571370;8.569520;8.569580;0
20210324 101200;8.569880;8.574010;8.569580;8.573620;0
20210324 101300;8.573650;8.573940;8.571700;8.572410;0
20210324 101400;8.572420;8.572420;8.570960;8.571330;0
20210324 101500;8.571190;8.571190;8.567420;8.568910;0
20210324 101600;8.568920;8.570380;8.568840;8.570260;0
20210324 101700;8.570320;8.572000;8.570260;8.570420;0
20210324 101800;8.570460;8.570880;8.569570;8.570740;0
20210324 101900;8.570710;8.571230;8.569770;8.571210;0
20210324 102000;8.571210;8.573350;8.571210;8.573350;0
20210324 102100;8.573220;8.575060;8.571800;8.573350;0
20210324 102200;8.573140;8.573830;8.571530;8.573830;0
20210324 102300;8.574000;8.575260;8.573540;8.574990;0
20210324 102400;8.574990;8.575480;8.573550;8.573550;0
20210324 102500;8.573660;8.573810;8.569360;8.572310;0
20210324 102600;8.572350;8.573040;8.569130;8.570230;0
20210324 102700;8.570160;8.573080;8.570070;8.572910;0
20210324 102800;8.572920;8.573210;8.571690;8.572680;0
20210324 102900;8.572690;8.575350;8.572680;8.573360;0
20210324 103000;8.573370;8.573880;8.568900;8.570210;0
20210324 103100;8.570370;8.574580;8.570250;8.572880;0
20210324 103200;8.573060;8.573290;8.570130;8.571770;0
20210324 103300;8.571560;8.571640;8.569700;8.571160;0
20210324 103400;8.571170;8.572680;8.570360;8.570780;0
20210324 103500;8.570870;8.572480;8.569900;8.572350;0
20210324 103600;8.572380;8.573180;8.571680;8.572660;0
20210324 103700;8.572660;8.573430;8.571890;8.572480;0
20210324 103800;8.572520;8.573130;8.569950;8.570260;0
20210324 103900;8.570410;8.570760;8.568390;8.569020;0
20210324 104000;8.569030;8.570360;8.568390;8.569590;0
20210324 104100;8.569650;8.570120;8.568150;8.568420;0
20210324 104200;8.568410;8.569460;8.567510;8.567520;0
20210324 104300;8.567520;8.568790;8.566690;8.568700;0
20210324 104400;8.568990;8.568990;8.560110;8.561270;0
20210324 104500;8.561220;8.562190;8.558320;8.560770;0
20210324 104600;8.560820;8.561210;8.553210;8.557030;0
20210324 104700;8.556950;8.561830;8.556950;8.560430;0
20210324 104800;8.560500;8.560860;8.557850;8.558300;0
20210324 104900;8.558210;8.561430;8.558020;8.561380;0
20210324 105000;8.561250;8.564840;8.560350;8.564350;0
20210324 105100;8.564360;8.564360;8.562700;8.562770;0
20210324 105200;8.562910;8.563610;8.560540;8.561480;0
20210324 105300;8.561480;8.563160;8.561130;8.562100;0
20210324 105400;8.562240;8.563930;8.562240;8.563930;0
20210324 105500;8.563900;8.564740;8.563810;8.564550;0
20210324 105600;8.564690;8.567440;8.563950;8.566400;0
20210324 105700;8.566390;8.568040;8.562350;8.563870;0
20210324 105800;8.563750;8.567020;8.561460;8.563490;0
20210324 105900;8.563510;8.564450;8.562470;8.564230;0
20210324 110000;8.564320;8.564320;8.559520;8.559520;0
20210324 110100;8.559540;8.563740;8.559540;8.563740;0
20210324 110200;8.563890;8.565090;8.563500;8.565090;0
20210324 110300;8.565330;8.565460;8.560700;8.561000;0
20210324 110400;8.560750;8.561650;8.559870;8.560630;0
20210324 110500;8.560480;8.562330;8.560400;8.560600;0
20210324 110600;8.560530;8.560770;8.556270;8.556590;0
20210324 110700;8.556540;8.559500;8.556480;8.558750;0
20210324 110800;8.558910;8.559590;8.558480;8.559310;0
20210324 110900;8.559090;8.559730;8.558250;8.559590;0
20210324 111000;8.559600;8.563450;8.559520;8.562330;0
20210324 111100;8.562330;8.562330;8.560370;8.561730;0
20210324 111200;8.561520;8.562120;8.560490;8.560500;0
20210324 111300;8.560590;8.561560;8.559940;8.560130;0
20210324 111400;8.560180;8.563940;8.559480;8.563790;0
20210324 111500;8.563940;8.563940;8.561590;8.562170;0
20210324 111600;8.562290;8.562580;8.561370;8.561880;0
20210324 111700;8.561870;8.562140;8.560000;8.560000;0
20210324 111800;8.559990;8.560790;8.557960;8.559600;0
20210324 111900;8.559460;8.560320;8.558040;8.558080;0
20210324 112000;8.557990;8.557990;8.556090;8.556290;0
20210324 112100;8.556230;8.556940;8.555500;8.555600;0
20210324 112200;8.555510;8.557250;8.555370;8.556430;0
20210324 112300;8.556580;8.557730;8.556580;8.557650;0
20210324 112400;8.557650;8.557680;8.556150;8.557640;0
20210324 112500;8.557620;8.558830;8.557560;8.558830;0
20210324 112600;8.558740;8.559710;8.558540;8.559420;0
20210324 112700;8.559420;8.561600;8.558810;8.560840;0
20210324 112800;8.560850;8.561060;8.557960;8.558350;0
20210324 112900;8.558360;8.558840;8.556520;8.556740;0
20210324 113000;8.556860;8.558640;8.556300;8.558090;0
20210324 113100;8.558300;8.558590;8.557890;8.557890;0
20210324 113200;8.557700;8.558700;8.557700;8.558670;0
20210324 113300;8.558670;8.560680;8.558610;8.558800;0
20210324 113400;8.558810;8.559240;8.558160;8.558310;0
20210324 113500;8.558170;8.558170;8.556660;8.557620;0
20210324 113600;8.557700;8.558150;8.557180;8.557180;0
20210324 113700;8.557260;8.557930;8.557260;8.557800;0
20210324 113800;8.557600;8.557600;8.555610;8.556000;0
20210324 113900;8.556090;8.556350;8.555990;8.555990;0
20210324 114000;8.555990;8.556410;8.555370;8.556330;0
20210324 114100;8.556270;8.557570;8.556260;8.556880;0
20210324 114200;8.556680;8.558300;8.556100;8.558190;0
20210324 114300;8.558200;8.559470;8.557670;8.558490;0
20210324 114400;8.558460;8.558460;8.556430;8.556850;0
20210324 114500;8.556770;8.558000;8.556500;8.556500;0
20210324 114600;8.556350;8.558540;8.556300;8.557770;0
20210324 114700;8.557770;8.559390;8.556520;8.559390;0
20210324 114800;8.559390;8.561420;8.559280;8.560770;0
20210324 114900;8.560780;8.561380;8.559770;8.561380;0
20210324 115000;8.561380;8.564290;8.561020;8.563680;0
20210324 115100;8.563790;8.567180;8.563630;8.566690;0
20210324 115200;8.566880;8.568560;8.566330;8.568470;0
20210324 115300;8.568590;8.569360;8.567490;8.569300;0
20210324 115400;8.569180;8.570360;8.568560;8.569830;0
20210324 115500;8.569760;8.571160;8.569420;8.570040;0
20210324 115600;8.570110;8.570110;8.568680;8.569230;0
20210324 115700;8.568920;8.570250;8.568730;8.569720;0
20210324 115800;8.569810;8.571450;8.569220;8.571450;0
20210324 115900;8.571370;8.571370;8.570350;8.571250;0
20210324 120000;8.571180;8.572130;8.571050;8.571820;0
20210324 120100;8.571730;8.571980;8.571030;8.571980;0
20210324 120200;8.572140;8.576950;8.572140;8.574260;0
20210324 120300;8.574260;8.574260;8.570860;8.570860;0
20210324 120400;8.570950;8.571570;8.570350;8.571250;0
20210324 120500;8.571120;8.571440;8.570300;8.570500;0
20210324 120600;8.570510;8.571040;8.570500;8.570520;0
20210324 120700;8.570530;8.571050;8.570390;8.570920;0
20210324 120800;8.570770;8.571320;8.570390;8.570620;0
20210324 120900;8.570620;8.571070;8.570370;8.570940;0
20210324 121000;8.570890;8.571660;8.570650;8.570820;0
20210324 121100;8.570790;8.571580;8.570720;8.571290;0
20210324 121200;8.571260;8.572230;8.571000;8.572050;0
20210324 121300;8.572180;8.574150;8.571900;8.574150;0
20210324 121400;8.574370;8.577600;8.574370;8.577210;0
20210324 121500;8.577350;8.579060;8.577350;8.577790;0
20210324 121600;8.577810;8.578490;8.577450;8.577550;0
20210324 121700;8.577420;8.577500;8.575810;8.576690;0
20210324 121800;8.576690;8.578000;8.576360;8.577450;0
20210324 121900;8.577280;8.577280;8.574900;8.576520;0
20210324 122000;8.576520;8.579840;8.576520;8.577970;0
20210324 122100;8.577950;8.580650;8.577670;8.579960;0
20210324 122200;8.579720;8.580760;8.579070;8.579640;0
20210324 122300;8.579630;8.579650;8.577920;8.577920;0
20210324 122400;8.577830;8.578800;8.577380;8.578480;0
20210324 122500;8.578480;8.578590;8.577800;8.577890;0
20210324 122600;8.577600;8.578180;8.577150;8.577840;0
20210324 122700;8.577840;8.577980;8.576310;8.576640;0
20210324 122800;8.576610;8.576700;8.574560;8.574560;0
20210324 122900;8.574550;8.574840;8.574270;8.574500;0
20210324 123000;8.574500;8.574560;8.573640;8.574390;0
20210324 123100;8.574430;8.574790;8.573250;8.573490;0
20210324 123200;8.573400;8.573480;8.572630;8.572830;0
20210324 123300;8.572780;8.573360;8.572400;8.572550;0
20210324 123400;8.572480;8.572740;8.572140;8.572370;0
20210324 123500;8.572380;8.572770;8.572190;8.572190;0
20210324 123600;8.572020;8.572520;8.570930;8.571250;0
20210324 123700;8.571250;8.571320;8.570860;8.571100;0
20210324 123800;8.570970;8.571410;8.570790;8.571350;0
20210324 123900;8.571240;8.571630;8.570990;8.571120;0
20210324 124000;8.571220;8.571610;8.571220;8.571340;0
20210324 124100;8.571300;8.571660;8.570860;8.571310;0
20210324 124200;8.571280;8.576470;8.571040;8.576470;0
20210324 124300;8.576550;8.580170;8.575950;8.580170;0
20210324 124400;8.580150;8.581280;8.579800;8.580910;0
20210324 124500;8.580820;8.583220;8.580820;8.583220;0
20210324 124600;8.583240;8.583330;8.581520;8.581520;0
20210324 124700;8.581390;8.581390;8.573780;8.575390;0
20210324 124800;8.575400;8.576270;8.574970;8.575400;0
20210324 124900;8.575370;8.576140;8.574790;8.574820;0
20210324 125000;8.574860;8.574860;8.570560;8.570560;0
20210324 125100;8.570560;8.571400;8.570560;8.571080;0
20210324 125200;8.571390;8.571670;8.570570;8.571310;0
20210324 125300;8.571250;8.571250;8.566420;8.567400;0
20210324 125400;8.567450;8.569120;8.566950;8.568070;0
20210324 125500;8.568070;8.568590;8.567450;8.568120;0
20210324 125600;8.568120;8.568580;8.567560;8.568040;0
20210324 125700;8.568040;8.568290;8.567700;8.568000;0
20210324 125800;8.567990;8.568800;8.567510;8.568780;0
20210324 125900;8.568690;8.569250;8.568640;8.569250;0
20210324 130000;8.569140;8.571640;8.568950;8.571070;0
20210324 130100;8.571070;8.574210;8.571070;8.573730;0
20210324 130200;8.574010;8.577260;8.571390;8.571720;0
20210324 130300;8.572080;8.574020;8.571950;8.573850;0
20210324 130400;8.573900;8.574290;8.571670;8.571880;0
20210324 130500;8.571870;8.572100;8.571190;8.572060;0
20210324 130600;8.571980;8.572760;8.571490;8.572260;0
20210324 130700;8.572020;8.572130;8.569500;8.569500;0
20210324 130800;8.569420;8.569730;8.568420;8.568420;0
20210324 130900;8.568260;8.569300;8.567750;8.569200;0
20210324 131000;8.569060;8.572060;8.569030;8.571980;0
20210324 131100;8.572170;8.573550;8.572170;8.573550;0
20210324 131200;8.573330;8.573330;8.572590;8.572590;0
20210324 131300;8.572370;8.572980;8.572300;8.572980;0
20210324 131400;8.572950;8.574120;8.572610;8.573620;0
20210324 131500;8.573480;8.573480;8.569700;8.569940;0
20210324 131600;8.569800;8.572620;8.569330;8.572280;0
20210324 131700;8.572230;8.572340;8.570300;8.570940;0
20210324 131800;8.570850;8.570850;8.569940;8.570280;0
20210324 131900;8.570200;8.570650;8.569860;8.569860;0
20210324 132000;8.570080;8.571480;8.569940;8.571010;0
20210324 132100;8.570790;8.570790;8.569650;8.570180;0
20210324 132200;8.570110;8.570110;8.568470;8.568870;0
20210324 132300;8.568850;8.570630;8.568630;8.570590;0
20210324 132400;8.570560;8.570560;8.568080;8.568680;0
20210324 132500;8.569070;8.569240;8.568870;8.569020;0
20210324 132600;8.568970;8.571690;8.568930;8.571380;0
20210324 132700;8.571300;8.571740;8.571140;8.571390;0
20210324 132800;8.571250;8.572300;8.570920;8.571660;0
20210324 132900;8.571840;8.575640;8.571660;8.575590;0
20210324 133000;8.575580;8.580680;8.575580;8.580290;0
20210324 133100;8.580290;8.581630;8.580120;8.581630;0
20210324 133200;8.581640;8.583200;8.581580;8.582530;0
20210324 133300;8.582520;8.582900;8.582090;8.582900;0
20210324 133400;8.582900;8.583760;8.582900;8.583440;0
20210324 133500;8.583590;8.584580;8.583470;8.583470;0
20210324 133600;8.583340;8.583660;8.583120;8.583580;0
20210324 133700;8.583460;8.583800;8.576190;8.578880;0
20210324 133800;8.578840;8.581880;8.578750;8.581880;0
20210324 133900;8.582160;8.582170;8.578900;8.580990;0
20210324 134000;8.580990;8.583090;8.580760;8.582730;0
20210324 134100;8.582720;8.583270;8.582200;8.582470;0
20210324 134200;8.582470;8.582920;8.581650;8.582780;0
20210324 134300;8.582650;8.582830;8.581620;8.582090;0
20210324 134400;8.582080;8.582350;8.580230;8.582350;0
20210324 134500;8.582270;8.582510;8.581030;8.581670;0
20210324 134600;8.581730;8.582560;8.579210;8.579670;0
20210324 134700;8.579460;8.579460;8.577650;8.577650;0
20210324 134800;8.577690;8.577890;8.573800;8.574730;0
20210324 134900;8.574400;8.576810;8.571590;8.576420;0
20210324 135000;8.576300;8.577330;8.576010;8.576530;0
20210324 135100;8.576320;8.577190;8.575110;8.575300;0
20210324 135200;8.575470;8.578310;8.574710;8.577930;0
20210324 135300;8.577910;8.578200;8.576790;8.578060;0
20210324 135400;8.578070;8.586040;8.577780;8.580570;0
20210324 135500;8.580730;8.581180;8.579970;8.580640;0
20210324 135600;8.580640;8.580830;8.579820;8.579840;0
20210324 135700;8.579830;8.580210;8.579140;8.580210;0
20210324 135800;8.580210;8.581190;8.580090;8.580810;0
20210324 135900;8.580810;8.580980;8.578130;8.580770;0
20210324 140000;8.580800;8.582320;8.580460;8.581890;0
20210324 140100;8.581900;8.582820;8.581890;8.582170;0
20210324 140200;8.582170;8.582610;8.581990;8.581990;0
20210324 140300;8.582080;8.582300;8.581590;8.581810;0
20210324 140400;8.581600;8.582360;8.581600;8.582360;0
20210324 140500;8.582430;8.583200;8.580640;8.580970;0
20210324 140600;8.580870;8.581530;8.580710;8.581530;0
20210324 140700;8.581460;8.581700;8.580980;8.581700;0
20210324 140800;8.581610;8.581610;8.580730;8.581030;0
20210324 140900;8.580890;8.581980;8.580890;8.581140;0
20210324 141000;8.580990;8.581210;8.579910;8.581080;0
20210324 141100;8.581210;8.581520;8.580730;8.581150;0
20210324 141200;8.581380;8.583020;8.581050;8.582610;0
20210324 141300;8.582320;8.583290;8.582280;8.582520;0
20210324 141400;8.582920;8.583310;8.582510;8.582870;0
20210324 141500;8.582870;8.583860;8.582570;8.583740;0
20210324 141600;8.583860;8.587790;8.583590;8.584350;0
20210324 141700;8.584200;8.584420;8.583620;8.584280;0
20210324 141800;8.584460;8.587500;8.582940;8.583270;0
20210324 141900;8.583390;8.583810;8.582730;8.582860;0
20210324 142000;8.582860;8.586290;8.582860;8.585080;0
20210324 142100;8.585130;8.586540;8.584460;8.586050;0
20210324 142200;8.586000;8.588480;8.586000;8.587640;0
20210324 142300;8.587710;8.589790;8.587710;8.587930;0
20210324 142400;8.587920;8.589060;8.587490;8.587640;0
20210324 142500;8.587710;8.590930;8.587620;8.590930;0
20210324 142600;8.590910;8.594670;8.590890;8.594430;0
20210324 142700;8.594430;8.594440;8.585420;8.588750;0
20210324 142800;8.588740;8.591360;8.588540;8.591150;0
20210324 142900;8.591150;8.591890;8.590910;8.591660;0
20210324 143000;8.591470;8.591650;8.591080;8.591480;0
20210324 143100;8.591480;8.591750;8.590770;8.591330;0
20210324 143200;8.591320;8.593330;8.591310;8.593080;0
20210324 143300;8.593240;8.593450;8.592720;8.592960;0
20210324 143400;8.593170;8.593170;8.592560;8.592560;0
20210324 143500;8.592410;8.593330;8.592250;8.592850;0
20210324 143600;8.592960;8.597070;8.592960;8.594110;0
20210324 143700;8.594550;8.594550;8.591200;8.592360;0
20210324 143800;8.592390;8.592900;8.592390;8.592840;0
20210324 143900;8.592820;8.594290;8.592080;8.594010;0
20210324 144000;8.594210;8.594260;8.593470;8.593510;0
20210324 144100;8.593590;8.594250;8.592980;8.593330;0
20210324 144200;8.593190;8.593340;8.591660;8.592290;0
20210324 144300;8.592360;8.592430;8.591420;8.591510;0
20210324 144400;8.591420;8.592020;8.588960;8.590980;0
20210324 144500;8.591020;8.591080;8.589720;8.589840;0
20210324 144600;8.589690;8.590820;8.589520;8.590510;0
20210324 144700;8.590350;8.590520;8.588990;8.589040;0
20210324 144800;8.589060;8.590540;8.589060;8.590460;0
20210324 144900;8.590470;8.590980;8.589740;8.590180;0
20210324 145000;8.590250;8.590920;8.590250;8.590480;0
20210324 145100;8.590610;8.591820;8.590610;8.591680;0
20210324 145200;8.591830;8.591940;8.591370;8.591940;0
20210324 145300;8.591940;8.591950;8.591190;8.591190;0
20210324 145400;8.591200;8.591750;8.591200;8.591390;0
20210324 145500;8.591610;8.592690;8.591600;8.592090;0
20210324 145600;8.592090;8.595350;8.591710;8.595050;0
20210324 145700;8.595270;8.598840;8.595270;8.598240;0
20210324 145800;8.598510;8.598560;8.592240;8.594300;0
20210324 145900;8.594290;8.598050;8.593610;8.597700;0
20210324 150000;8.597580;8.598170;8.593990;8.597180;0
20210324 150100;8.597290;8.598160;8.596870;8.598010;0
20210324 150200;8.598150;8.600150;8.597600;8.599810;0
20210324 150300;8.599730;8.599730;8.596670;8.596670;0
20210324 150400;8.596650;8.597850;8.595710;8.595710;0
20210324 150500;8.595760;8.596420;8.594860;8.596060;0
20210324 150600;8.596140;8.597700;8.595970;8.597570;0
20210324 150700;8.597570;8.599340;8.597000;8.599330;0
20210324 150800;8.599330;8.599470;8.599190;8.599470;0
20210324 150900;8.599470;8.599550;8.599470;8.599540;0
20210324 151000;8.599540;8.600100;8.599400;8.600090;0
20210324 151100;8.600090;8.600100;8.600010;8.600100;0
20210324 151200;8.600100;8.600100;8.599410;8.599780;0
20210324 151300;8.599790;8.600270;8.599780;8.600030;0
20210324 151400;8.599960;8.600380;8.599400;8.599910;0
20210324 151500;8.600060;8.600130;8.599400;8.599910;0
20210324 151600;8.599840;8.599840;8.599770;8.599840;0
20210324 151700;8.599710;8.599860;8.599270;8.599840;0
20210324 151800;8.599840;8.600280;8.599840;8.600220;0
20210324 151900;8.600220;8.600280;8.600220;8.600280;0
20210324 152000;8.600280;8.600580;8.599820;8.600440;0
20210324 152100;8.600440;8.600440;8.598200;8.600420;0
20210324 152200;8.600420;8.600560;8.600110;8.600340;0
20210324 152300;8.600410;8.603750;8.599750;8.601950;0
20210324 152400;8.601950;8.602290;8.600170;8.600840;0
20210324 152500;8.600840;8.600970;8.600610;8.600630;0
20210324 152600;8.600630;8.602150;8.593310;8.597220;0
20210324 152700;8.597020;8.597940;8.594020;8.597940;0
20210324 152800;8.597940;8.599590;8.595380;8.597550;0
20210324 152900;8.597550;8.597830;8.597000;8.597830;0
20210324 153000;8.597830;8.599200;8.595760;8.597130;0
20210324 153100;8.597680;8.599390;8.597680;8.599080;0
20210324 153200;8.599390;8.601630;8.599040;8.600090;0
20210324 153300;8.601120;8.601130;8.599420;8.600340;0
20210324 153400;8.600400;8.601220;8.599160;8.600250;0
20210324 153500;8.599780;8.601130;8.599250;8.599970;0
20210324 153600;8.600110;8.601740;8.599560;8.601590;0
20210324 153700;8.601590;8.602330;8.600960;8.601620;0
20210324 153800;8.601620;8.602430;8.601240;8.602000;0
20210324 153900;8.602140;8.602280;8.600740;8.600970;0
20210324 154000;8.600970;8.602120;8.600600;8.600920;0
20210324 154100;8.600670;8.602540;8.600640;8.602450;0
20210324 154200;8.602450;8.603150;8.601850;8.602400;0
20210324 154300;8.602400;8.602410;8.601380;8.601610;0
20210324 154400;8.601620;8.602610;8.601610;8.602050;0
20210324 154500;8.602130;8.602500;8.602050;8.602170;0
20210324 154600;8.602180;8.603520;8.602180;8.603510;0
20210324 154700;8.603670;8.603980;8.603090;8.603740;0
20210324 154800;8.603740;8.603890;8.603230;8.603490;0
20210324 154900;8.603480;8.603530;8.602460;8.602740;0
20210324 155000;8.602280;8.603060;8.601370;8.602300;0
20210324 155100;8.602300;8.602980;8.601660;8.602500;0
20210324 155200;8.602500;8.602560;8.601190;8.601870;0
20210324 155300;8.602250;8.603660;8.601910;8.603050;0
20210324 155400;8.603490;8.603490;8.602110;8.602110;0
20210324 155500;8.602110;8.602120;8.601110;8.601320;0
20210324 155600;8.601300;8.601730;8.601020;8.601620;0
20210324 155700;8.601730;8.601730;8.600300;8.600480;0
20210324 155800;8.600400;8.601530;8.600320;8.600430;0
20210324 155900;8.600320;8.600320;8.598430;8.599040;0
20210324 160000;8.599040;8.604320;8.598990;8.604120;0
20210324 160100;8.603920;8.603920;8.603920;8.603920;0
20210324 160200;8.603930;8.604120;8.603920;8.604020;0
20210324 160300;8.604020;8.604020;8.603920;8.603920;0
20210324 160500;8.603820;8.603920;8.603820;8.603920;0
20210324 160600;8.603920;8.603920;8.603720;8.603720;0
20210324 160700;8.603820;8.603820;8.603820;8.603820;0
20210324 161000;8.603920;8.603920;8.603920;8.603920;0
20210324 161300;8.604020;8.604020;8.604020;8.604020;0
20210324 161500;8.604220;8.604220;8.604220;8.604220;0
20210324 161600;8.603930;8.603930;8.603930;8.603930;0
20210324 161800;8.603820;8.604220;8.603820;8.604220;0
20210324 161900;8.604420;8.604420;8.604220;8.604220;0
20210324 162100;8.603720;8.603720;8.603720;8.603720;0
20210324 162300;8.603520;8.604220;8.603520;8.604220;0
20210324 162400;8.604620;8.605020;8.604620;8.605020;0
20210324 162500;8.604430;8.604430;8.604220;8.604220;0
20210324 162600;8.603420;8.603420;8.603420;8.603420;0
20210324 162700;8.603520;8.603520;8.603520;8.603520;0
20210324 162800;8.603120;8.603930;8.603120;8.603620;0
20210324 162900;8.603920;8.603920;8.603920;8.603920;0
20210324 163100;8.603820;8.603820;8.603820;8.603820;0
20210324 163200;8.603920;8.603920;8.603820;8.603820;0
20210324 163500;8.603620;8.603620;8.603620;8.603620;0
20210324 163800;8.604320;8.604320;8.604320;8.604320;0
20210324 163900;8.604120;8.604120;8.604120;8.604120;0
20210324 164200;8.603920;8.604330;8.602720;8.604220;0
20210324 164300;8.604420;8.604420;8.604420;8.604420;0
20210324 164600;8.604330;8.604330;8.604220;8.604220;0
20210324 164700;8.603830;8.603830;8.603520;8.603520;0
20210324 164800;8.603620;8.603620;8.603520;8.603520;0
20210324 164900;8.603420;8.603620;8.603420;8.603620;0
20210324 165000;8.603520;8.603520;8.602320;8.602320;0
20210324 165100;8.602320;8.602320;8.602320;8.602320;0
20210324 165200;8.602320;8.602400;8.597930;8.602230;0
20210324 165300;8.601220;8.601220;8.601020;8.601020;0
20210324 165400;8.601120;8.601120;8.601120;8.601120;0
20210324 165500;8.601020;8.601020;8.601020;8.601020;0
20210324 165800;8.601330;8.602220;8.601330;8.602220;0
20210324 165900;8.602220;8.602720;8.602120;8.602420;0
20210324 170000;8.602420;8.602720;8.600220;8.600220;0
20210324 170100;8.601720;8.602630;8.601430;8.601430;0
20210324 170200;8.600830;8.601930;8.600820;8.601120;0
20210324 170300;8.600920;8.601320;8.600320;8.600420;0
20210324 170400;8.600520;8.601020;8.598820;8.598920;0
20210324 170500;8.598940;8.599270;8.598130;8.598980;0
20210324 170600;8.598970;8.599520;8.598320;8.598830;0
20210324 170700;8.598840;8.599930;8.598420;8.599050;0
20210324 170800;8.599050;8.599940;8.598510;8.599650;0
20210324 170900;8.599570;8.600500;8.598850;8.599240;0
20210324 171000;8.599470;8.599660;8.598440;8.598840;0
20210324 171100;8.598850;8.600290;8.598840;8.599350;0
20210324 171200;8.599350;8.600210;8.598740;8.599360;0
20210324 171300;8.599360;8.599860;8.598560;8.598840;0
20210324 171400;8.598840;8.599890;8.598650;8.599050;0
20210324 171500;8.599150;8.599710;8.598470;8.598680;0
20210324 171600;8.598970;8.600310;8.598820;8.599520;0
20210324 171700;8.599520;8.600880;8.599520;8.599830;0
20210324 171800;8.599820;8.601870;8.599630;8.600540;0
20210324 171900;8.600550;8.602920;8.600490;8.602240;0
20210324 172000;8.602230;8.604740;8.601940;8.604740;0
20210324 172100;8.604140;8.604260;8.602230;8.603040;0
20210324 172200;8.603120;8.604940;8.602770;8.604310;0
20210324 172300;8.604240;8.604990;8.603730;8.603860;0
20210324 172400;8.603920;8.605360;8.603870;8.604600;0
20210324 172500;8.604590;8.605300;8.604180;8.604180;0
20210324 172600;8.604180;8.604390;8.603950;8.603980;0
20210324 172700;8.603970;8.604930;8.603480;8.603840;0
20210324 172800;8.603740;8.604650;8.603500;8.603900;0
20210324 172900;8.603900;8.605450;8.602680;8.603390;0
20210324 173000;8.603390;8.603760;8.602120;8.602330;0
20210324 173100;8.602580;8.603920;8.602320;8.603490;0
20210324 173200;8.603270;8.603550;8.602520;8.603380;0
20210324 173300;8.603380;8.603520;8.602630;8.603420;0
20210324 173400;8.603220;8.603830;8.602720;8.602720;0
20210324 173500;8.602830;8.603170;8.602490;8.602760;0
20210324 173600;8.603050;8.603060;8.602110;8.602400;0
20210324 173700;8.602400;8.603020;8.600620;8.601030;0
20210324 173800;8.600990;8.601500;8.600620;8.601230;0
20210324 173900;8.600920;8.601730;8.599520;8.600020;0
20210324 174000;8.600120;8.601720;8.599920;8.600280;0
20210324 174100;8.600360;8.601530;8.595020;8.597920;0
20210324 174200;8.597220;8.597930;8.595820;8.596020;0
20210324 174300;8.596230;8.599920;8.595320;8.597720;0
20210324 174400;8.597820;8.601220;8.597820;8.600320;0
20210324 174500;8.599920;8.600920;8.598320;8.600020;0
20210324 174600;8.600220;8.601120;8.599020;8.600420;0
20210324 174700;8.600620;8.601220;8.599420;8.599720;0
20210324 174800;8.599720;8.601020;8.599120;8.600420;0
20210324 174900;8.600820;8.601030;8.599520;8.600520;0
20210324 175000;8.600520;8.601720;8.599630;8.600720;0
20210324 175100;8.600530;8.601930;8.599420;8.601120;0
20210324 175200;8.601320;8.601930;8.599620;8.600420;0
20210324 175300;8.600020;8.601530;8.598340;8.601220;0
20210324 175400;8.601720;8.601720;8.599330;8.600430;0
20210324 175500;8.600020;8.601730;8.599220;8.599520;0
20210324 175600;8.599620;8.601420;8.599220;8.600120;0
20210324 175700;8.599920;8.601620;8.599420;8.601230;0
20210324 175800;8.601520;8.601820;8.599520;8.601120;0
20210324 175900;8.600320;8.602030;8.599520;8.600620;0
20210324 180000;8.601430;8.601630;8.598920;8.599920;0
20210324 180100;8.599920;8.600330;8.598420;8.599220;0
20210324 180200;8.599120;8.600930;8.598520;8.599920;0
20210324 180300;8.599820;8.600420;8.597920;8.598020;0
20210324 180400;8.598130;8.599920;8.597420;8.598020;0
20210324 180500;8.598020;8.599720;8.597720;8.598010;0
20210324 180600;8.598000;8.598820;8.597700;8.598220;0
20210324 180700;8.598020;8.599820;8.597420;8.597720;0
20210324 180800;8.597630;8.600020;8.597500;8.599020;0
20210324 180900;8.598620;8.599630;8.597920;8.598620;0
20210324 181000;8.598630;8.600120;8.598120;8.598930;0
20210324 181100;8.598960;8.599830;8.598120;8.599580;0
20210324 181200;8.599570;8.599570;8.598520;8.599080;0
20210324 181300;8.599050;8.600660;8.597720;8.598030;0
20210324 181400;8.598320;8.600330;8.597990;8.599920;0
20210324 181500;8.599620;8.600820;8.598020;8.600020;0
20210324 181600;8.600520;8.600520;8.598510;8.599330;0
20210324 181700;8.599330;8.600810;8.598450;8.600720;0
20210324 181800;8.600690;8.601620;8.600630;8.601600;0
20210324 181900;8.601600;8.601920;8.599330;8.600620;0
20210324 182000;8.600470;8.600540;8.598920;8.599910;0
20210324 182100;8.599910;8.600780;8.599220;8.600410;0
20210324 182200;8.600410;8.600910;8.599450;8.600120;0
20210324 182300;8.600150;8.600220;8.598120;8.598710;0
20210324 182400;8.598680;8.599830;8.598020;8.598330;0
20210324 182500;8.598320;8.600880;8.598000;8.600460;0
20210324 182600;8.600410;8.602020;8.599920;8.601630;0
20210324 182700;8.601820;8.601920;8.599490;8.599630;0
20210324 182800;8.599630;8.600920;8.598980;8.599620;0
20210324 182900;8.599730;8.601900;8.599420;8.601800;0
20210324 183000;8.601780;8.601830;8.600370;8.601300;0
20210324 183100;8.601280;8.602020;8.600500;8.601120;0
20210324 183200;8.601120;8.603120;8.600800;8.602320;0
20210324 183300;8.602320;8.603020;8.601620;8.602020;0
20210324 183400;8.602020;8.602830;8.601620;8.602050;0
20210324 183500;8.602030;8.602720;8.600850;8.600880;0
20210324 183600;8.600850;8.601820;8.600500;8.600590;0
20210324 183700;8.600550;8.602150;8.600420;8.601480;0
20210324 183800;8.601490;8.602220;8.601020;8.601320;0
20210324 183900;8.601330;8.601930;8.600810;8.600950;0
20210324 184000;8.601020;8.602150;8.600760;8.601420;0
20210324 184100;8.601430;8.602030;8.600820;8.601120;0
20210324 184200;8.600930;8.601830;8.596930;8.597220;0
20210324 184300;8.597120;8.599120;8.596770;8.599120;0
20210324 184400;8.599120;8.600530;8.597720;8.599620;0
20210324 184500;8.599620;8.600220;8.598820;8.599620;0
20210324 184600;8.599630;8.600220;8.591920;8.594420;0
20210324 184700;8.594630;8.598020;8.593320;8.595430;0
20210324 184800;8.595720;8.598230;8.595120;8.596420;0
20210324 184900;8.596820;8.598930;8.596620;8.597920;0
20210324 185000;8.597920;8.598820;8.596520;8.597620;0
20210324 185100;8.597620;8.598430;8.594720;8.595030;0
20210324 185200;8.594940;8.597820;8.594320;8.596420;0
20210324 185300;8.596730;8.598320;8.595620;8.596730;0
20210324 185400;8.597130;8.598120;8.595270;8.597220;0
20210324 185500;8.597230;8.597230;8.594620;8.595120;0
20210324 185600;8.595120;8.597320;8.594820;8.596620;0
20210324 185700;8.596320;8.597630;8.595320;8.596020;0
20210324 185800;8.596220;8.598620;8.595720;8.596420;0
20210324 185900;8.596730;8.598320;8.595820;8.597020;0
20210324 190000;8.596920;8.598320;8.595620;8.596950;0
20210324 190100;8.596930;8.598820;8.596600;8.597750;0
20210324 190200;8.597690;8.599320;8.586470;8.589690;0
20210324 190300;8.589700;8.602030;8.586790;8.600620;0
20210324 190400;8.600520;8.601430;8.598320;8.599120;0
20210324 190500;8.598920;8.601720;8.579820;8.584110;0
20210324 190600;8.583790;8.589130;8.581290;8.588780;0
20210324 190700;8.588780;8.600530;8.587280;8.599520;0
20210324 190800;8.599320;8.601330;8.598520;8.600430;0
20210324 190900;8.600630;8.600830;8.598460;8.599710;0
20210324 191000;8.599970;8.599970;8.598650;8.598970;0
20210324 191100;8.598970;8.598970;8.597880;8.597950;0
20210324 191200;8.597920;8.598140;8.597920;8.598000;0
20210324 191300;8.598070;8.598070;8.580350;8.584020;0
20210324 191400;8.584980;8.585920;8.577320;8.584620;0
20210324 191500;8.583430;8.598020;8.577630;8.595520;0
20210324 191600;8.595520;8.597130;8.594220;8.595420;0
20210324 191700;8.595620;8.596020;8.577320;8.582460;0
20210324 191800;8.581280;8.587260;8.578020;8.587250;0
20210324 191900;8.587250;8.600320;8.587250;8.594420;0
20210324 192000;8.594520;8.596720;8.593830;8.594250;0
20210324 192100;8.594260;8.595330;8.578170;8.580540;0
20210324 192200;8.581620;8.591420;8.578730;8.588120;0
20210324 192300;8.588030;8.590930;8.582050;8.590120;0
20210324 192400;8.590020;8.595310;8.589720;8.593490;0
20210324 192500;8.593880;8.595170;8.588300;8.591620;0
20210324 192600;8.591820;8.591820;8.588420;8.589830;0
20210324 192700;8.589930;8.592200;8.589020;8.592190;0
20210324 192800;8.591720;8.593130;8.590420;8.590920;0
20210324 192900;8.590920;8.591230;8.589720;8.590020;0
20210324 193000;8.590020;8.591090;8.589320;8.590820;0
20210324 193100;8.590830;8.591330;8.590130;8.590630;0
20210324 193200;8.590820;8.591430;8.589740;8.591020;0
20210324 193300;8.590920;8.591920;8.590220;8.591420;0
20210324 193400;8.591120;8.591720;8.590520;8.591220;0
20210324 193500;8.591120;8.592320;8.590120;8.590240;0
20210324 193600;8.590240;8.593600;8.589820;8.590330;0
20210324 193700;8.590320;8.591970;8.589810;8.591630;0
20210324 193800;8.591630;8.591630;8.590830;8.591250;0
20210324 193900;8.591270;8.593750;8.590340;8.590990;0
20210324 194000;8.590910;8.594170;8.590430;8.593220;0
20210324 194100;8.593300;8.594490;8.591570;8.593150;0
20210324 194200;8.592990;8.595140;8.590120;8.594150;0
20210324 194300;8.593120;8.595550;8.591160;8.593900;0
20210324 194400;8.594310;8.595650;8.591330;8.592930;0
20210324 194500;8.592920;8.594050;8.589920;8.593600;0
20210324 194600;8.593760;8.596480;8.590520;8.595810;0
20210324 194700;8.595850;8.596220;8.589120;8.590850;0
20210324 194800;8.590850;8.591130;8.589220;8.589890;0
20210324 194900;8.589890;8.592720;8.589870;8.590000;0
20210324 195000;8.590520;8.590520;8.589230;8.589230;0
20210324 195100;8.589220;8.595690;8.589020;8.594760;0
20210324 195200;8.594760;8.595380;8.589800;8.592520;0
20210324 195300;8.592720;8.592720;8.588020;8.592050;0
20210324 195400;8.592120;8.592670;8.586160;8.590780;0
20210324 195500;8.591000;8.591350;8.584560;8.587060;0
20210324 195600;8.587190;8.588200;8.584510;8.585800;0
20210324 195700;8.585810;8.588080;8.585780;8.587760;0
20210324 195800;8.587890;8.587890;8.584490;8.584500;0
20210324 195900;8.584410;8.585410;8.584000;8.584790;0
20210324 200000;8.585000;8.591780;8.584780;8.591450;0
20210324 200100;8.591540;8.591900;8.589250;8.589400;0
20210324 200200;8.589400;8.589400;8.587970;8.588460;0
20210324 200300;8.588380;8.588660;8.588360;8.588660;0
20210324 200400;8.588690;8.589520;8.588690;8.589520;0
20210324 200500;8.589460;8.590040;8.589460;8.590040;0
20210324 200600;8.590120;8.591070;8.590040;8.591070;0
20210324 200700;8.591220;8.592380;8.591220;8.592380;0
20210324 200800;8.592450;8.593110;8.592450;8.592740;0
20210324 200900;8.592700;8.592740;8.592160;8.592740;0
20210324 201000;8.592890;8.594760;8.592740;8.594760;0
20210324 201100;8.594850;8.597740;8.594500;8.596850;0
20210324 201200;8.596850;8.597070;8.596670;8.596670;0
20210324 201300;8.596550;8.596550;8.595290;8.595590;0
20210324 201400;8.595450;8.595480;8.594790;8.595480;0
20210324 201500;8.595560;8.595870;8.595040;8.595190;0
20210324 201600;8.595260;8.595260;8.594690;8.595050;0
20210324 201700;8.594920;8.595050;8.594030;8.594320;0
20210324 201800;8.594420;8.595790;8.594420;8.595140;0
20210324 201900;8.595220;8.595680;8.594880;8.595680;0
20210324 202000;8.595560;8.596000;8.595070;8.595070;0
20210324 202100;8.595210;8.595610;8.594850;8.595610;0
20210324 202200;8.595470;8.596600;8.595470;8.596430;0
20210324 202300;8.596370;8.596860;8.596300;8.596860;0
20210324 202400;8.596500;8.596730;8.595920;8.596580;0
20210324 202500;8.596500;8.596570;8.596430;8.596430;0
20210324 202600;8.596500;8.596500;8.595920;8.596060;0
20210324 202700;8.596280;8.596790;8.595990;8.596790;0
20210324 202800;8.596730;8.596730;8.595020;8.595030;0
20210324 202900;8.595020;8.595020;8.594440;8.594800;0
20210324 203000;8.595020;8.595910;8.594860;8.595760;0
20210324 203100;8.595910;8.596100;8.595230;8.595890;0
20210324 203200;8.596030;8.600470;8.596030;8.600470;0
20210324 203300;8.600620;8.603250;8.600370;8.602950;0
20210324 203400;8.603030;8.608100;8.602270;8.603490;0
20210324 203500;8.603530;8.605750;8.603530;8.605360;0
20210324 203600;8.605440;8.607010;8.605440;8.606520;0
20210324 203700;8.606550;8.609220;8.605670;8.609220;0
20210324 203800;8.609470;8.609470;8.606260;8.607100;0
20210324 203900;8.607060;8.607620;8.606870;8.607210;0
20210324 204000;8.607430;8.607430;8.605760;8.605890;0
20210324 204100;8.605890;8.607370;8.605700;8.606800;0
20210324 204200;8.606530;8.606530;8.601310;8.601960;0
20210324 204300;8.601890;8.601890;8.598210;8.599980;0
20210324 204400;8.599840;8.600490;8.598470;8.598740;0
20210324 204500;8.598880;8.601470;8.598830;8.600420;0
20210324 204600;8.600560;8.601060;8.598930;8.600400;0
20210324 204700;8.600060;8.600440;8.598400;8.598710;0
20210324 204800;8.598580;8.599400;8.597330;8.597850;0
20210324 204900;8.597770;8.600050;8.597340;8.597700;0
20210324 205000;8.597790;8.600250;8.597790;8.598350;0
20210324 205100;8.598450;8.604150;8.598340;8.602830;0
20210324 205200;8.602740;8.602740;8.600480;8.601040;0
20210324 205300;8.601130;8.602210;8.600400;8.600420;0
20210324 205400;8.600480;8.602180;8.600470;8.601700;0
20210324 205500;8.601770;8.602320;8.600830;8.600860;0
20210324 205600;8.600860;8.602080;8.597040;8.600050;0
20210324 205700;8.599760;8.600100;8.597990;8.598380;0
20210324 205800;8.598040;8.599160;8.597910;8.598940;0
20210324 205900;8.598930;8.599900;8.598060;8.599720;0
20210324 210000;8.599670;8.600660;8.595590;8.599180;0
20210324 210100;8.599180;8.599400;8.593950;8.595340;0
20210324 210200;8.595360;8.599700;8.594000;8.595880;0
20210324 210300;8.595810;8.598360;8.594630;8.594630;0
20210324 210400;8.594700;8.595140;8.591910;8.591910;0
20210324 210500;8.591910;8.594510;8.577820;8.587430;0
20210324 210600;8.587430;8.596680;8.587240;8.588920;0
20210324 210700;8.589020;8.592150;8.585940;8.586090;0
20210324 210800;8.586090;8.589530;8.580420;8.585980;0
20210324 210900;8.586090;8.587250;8.580720;8.583550;0
20210324 211000;8.583790;8.584370;8.580100;8.582460;0
20210324 211100;8.583380;8.585050;8.580900;8.583050;0
20210324 211200;8.583080;8.586690;8.583080;8.586690;0
20210324 211300;8.586860;8.587350;8.584450;8.584450;0
20210324 211400;8.585420;8.589490;8.584280;8.588980;0
20210324 211500;8.588920;8.588920;8.583920;8.584750;0
20210324 211600;8.584880;8.585170;8.584590;8.584910;0
20210324 211700;8.584840;8.584910;8.583890;8.583890;0
20210324 211800;8.583970;8.584620;8.583970;8.584620;0
20210324 211900;8.584770;8.585270;8.584620;8.584980;0
20210324 212000;8.585200;8.589400;8.573070;8.577630;0
20210324 212100;8.577630;8.578910;8.572980;8.578910;0
20210324 212200;8.579510;8.585460;8.578110;8.584680;0
20210324 212300;8.584370;8.584370;8.574720;8.581430;0
20210324 212400;8.581420;8.583210;8.580420;8.583210;0
20210324 212500;8.583380;8.584510;8.575690;8.582120;0
20210324 212600;8.582120;8.583420;8.581320;8.583220;0
20210324 212700;8.583430;8.585730;8.577710;8.578820;0
20210324 212800;8.578730;8.587170;8.578720;8.581330;0
20210324 212900;8.581220;8.584230;8.576920;8.581580;0
20210324 213000;8.581700;8.582220;8.580340;8.580440;0
20210324 213100;8.580580;8.586560;8.577230;8.579320;0
20210324 213200;8.579520;8.583010;8.579420;8.583010;0
20210324 213300;8.583500;8.585790;8.583500;8.585780;0
20210324 213400;8.585850;8.585850;8.577820;8.580180;0
20210324 213500;8.580180;8.584800;8.580180;8.584800;0
20210324 213600;8.584750;8.587450;8.584750;8.585030;0
20210324 213700;8.584960;8.588700;8.578920;8.580450;0
20210324 213800;8.580290;8.589670;8.578820;8.580820;0
20210324 213900;8.580720;8.585270;8.580420;8.583120;0
20210324 214000;8.583390;8.585860;8.581580;8.582720;0
20210324 214100;8.582620;8.583520;8.582280;8.583290;0
20210324 214200;8.583280;8.584330;8.582590;8.584200;0
20210324 214300;8.584240;8.584240;8.583910;8.583990;0
20210324 214400;8.584060;8.585910;8.580660;8.584560;0
20210324 214500;8.584720;8.585050;8.576890;8.584510;0
20210324 214600;8.584510;8.586830;8.576970;8.586460;0
20210324 214700;8.586600;8.591480;8.586420;8.587150;0
20210324 214800;8.587150;8.587810;8.586630;8.587780;0
20210324 214900;8.587570;8.588720;8.587570;8.588340;0
20210324 215000;8.588320;8.588370;8.586470;8.586470;0
20210324 215100;8.586560;8.588910;8.586560;8.588760;0
20210324 215200;8.588690;8.589210;8.587960;8.587960;0
20210324 215300;8.587890;8.587960;8.587460;8.587670;0
20210324 215400;8.587530;8.587820;8.586440;8.586510;0
20210324 215500;8.586520;8.586520;8.585980;8.586140;0
20210324 215600;8.586070;8.586130;8.585910;8.585990;0
20210324 215700;8.586060;8.586060;8.585180;8.585180;0
20210324 215800;8.585110;8.585920;8.584960;8.585910;0
20210324 215900;8.585910;8.585910;8.585110;8.585760;0
20210324 220000;8.585690;8.585990;8.585120;8.585120;0
20210324 220100;8.585210;8.585290;8.584420;8.584550;0
20210324 220200;8.584410;8.584550;8.584200;8.584550;0
20210324 220300;8.584620;8.585570;8.584620;8.585570;0
20210324 220400;8.585650;8.585720;8.584770;8.584770;0
20210324 220500;8.584630;8.584990;8.584330;8.584990;0
20210324 220600;8.584940;8.589320;8.584930;8.586180;0
20210324 220700;8.586120;8.586640;8.585900;8.586640;0
20210324 220800;8.586660;8.586660;8.586520;8.586590;0
20210324 220900;8.586650;8.587480;8.586530;8.586940;0
20210324 221000;8.586790;8.587540;8.586350;8.586910;0
20210324 221100;8.587030;8.587510;8.586710;8.587160;0
20210324 221200;8.587200;8.587300;8.586570;8.586710;0
20210324 221300;8.586740;8.586960;8.586450;8.586710;0
20210324 221400;8.586630;8.586920;8.586530;8.586560;0
20210324 221500;8.586190;8.586190;8.584120;8.584180;0
20210324 221600;8.584260;8.584860;8.584180;8.584860;0
20210324 221700;8.585010;8.585370;8.584950;8.584950;0
20210324 221800;8.585010;8.585150;8.584930;8.584930;0
20210324 221900;8.585090;8.585150;8.585010;8.585080;0
20210324 222000;8.585220;8.585730;8.585220;8.585730;0
20210324 222100;8.585670;8.585730;8.585510;8.585730;0
20210324 222200;8.585800;8.586100;8.585660;8.585950;0
20210324 222300;8.585880;8.585880;8.585090;8.585090;0
20210324 222400;8.585030;8.585030;8.584630;8.584630;0
20210324 222500;8.584480;8.584480;8.584110;8.584110;0
20210324 222600;8.584260;8.584560;8.584260;8.584480;0
20210324 222700;8.584620;8.584920;8.584330;8.584410;0
20210324 222800;8.584490;8.584490;8.583990;8.584200;0
20210324 222900;8.584350;8.584350;8.583960;8.584110;0
20210324 223000;8.584040;8.584040;8.583440;8.583660;0
20210324 223100;8.583730;8.584450;8.583580;8.584450;0
20210324 223200;8.584450;8.584590;8.584230;8.584590;0
20210324 223300;8.584480;8.584480;8.584230;8.584230;0
20210324 223400;8.584300;8.584540;8.584300;8.584540;0
20210324 223500;8.584630;8.595200;8.575920;8.589190;0
20210324 223600;8.589450;8.591720;8.585530;8.589970;0
20210324 223700;8.589930;8.589930;8.588760;8.589560;0
20210324 223800;8.589700;8.589950;8.589360;8.589950;0
20210324 223900;8.590030;8.590960;8.589510;8.590600;0
20210324 224000;8.590670;8.590840;8.590560;8.590560;0
20210324 224100;8.590620;8.591430;8.590620;8.591380;0
20210324 224200;8.591230;8.591320;8.590940;8.591320;0
20210324 224300;8.591390;8.591600;8.591090;8.591360;0
20210324 224400;8.591220;8.591360;8.591070;8.591070;0
20210324 224500;8.591150;8.591360;8.590990;8.591200;0
20210324 224600;8.591140;8.591140;8.590360;8.590570;0
20210324 224700;8.590650;8.591080;8.590420;8.590570;0
20210324 224800;8.590720;8.590860;8.590210;8.590280;0
20210324 224900;8.590210;8.591300;8.590210;8.590500;0
20210324 225000;8.590570;8.592020;8.590350;8.591900;0
20210324 225100;8.591950;8.592100;8.591730;8.591730;0
20210324 225200;8.591440;8.592100;8.591370;8.591740;0
20210324 225300;8.591810;8.591890;8.590790;8.591300;0
20210324 225400;8.591370;8.591950;8.591370;8.591520;0
20210324 225500;8.591460;8.591690;8.591080;8.591690;0
20210324 225600;8.591830;8.591980;8.590540;8.590540;0
20210324 225700;8.590610;8.591120;8.590610;8.590900;0
20210324 225800;8.590830;8.591630;8.590830;8.591630;0
20210324 225900;8.591570;8.591570;8.590770;8.591410;0
20210324 230000;8.591420;8.591850;8.591050;8.591120;0
20210324 230100;8.590980;8.591570;8.590980;8.591420;0
20210324 230200;8.591580;8.591580;8.590550;8.590840;0
20210324 230300;8.591060;8.591060;8.590270;8.590270;0
20210324 230400;8.590410;8.590740;8.577820;8.584380;0
20210324 230500;8.584460;8.584460;8.583410;8.583450;0
20210324 230600;8.583360;8.592230;8.583250;8.589300;0
20210324 230700;8.589300;8.590750;8.588810;8.590750;0
20210324 230800;8.590870;8.591050;8.589390;8.590270;0
20210324 230900;8.590330;8.590550;8.590040;8.590040;0
20210324 231000;8.590140;8.591090;8.578930;8.583830;0
20210324 231100;8.584160;8.584450;8.580930;8.583510;0
20210324 231200;8.583610;8.585410;8.582760;8.584870;0
20210324 231300;8.584970;8.586490;8.584900;8.586190;0
20210324 231400;8.586080;8.586200;8.585140;8.585220;0
20210324 231500;8.585370;8.586460;8.585370;8.586100;0
20210324 231600;8.586240;8.586400;8.586180;8.586400;0
20210324 231700;8.586330;8.588780;8.586210;8.588560;0
20210324 231800;8.588630;8.588630;8.588100;8.588180;0
20210324 231900;8.588100;8.590710;8.587790;8.590510;0
20210324 232000;8.590440;8.590440;8.579520;8.583480;0
20210324 232100;8.583400;8.586420;8.583120;8.585560;0
20210324 232200;8.585280;8.586350;8.585230;8.586000;0
20210324 232300;8.585840;8.586470;8.584980;8.584980;0
20210324 232400;8.584920;8.585820;8.584910;8.585810;0
20210324 232500;8.585880;8.586250;8.585380;8.585430;0
20210324 232600;8.585350;8.586460;8.585160;8.585510;0
20210324 232700;8.585510;8.586460;8.585510;8.586390;0
20210324 232800;8.586450;8.586530;8.585070;8.585930;0
20210324 232900;8.586000;8.586080;8.585210;8.585870;0
20210324 233000;8.585740;8.586680;8.585430;8.585650;0
20210324 233100;8.585880;8.586520;8.585220;8.585500;0
20210324 233200;8.585620;8.585620;8.584590;8.585110;0
20210324 233300;8.584950;8.585110;8.584810;8.584810;0
20210324 233400;8.584750;8.584960;8.584080;8.584450;0
20210324 233600;8.584370;8.589550;8.584220;8.589350;0
20210324 233700;8.589350;8.590880;8.589190;8.589190;0
20210324 233800;8.589190;8.589580;8.581720;8.584020;0
20210324 233900;8.584020;8.584820;8.581280;8.581280;0
20210324 234000;8.581280;8.587320;8.581080;8.587320;0
20210324 234100;8.587220;8.589680;8.586910;8.589680;0
20210324 234200;8.589820;8.591610;8.589820;8.591600;0
20210324 234300;8.591760;8.591800;8.591260;8.591480;0
20210324 234400;8.591710;8.591990;8.591630;8.591630;0
20210324 234500;8.591650;8.593260;8.591650;8.593180;0
20210324 234600;8.593300;8.593550;8.584320;8.591600;0
20210324 234700;8.591470;8.594460;8.591470;8.593430;0
20210324 234800;8.593510;8.593510;8.584820;8.589230;0
20210324 234900;8.589160;8.590390;8.588730;8.589500;0
20210324 235000;8.589750;8.589750;8.589480;8.589480;0
20210324 235100;8.589550;8.589690;8.589550;8.589690;0
20210324 235200;8.589650;8.589750;8.589040;8.589040;0
20210324 235300;8.589120;8.589320;8.589120;8.589260;0
20210324 235400;8.589030;8.589030;8.589030;8.589030;0
20210324 235500;8.589170;8.589320;8.589170;8.589260;0
20210324 235600;8.589340;8.589540;8.589340;8.589540;0
20210324 235800;8.589400;8.589540;8.589400;8.589540;0
20210324 235900;8.589400;8.589490;8.589330;8.589490;0
20210325 000000;8.589640;8.589930;8.589640;8.589850;0
20210325 000100;8.589930;8.590220;8.588630;8.589070;0
20210325 000200;8.589010;8.589720;8.589010;8.589510;0
20210325 000300;8.589510;8.589650;8.589450;8.589450;0
20210325 000400;8.589370;8.589590;8.588930;8.588930;0
20210325 000500;8.588650;8.588920;8.588320;8.588920;0
20210325 000600;8.589000;8.589070;8.588650;8.588650;0
20210325 000700;8.588650;8.588650;8.588200;8.588340;0
20210325 000800;8.588340;8.588410;8.587260;8.587550;0
20210325 000900;8.587490;8.587850;8.587490;8.587850;0
20210325 001000;8.587700;8.588220;8.587700;8.588220;0
20210325 001100;8.588220;8.588430;8.588130;8.588350;0
20210325 001200;8.588500;8.588860;8.588500;8.588860;0
20210325 001300;8.588910;8.589050;8.588910;8.589050;0
20210325 001400;8.588840;8.588840;8.587310;8.587310;0
20210325 001500;8.587150;8.587450;8.587000;8.587170;0
20210325 001600;8.587250;8.587390;8.586730;8.586730;0
20210325 001700;8.586870;8.586870;8.586150;8.586220;0
20210325 001800;8.586290;8.586290;8.585930;8.586290;0
20210325 001900;8.586510;8.588990;8.586440;8.588900;0
20210325 002000;8.588840;8.588840;8.587640;8.587640;0
20210325 002100;8.587850;8.588830;8.587840;8.588830;0
20210325 002200;8.588970;8.589980;8.588970;8.589700;0
20210325 002300;8.589500;8.589500;8.589360;8.589360;0
20210325 002400;8.589210;8.589210;8.588880;8.589160;0
20210325 002500;8.589000;8.589220;8.589000;8.589220;0
20210325 002600;8.589150;8.589150;8.588930;8.588930;0
20210325 002800;8.588860;8.588860;8.588280;8.588280;0
20210325 002900;8.588420;8.588640;8.586150;8.586150;0
20210325 003000;8.586150;8.586360;8.585570;8.586140;0
20210325 003100;8.586210;8.586590;8.586210;8.586590;0
20210325 003200;8.586460;8.586680;8.586340;8.586680;0
20210325 003300;8.586560;8.588880;8.586560;8.588650;0
20210325 003400;8.588580;8.588590;8.588440;8.588440;0
20210325 003500;8.588520;8.588520;8.588370;8.588370;0
20210325 003600;8.588230;8.588660;8.588000;8.588000;0
20210325 003700;8.588160;8.588450;8.588160;8.588220;0
20210325 003800;8.588220;8.588360;8.588220;8.588360;0
20210325 003900;8.588650;8.589350;8.588510;8.589260;0
20210325 004000;8.589350;8.590010;8.589250;8.590010;0
20210325 004100;8.589990;8.590100;8.589990;8.590000;0
20210325 004200;8.589780;8.589780;8.589780;8.589780;0
20210325 004300;8.589850;8.590470;8.589850;8.590320;0
20210325 004400;8.590250;8.590320;8.589530;8.589610;0
20210325 004500;8.589540;8.589750;8.588640;8.589000;0
20210325 004600;8.589050;8.589710;8.589000;8.589280;0
20210325 004700;8.589420;8.590720;8.589420;8.590720;0
20210325 004800;8.590800;8.593280;8.590800;8.593280;0
20210325 004900;8.593430;8.595140;8.593320;8.594650;0
20210325 005000;8.594520;8.594950;8.593270;8.593400;0
20210325 005100;8.593520;8.594020;8.592380;8.592380;0
20210325 005200;8.592310;8.592310;8.591640;8.591640;0
20210325 005300;8.591530;8.591530;8.589920;8.589920;0
20210325 005400;8.589840;8.591040;8.589560;8.590900;0
20210325 005500;8.590970;8.591190;8.590260;8.590450;0
20210325 005600;8.590370;8.594470;8.590370;8.592450;0
20210325 005700;8.592580;8.594050;8.592480;8.592640;0
20210325 005800;8.592650;8.592730;8.591670;8.592730;0
20210325 005900;8.592730;8.595410;8.592530;8.595410;0
20210325 010000;8.595630;8.598480;8.595100;8.598480;0
20210325 010100;8.598190;8.598510;8.597500;8.598310;0
20210325 010200;8.598370;8.598740;8.598150;8.598530;0
20210325 010300;8.598370;8.599130;8.598310;8.599130;0
20210325 010400;8.599350;8.600900;8.599350;8.600250;0
20210325 010500;8.600100;8.600100;8.599510;8.599870;0
20210325 010600;8.600020;8.602880;8.598550;8.598950;0
20210325 010700;8.599500;8.600050;8.598950;8.599360;0
20210325 010800;8.599360;8.599650;8.598470;8.598470;0
20210325 010900;8.598470;8.598780;8.596810;8.597460;0
20210325 011000;8.597540;8.598790;8.597540;8.598550;0
20210325 011100;8.598450;8.598930;8.597220;8.598270;0
20210325 011200;8.598200;8.598660;8.598200;8.598660;0
20210325 011300;8.598880;8.600740;8.597250;8.597250;0
20210325 011400;8.597260;8.597790;8.596950;8.597750;0
20210325 011500;8.597680;8.597900;8.595830;8.595970;0
20210325 011600;8.595510;8.596030;8.594710;8.594990;0
20210325 011700;8.594830;8.594830;8.593510;8.593950;0
20210325 011800;8.593550;8.594280;8.593550;8.594280;0
20210325 011900;8.594500;8.595220;8.594500;8.594640;0
20210325 012000;8.594790;8.596910;8.594790;8.596910;0
20210325 012100;8.596960;8.598220;8.596910;8.598220;0
20210325 012200;8.598300;8.599250;8.598300;8.598660;0
20210325 012300;8.598370;8.598960;8.598240;8.598240;0
20210325 012400;8.598320;8.598320;8.596240;8.596380;0
20210325 012500;8.596250;8.596380;8.595800;8.596380;0
20210325 012600;8.596310;8.596310;8.596030;8.596130;0
20210325 012700;8.596210;8.598630;8.595480;8.598250;0
20210325 012800;8.598210;8.600170;8.598050;8.599880;0
20210325 012900;8.599890;8.600170;8.599810;8.600170;0
20210325 013000;8.600040;8.600750;8.599950;8.599950;0
20210325 013100;8.599880;8.599880;8.598940;8.599610;0
20210325 013200;8.599450;8.599580;8.598900;8.599170;0
20210325 013300;8.599320;8.600430;8.598620;8.600070;0
20210325 013400;8.599920;8.600360;8.599920;8.600300;0
20210325 013500;8.600290;8.600290;8.599230;8.599470;0
20210325 013600;8.599410;8.599410;8.598600;8.598890;0
20210325 013700;8.598890;8.600220;8.598710;8.598870;0
20210325 013800;8.598790;8.598790;8.597620;8.597980;0
20210325 013900;8.597850;8.598380;8.597520;8.597920;0
20210325 014000;8.598070;8.598960;8.597990;8.598000;0
20210325 014100;8.598070;8.598270;8.597910;8.597910;0
20210325 014200;8.597760;8.597910;8.597030;8.597030;0
20210325 014300;8.597240;8.597680;8.597020;8.597670;0
20210325 014400;8.597750;8.599810;8.597750;8.599740;0
20210325 014500;8.599850;8.600190;8.599130;8.599270;0
20210325 014600;8.599350;8.599580;8.598930;8.599580;0
20210325 014700;8.599440;8.599440;8.599360;8.599360;0
20210325 014800;8.599480;8.599480;8.598850;8.599300;0
20210325 014900;8.599140;8.599140;8.598390;8.598470;0
20210325 015000;8.598470;8.598470;8.598110;8.598110;0
20210325 015100;8.597960;8.597960;8.593550;8.595860;0
20210325 015200;8.596010;8.596090;8.595140;8.595810;0
20210325 015300;8.595730;8.595810;8.594280;8.594500;0
20210325 015400;8.594350;8.594600;8.593320;8.593320;0
20210325 015500;8.593320;8.593800;8.591280;8.591600;0
20210325 015600;8.591820;8.592240;8.587720;8.592020;0
20210325 015700;8.592050;8.596030;8.591910;8.596030;0
20210325 015800;8.595980;8.597820;8.591970;8.592070;0
20210325 015900;8.592080;8.593140;8.591640;8.593130;0
20210325 020000;8.593610;8.596670;8.593250;8.596670;0
20210325 020100;8.596940;8.598420;8.595910;8.598260;0
20210325 020200;8.598330;8.599400;8.596860;8.597360;0
20210325 020300;8.597230;8.598010;8.596620;8.597870;0
20210325 020400;8.597870;8.598440;8.596000;8.596590;0
20210325 020500;8.596440;8.596540;8.589940;8.592430;0
20210325 020600;8.592580;8.592580;8.589220;8.590680;0
20210325 020700;8.590760;8.591440;8.588810;8.589080;0
20210325 020800;8.589060;8.589430;8.585230;8.586760;0
20210325 020900;8.586820;8.587490;8.585470;8.585710;0
20210325 021000;8.585910;8.587380;8.585190;8.585520;0
20210325 021100;8.585530;8.589870;8.585530;8.589870;0
20210325 021200;8.589910;8.591970;8.587770;8.590670;0
20210325 021300;8.590880;8.592380;8.588770;8.590720;0
20210325 021400;8.590720;8.591290;8.588870;8.589330;0
20210325 021500;8.589220;8.591960;8.589100;8.589570;0
20210325 021600;8.589700;8.592190;8.589700;8.590010;0
20210325 021700;8.590130;8.590720;8.588760;8.589410;0
20210325 021800;8.589450;8.591980;8.589450;8.591190;0
20210325 021900;8.591200;8.591310;8.589340;8.589500;0
20210325 022000;8.589500;8.589500;8.586610;8.586610;0
20210325 022100;8.586500;8.586500;8.585030;8.585600;0
20210325 022200;8.585600;8.585810;8.582440;8.582440;0
20210325 022300;8.582500;8.584410;8.582500;8.583960;0
20210325 022400;8.583960;8.584130;8.582040;8.582250;0
20210325 022500;8.582250;8.584210;8.582250;8.583050;0
20210325 022600;8.583020;8.583020;8.582000;8.582640;0
20210325 022700;8.582650;8.584750;8.582500;8.583390;0
20210325 022800;8.583380;8.585010;8.580870;8.585010;0
20210325 022900;8.584750;8.585340;8.583780;8.583780;0
20210325 023000;8.583780;8.585780;8.583780;8.585670;0
20210325 023100;8.585670;8.586050;8.584460;8.584460;0
20210325 023200;8.584460;8.584460;8.580990;8.581690;0
20210325 023300;8.581690;8.584270;8.581690;8.582500;0
20210325 023400;8.582500;8.584640;8.582500;8.583080;0
20210325 023500;8.583080;8.585680;8.583080;8.585350;0
20210325 023600;8.585350;8.585950;8.585090;8.585100;0
20210325 023700;8.585090;8.585330;8.583490;8.583510;0
20210325 023800;8.583440;8.583440;8.579880;8.581050;0
20210325 023900;8.581050;8.581330;8.578340;8.578660;0
20210325 024000;8.578740;8.580770;8.577290;8.580770;0
20210325 024100;8.580640;8.581250;8.579660;8.579720;0
20210325 024200;8.579870;8.581160;8.578170;8.578170;0
20210325 024300;8.577700;8.580050;8.574600;8.576990;0
20210325 024400;8.576980;8.577400;8.576600;8.577190;0
20210325 024500;8.577190;8.579400;8.577190;8.578110;0
20210325 024600;8.578150;8.580290;8.578030;8.578700;0
20210325 024700;8.578670;8.579260;8.578340;8.579190;0
20210325 024800;8.579190;8.583020;8.579190;8.581910;0
20210325 024900;8.581870;8.582400;8.580760;8.581840;0
20210325 025000;8.581790;8.582460;8.579730;8.582310;0
20210325 025100;8.582300;8.583460;8.582300;8.582750;0
20210325 025200;8.582760;8.582820;8.581690;8.582580;0
20210325 025300;8.582540;8.583290;8.581260;8.581490;0
20210325 025400;8.581510;8.582100;8.580910;8.581200;0
20210325 025500;8.581260;8.581610;8.580970;8.581000;0
20210325 025600;8.580930;8.587100;8.580310;8.587100;0
20210325 025700;8.587250;8.591700;8.587250;8.588100;0
20210325 025800;8.587980;8.590230;8.587850;8.588360;0
20210325 025900;8.588440;8.590410;8.586580;8.589630;0
20210325 030000;8.589960;8.592630;8.589490;8.592540;0
20210325 030100;8.592400;8.592910;8.589720;8.590330;0
20210325 030200;8.590590;8.593790;8.590560;8.593590;0
20210325 030300;8.593590;8.600550;8.593520;8.599070;0
20210325 030400;8.598990;8.600270;8.595200;8.595200;0
20210325 030500;8.595200;8.595200;8.592450;8.593450;0
20210325 030600;8.593390;8.598510;8.591440;8.598510;0
20210325 030700;8.598500;8.599140;8.595270;8.596720;0
20210325 030800;8.596860;8.597130;8.593110;8.593370;0
20210325 030900;8.593440;8.594130;8.590900;8.590900;0
20210325 031000;8.590970;8.595030;8.590960;8.595030;0
20210325 031100;8.594890;8.596360;8.590620;8.591340;0
20210325 031200;8.591710;8.594550;8.591710;8.594550;0
20210325 031300;8.594550;8.595730;8.593610;8.594690;0
20210325 031400;8.594710;8.597260;8.592950;8.597160;0
20210325 031500;8.597130;8.597130;8.592890;8.594970;0
20210325 031600;8.594870;8.595520;8.592400;8.592410;0
20210325 031700;8.592410;8.592410;8.586950;8.590470;0
20210325 031800;8.590350;8.590350;8.585080;8.585380;0
20210325 031900;8.585440;8.586270;8.584760;8.585370;0
20210325 032000;8.585310;8.588290;8.583390;8.587370;0
20210325 032100;8.587360;8.595470;8.587190;8.595020;0
20210325 032200;8.594940;8.594940;8.592490;8.592490;0
20210325 032300;8.592430;8.592430;8.588640;8.588700;0
20210325 032400;8.588570;8.589530;8.588090;8.589110;0
20210325 032500;8.589310;8.591190;8.588520;8.588530;0
20210325 032600;8.588530;8.591040;8.588520;8.590830;0
20210325 032700;8.590710;8.590710;8.588630;8.589570;0
20210325 032800;8.589560;8.589650;8.588620;8.589040;0
20210325 032900;8.588960;8.589390;8.586980;8.587080;0
20210325 033000;8.587080;8.587950;8.584070;8.587650;0
20210325 033100;8.587650;8.589510;8.587650;8.588180;0
20210325 033200;8.588180;8.588740;8.586890;8.587280;0
20210325 033300;8.587280;8.587280;8.582740;8.583680;0
20210325 033400;8.583440;8.585330;8.582360;8.583500;0
20210325 033500;8.583500;8.585150;8.580070;8.582170;0
20210325 033600;8.582140;8.585050;8.581860;8.584850;0
20210325 033700;8.584930;8.586110;8.582990;8.585890;0
20210325 033800;8.585870;8.588970;8.585870;8.588420;0
20210325 033900;8.588570;8.591440;8.587030;8.591330;0
20210325 034000;8.591530;8.597310;8.591530;8.595080;0
20210325 034100;8.595230;8.596250;8.594600;8.594860;0
20210325 034200;8.594850;8.598830;8.594850;8.596660;0
20210325 034300;8.596710;8.598560;8.595660;8.597600;0
20210325 034400;8.597600;8.600560;8.596830;8.597400;0
20210325 034500;8.597520;8.598640;8.597260;8.597570;0
20210325 034600;8.597480;8.601230;8.597250;8.600810;0
20210325 034700;8.600770;8.601620;8.599660;8.601440;0
20210325 034800;8.601440;8.602480;8.599620;8.602480;0
20210325 034900;8.602770;8.604210;8.600870;8.602580;0
20210325 035000;8.602420;8.604910;8.601310;8.604410;0
20210325 035100;8.604410;8.604480;8.602740;8.602810;0
20210325 035200;8.602880;8.603480;8.602670;8.603400;0
20210325 035300;8.603540;8.603910;8.597780;8.602490;0
20210325 035400;8.602490;8.602750;8.601750;8.601750;0
20210325 035500;8.601600;8.601610;8.595730;8.597760;0
20210325 035600;8.597890;8.603450;8.597770;8.603450;0
20210325 035700;8.603440;8.604820;8.603200;8.604490;0
20210325 035800;8.604490;8.604960;8.603550;8.603690;0
20210325 035900;8.603690;8.604770;8.597130;8.601470;0
20210325 040000;8.601470;8.604110;8.601470;8.603070;0
20210325 040100;8.602930;8.603750;8.600820;8.603410;0
20210325 040200;8.603420;8.604700;8.603320;8.603480;0
20210325 040300;8.603370;8.609460;8.602430;8.608290;0
20210325 040400;8.608180;8.611510;8.605050;8.606260;0
20210325 040500;8.605960;8.606750;8.604870;8.606750;0
20210325 040600;8.606830;8.608430;8.606760;8.607760;0
20210325 040700;8.607390;8.608360;8.605960;8.606180;0
20210325 040800;8.605950;8.607940;8.604960;8.607940;0
20210325 040900;8.607940;8.607950;8.606270;8.606930;0
20210325 041000;8.607250;8.609490;8.604970;8.605240;0
20210325 041100;8.605100;8.605280;8.604770;8.604850;0
20210325 041200;8.604840;8.609020;8.604840;8.608460;0
20210325 041300;8.608460;8.608920;8.607980;8.608040;0
20210325 041400;8.608040;8.608340;8.603670;8.607570;0
20210325 041500;8.607570;8.607790;8.605350;8.605640;0
20210325 041600;8.605580;8.606650;8.604170;8.604940;0
20210325 041700;8.604950;8.606740;8.604950;8.605790;0
20210325 041800;8.605940;8.608210;8.605570;8.608210;0
20210325 041900;8.608210;8.610790;8.607700;8.609170;0
20210325 042000;8.609380;8.609530;8.608450;8.608450;0
20210325 042100;8.608570;8.611160;8.608420;8.611020;0
20210325 042200;8.611110;8.611890;8.609440;8.611890;0
20210325 042300;8.611920;8.612410;8.610370;8.610370;0
20210325 042400;8.610340;8.612250;8.609870;8.609870;0
20210325 042500;8.609870;8.612440;8.609670;8.611660;0
20210325 042600;8.611660;8.613170;8.611410;8.611810;0
20210325 042700;8.611870;8.611870;8.610590;8.610970;0
20210325 042800;8.610970;8.612720;8.610450;8.612560;0
20210325 042900;8.612640;8.613430;8.612640;8.613010;0
20210325 043000;8.612870;8.614720;8.612170;8.612900;0
20210325 043100;8.612790;8.613120;8.611100;8.611360;0
20210325 043200;8.611490;8.611570;8.606120;8.607800;0
20210325 043300;8.607770;8.607770;8.601210;8.604520;0
20210325 043400;8.604350;8.605350;8.603340;8.604250;0
20210325 043500;8.604560;8.604560;8.602070;8.603220;0
20210325 043600;8.603190;8.607370;8.602990;8.606780;0
20210325 043700;8.606970;8.607360;8.603390;8.603750;0
20210325 043800;8.603730;8.606210;8.603730;8.605340;0
20210325 043900;8.605340;8.605950;8.604780;8.605950;0
20210325 044000;8.605940;8.610340;8.605940;8.610340;0
20210325 044100;8.610630;8.612260;8.610590;8.611890;0
20210325 044200;8.612060;8.612310;8.610520;8.611950;0
20210325 044300;8.612080;8.613320;8.610730;8.610790;0
20210325 044400;8.610800;8.610800;8.608470;8.608470;0
20210325 044500;8.608370;8.608660;8.606850;8.608050;0
20210325 044600;8.608220;8.609390;8.608120;8.609390;0
20210325 044700;8.609480;8.610630;8.607740;8.607890;0
20210325 044800;8.607900;8.608360;8.607810;8.607920;0
20210325 044900;8.607910;8.608000;8.606330;8.606790;0
20210325 045000;8.606750;8.609330;8.606530;8.608770;0
20210325 045100;8.608880;8.609610;8.607970;8.608400;0
20210325 045200;8.608590;8.608590;8.606450;8.606860;0
20210325 045300;8.606860;8.607450;8.605750;8.606180;0
20210325 045400;8.606250;8.606470;8.603320;8.603370;0
20210325 045500;8.603370;8.603370;8.599920;8.599980;0
20210325 045600;8.600030;8.602180;8.599980;8.601450;0
20210325 045700;8.601360;8.601730;8.599680;8.600420;0
20210325 045800;8.600340;8.600800;8.596930;8.597750;0
20210325 045900;8.597910;8.599810;8.596100;8.598750;0
20210325 050000;8.598920;8.599250;8.598070;8.599060;0
20210325 050100;8.598940;8.598940;8.597250;8.598090;0
20210325 050200;8.598390;8.599300;8.597650;8.599070;0
20210325 050300;8.599010;8.599140;8.598190;8.598190;0
20210325 050400;8.598070;8.598120;8.593660;8.593750;0
20210325 050500;8.593680;8.594350;8.590830;8.593980;0
20210325 050600;8.593980;8.596820;8.591720;8.596670;0
20210325 050700;8.596670;8.596680;8.591250;8.592310;0
20210325 050800;8.592250;8.593560;8.591690;8.592340;0
20210325 050900;8.592340;8.594300;8.591800;8.591980;0
20210325 051000;8.592100;8.592100;8.587240;8.589480;0
20210325 051100;8.589470;8.591300;8.589470;8.590680;0
20210325 051200;8.590770;8.594880;8.589180;8.589800;0
20210325 051300;8.589720;8.592400;8.589580;8.591830;0
20210325 051400;8.591630;8.591630;8.589750;8.590200;0
20210325 051500;8.590250;8.592490;8.589730;8.590620;0
20210325 051600;8.590690;8.591610;8.590050;8.591610;0
20210325 051700;8.591600;8.597050;8.591600;8.596090;0
20210325 051800;8.596090;8.596230;8.592780;8.594120;0
20210325 051900;8.594560;8.596640;8.594130;8.594140;0
20210325 052000;8.593980;8.594140;8.589800;8.589800;0
20210325 052100;8.589800;8.594740;8.589640;8.593810;0
20210325 052200;8.593810;8.594030;8.591990;8.592240;0
20210325 052300;8.592250;8.592750;8.591340;8.591860;0
20210325 052400;8.591880;8.593220;8.591770;8.593220;0
20210325 052500;8.593080;8.594380;8.592640;8.594380;0
20210325 052600;8.594390;8.594390;8.591710;8.592090;0
20210325 052700;8.592010;8.592730;8.590310;8.592550;0
20210325 052800;8.592410;8.592710;8.591100;8.592330;0
20210325 052900;8.592280;8.593220;8.590490;8.593120;0
20210325 053000;8.593160;8.594370;8.592340;8.594370;0
20210325 053100;8.594380;8.596160;8.594340;8.596150;0
20210325 053200;8.596150;8.598790;8.595320;8.598090;0
20210325 053300;8.597900;8.597970;8.595330;8.595560;0
20210325 053400;8.595560;8.596650;8.594540;8.594540;0
20210325 053500;8.594620;8.594620;8.593780;8.593950;0
20210325 053600;8.593750;8.595960;8.593370;8.595960;0
20210325 053700;8.596130;8.596570;8.595780;8.596280;0
20210325 053800;8.595970;8.596510;8.593870;8.596510;0
20210325 053900;8.596510;8.596700;8.595190;8.595210;0
20210325 054000;8.595200;8.595200;8.592110;8.592110;0
20210325 054100;8.592030;8.592780;8.591720;8.591840;0
20210325 054200;8.591850;8.592630;8.591010;8.591140;0
20210325 054300;8.591140;8.591580;8.590020;8.590360;0
20210325 054400;8.590500;8.591380;8.589000;8.589150;0
20210325 054500;8.589180;8.591170;8.588720;8.591020;0
20210325 054600;8.591020;8.591150;8.589100;8.589100;0
20210325 054700;8.588950;8.590930;8.588860;8.590820;0
20210325 054800;8.590720;8.590720;8.589430;8.590060;0
20210325 054900;8.590060;8.590060;8.589230;8.589770;0
20210325 055000;8.589770;8.591070;8.586990;8.589210;0
20210325 055100;8.589210;8.590730;8.587530;8.590730;0
20210325 055200;8.590800;8.590880;8.586180;8.586240;0
20210325 055300;8.586170;8.587120;8.586070;8.586960;0
20210325 055400;8.587100;8.588280;8.587100;8.588030;0
20210325 055500;8.587910;8.587910;8.584650;8.585550;0
20210325 055600;8.585620;8.586860;8.585450;8.586800;0
20210325 055700;8.586350;8.586350;8.585270;8.586070;0
20210325 055800;8.586000;8.586030;8.585510;8.585610;0
20210325 055900;8.585600;8.585820;8.585010;8.585080;0
20210325 060000;8.585060;8.585230;8.581380;8.581380;0
20210325 060100;8.581280;8.583240;8.581280;8.583240;0
20210325 060200;8.583420;8.588940;8.583420;8.586900;0
20210325 060300;8.586850;8.586990;8.586400;8.586400;0
20210325 060400;8.586400;8.587250;8.586050;8.586050;0
20210325 060500;8.586200;8.587520;8.585870;8.586810;0
20210325 060600;8.586810;8.587340;8.584390;8.585710;0
20210325 060700;8.585760;8.586390;8.579610;8.582470;0
20210325 060800;8.582400;8.582910;8.582280;8.582280;0
20210325 060900;8.582270;8.582350;8.581160;8.582350;0
20210325 061000;8.582480;8.585440;8.581840;8.584320;0
20210325 061100;8.584400;8.589270;8.584390;8.588420;0
20210325 061200;8.588370;8.589990;8.586430;8.586590;0
20210325 061300;8.586580;8.586670;8.583350;8.583520;0
20210325 061400;8.583520;8.584970;8.581800;8.584970;0
20210325 061500;8.585140;8.585620;8.584490;8.585620;0
20210325 061600;8.585690;8.589400;8.585690;8.588160;0
20210325 061700;8.588170;8.588180;8.585700;8.587990;0
20210325 061800;8.587860;8.588140;8.587690;8.588050;0
20210325 061900;8.588060;8.589470;8.586760;8.586770;0
20210325 062000;8.586850;8.588170;8.586330;8.586550;0
20210325 062100;8.586470;8.587890;8.586420;8.587620;0
20210325 062200;8.587620;8.587860;8.585690;8.586480;0
20210325 062300;8.586420;8.589210;8.585680;8.587830;0
20210325 062400;8.587830;8.589130;8.586990;8.589120;0
20210325 062500;8.589040;8.595850;8.589040;8.595150;0
20210325 062600;8.595070;8.596510;8.593320;8.596510;0
20210325 062700;8.596510;8.596860;8.591720;8.592120;0
20210325 062800;8.591980;8.594620;8.591560;8.592230;0
20210325 062900;8.592230;8.595970;8.591730;8.595350;0
20210325 063000;8.595450;8.600480;8.595450;8.600030;0
20210325 063100;8.600010;8.601650;8.597910;8.601620;0
20210325 063200;8.601540;8.602030;8.599200;8.601680;0
20210325 063300;8.601730;8.602550;8.596770;8.597040;0
20210325 063400;8.597040;8.601280;8.595680;8.600990;0
20210325 063500;8.601010;8.602930;8.600620;8.600750;0
20210325 063600;8.600830;8.602870;8.599250;8.602740;0
20210325 063700;8.602840;8.604900;8.599820;8.604900;0
20210325 063800;8.604900;8.605650;8.604250;8.605080;0
20210325 063900;8.605020;8.605760;8.602350;8.604610;0
20210325 064000;8.604700;8.607460;8.604630;8.606680;0
20210325 064100;8.606600;8.606680;8.605580;8.606680;0
20210325 064200;8.606630;8.606730;8.601890;8.602440;0
20210325 064300;8.602440;8.605630;8.602290;8.602930;0
20210325 064400;8.603000;8.605790;8.602700;8.605490;0
20210325 064500;8.605530;8.606220;8.601620;8.603700;0
20210325 064600;8.603850;8.608900;8.603840;8.608900;0
20210325 064700;8.608820;8.608820;8.603540;8.604160;0
20210325 064800;8.604280;8.605510;8.604200;8.605430;0
20210325 064900;8.605590;8.606020;8.604910;8.606020;0
20210325 065000;8.606020;8.608600;8.605860;8.608210;0
20210325 065100;8.608120;8.608560;8.607800;8.608330;0
20210325 065200;8.608260;8.612970;8.607630;8.612860;0
20210325 065300;8.612660;8.615450;8.612660;8.615450;0
20210325 065400;8.615470;8.615530;8.610950;8.611920;0
20210325 065500;8.611530;8.612930;8.610500;8.612000;0
20210325 065600;8.612200;8.613960;8.612070;8.613960;0
20210325 065700;8.614190;8.616300;8.613810;8.614230;0
20210325 065800;8.614200;8.615820;8.613530;8.614020;0
20210325 065900;8.613940;8.614760;8.612060;8.614320;0
20210325 070000;8.614160;8.616200;8.614080;8.614340;0
20210325 070100;8.614330;8.615310;8.614040;8.614900;0
20210325 070200;8.614820;8.615080;8.612110;8.612120;0
20210325 070300;8.612110;8.612160;8.608990;8.609290;0
20210325 070400;8.609050;8.610940;8.608920;8.610940;0
20210325 070500;8.610850;8.614390;8.610850;8.614380;0
20210325 070600;8.614380;8.615180;8.612680;8.612720;0
20210325 070700;8.612720;8.612720;8.610620;8.610720;0
20210325 070800;8.610810;8.610810;8.606910;8.608850;0
20210325 070900;8.608750;8.609560;8.608460;8.608920;0
20210325 071000;8.608500;8.609570;8.605830;8.607580;0
20210325 071100;8.607610;8.609200;8.607580;8.607820;0
20210325 071200;8.607590;8.607960;8.604380;8.605660;0
20210325 071300;8.605820;8.609440;8.605000;8.609440;0
20210325 071400;8.609540;8.611390;8.608920;8.609760;0
20210325 071500;8.609690;8.610220;8.609450;8.610220;0
20210325 071600;8.610240;8.612990;8.609800;8.612700;0
20210325 071700;8.612700;8.612900;8.611220;8.611540;0
20210325 071800;8.611550;8.611720;8.610910;8.611310;0
20210325 071900;8.611400;8.612260;8.611400;8.612110;0
20210325 072000;8.612050;8.612430;8.610360;8.611330;0
20210325 072100;8.611510;8.612040;8.608410;8.608410;0
20210325 072200;8.608400;8.609670;8.608230;8.608770;0
20210325 072300;8.608710;8.608710;8.604770;8.606290;0
20210325 072400;8.606150;8.606950;8.604810;8.605840;0
20210325 072500;8.605850;8.607510;8.605480;8.607440;0
20210325 072600;8.607410;8.607410;8.605070;8.606490;0
20210325 072700;8.606480;8.607550;8.606320;8.607410;0
20210325 072800;8.607410;8.612290;8.607330;8.612120;0
20210325 072900;8.611970;8.612060;8.608630;8.609080;0
20210325 073000;8.609080;8.613020;8.607590;8.608940;0
20210325 073100;8.608930;8.609670;8.607280;8.608760;0
20210325 073200;8.608600;8.610160;8.606040;8.606440;0
20210325 073300;8.606380;8.607210;8.604870;8.606760;0
20210325 073400;8.606900;8.607970;8.605670;8.606870;0
20210325 073500;8.606860;8.608720;8.606480;8.608590;0
20210325 073600;8.608590;8.609370;8.608280;8.608630;0
20210325 073700;8.608620;8.612090;8.608530;8.612090;0
20210325 073800;8.612090;8.612160;8.609260;8.610460;0
20210325 073900;8.610460;8.611850;8.610390;8.611430;0
20210325 074000;8.611420;8.612750;8.607370;8.609160;0
20210325 074100;8.609240;8.617010;8.608770;8.616790;0
20210325 074200;8.617190;8.617550;8.614310;8.615360;0
20210325 074300;8.615200;8.617350;8.614950;8.616920;0
20210325 074400;8.616920;8.620930;8.616240;8.620510;0
20210325 074500;8.620590;8.620960;8.615600;8.616310;0
20210325 074600;8.616320;8.616320;8.614160;8.615050;0
20210325 074700;8.615230;8.615330;8.611850;8.612100;0
20210325 074800;8.612140;8.612140;8.607240;8.607280;0
20210325 074900;8.607210;8.609100;8.605970;8.609100;0
20210325 075000;8.609220;8.614830;8.609220;8.612870;0
20210325 075100;8.612940;8.613930;8.611050;8.613820;0
20210325 075200;8.613820;8.613840;8.608710;8.609530;0
20210325 075300;8.609530;8.610960;8.607780;8.609730;0
20210325 075400;8.609810;8.611860;8.608640;8.610760;0
20210325 075500;8.610750;8.611250;8.608900;8.609430;0
20210325 075600;8.609610;8.610690;8.608120;8.609080;0
20210325 075700;8.609090;8.613400;8.608770;8.611170;0
20210325 075800;8.611260;8.613620;8.611070;8.611860;0
20210325 075900;8.611860;8.612700;8.607620;8.607990;0
20210325 080000;8.608080;8.611080;8.603660;8.603660;0
20210325 080100;8.602980;8.605100;8.602650;8.603120;0
20210325 080200;8.603120;8.603390;8.599380;8.601720;0
20210325 080300;8.601710;8.602830;8.599740;8.599740;0
20210325 080400;8.599860;8.601410;8.597250;8.600630;0
20210325 080500;8.600650;8.601170;8.599420;8.600950;0
20210325 080600;8.600940;8.606480;8.600860;8.606480;0
20210325 080700;8.606480;8.610770;8.605830;8.610590;0
20210325 080800;8.610590;8.610650;8.607620;8.608020;0
20210325 080900;8.607900;8.613230;8.607900;8.612650;0
20210325 081000;8.612570;8.612790;8.608480;8.611220;0
20210325 081100;8.611220;8.612400;8.610530;8.611070;0
20210325 081200;8.611080;8.612420;8.610310;8.611960;0
20210325 081300;8.611980;8.612140;8.611480;8.611870;0
20210325 081400;8.611840;8.611840;8.610610;8.611800;0
20210325 081500;8.611730;8.612660;8.611530;8.612140;0
20210325 081600;8.612010;8.612720;8.609990;8.610100;0
20210325 081700;8.610030;8.610030;8.604660;8.605340;0
20210325 081800;8.605340;8.605860;8.604120;8.604130;0
20210325 081900;8.604130;8.604970;8.602840;8.604390;0
20210325 082000;8.604390;8.605180;8.603830;8.604400;0
20210325 082100;8.604500;8.607880;8.604490;8.607150;0
20210325 082200;8.607150;8.608150;8.606170;8.607650;0
20210325 082300;8.607640;8.608400;8.604990;8.605690;0
20210325 082400;8.605580;8.605590;8.601360;8.602380;0
20210325 082500;8.602310;8.605650;8.601560;8.605650;0
20210325 082600;8.605680;8.608000;8.605680;8.607790;0
20210325 082700;8.607720;8.608190;8.605980;8.606400;0
20210325 082800;8.606440;8.606520;8.602820;8.604000;0
20210325 082900;8.603820;8.605730;8.603820;8.605090;0
20210325 083000;8.605090;8.608470;8.605090;8.608030;0
20210325 083100;8.607940;8.608020;8.605360;8.607640;0
20210325 083200;8.607560;8.607710;8.603700;8.606800;0
20210325 083300;8.606810;8.606930;8.604070;8.605850;0
20210325 083400;8.605630;8.608490;8.603760;8.608490;0
20210325 083500;8.608530;8.609740;8.607020;8.609660;0
20210325 083600;8.609670;8.609670;8.606350;8.608850;0
20210325 083700;8.608790;8.608790;8.600950;8.601890;0
20210325 083800;8.601960;8.604310;8.600500;8.601310;0
20210325 083900;8.601480;8.601920;8.599090;8.599810;0
20210325 084000;8.599810;8.599900;8.596040;8.596050;0
20210325 084100;8.596100;8.598240;8.593850;8.597410;0
20210325 084200;8.597700;8.600120;8.596930;8.599330;0
20210325 084300;8.599510;8.603190;8.596890;8.602420;0
20210325 084400;8.602420;8.607520;8.601840;8.607390;0
20210325 084500;8.607750;8.608900;8.606730;8.608070;0
20210325 084600;8.608230;8.608540;8.603870;8.603870;0
20210325 084700;8.603650;8.605260;8.601860;8.605260;0
20210325 084800;8.605590;8.608170;8.604660;8.607650;0
20210325 084900;8.607660;8.608840;8.607140;8.608680;0
20210325 085000;8.608700;8.614270;8.608700;8.614200;0
20210325 085100;8.614270;8.616380;8.614040;8.615910;0
20210325 085200;8.615690;8.617720;8.615590;8.616800;0
20210325 085300;8.616820;8.617980;8.616040;8.617280;0
20210325 085400;8.617310;8.618050;8.614890;8.614990;0
20210325 085500;8.614950;8.618430;8.614950;8.618390;0
20210325 085600;8.618770;8.618770;8.612230;8.613500;0
20210325 085700;8.613550;8.614800;8.609320;8.610510;0
20210325 085800;8.610440;8.613020;8.610420;8.613020;0
20210325 085900;8.613030;8.615530;8.613020;8.613300;0
20210325 090000;8.613300;8.614240;8.610860;8.612070;0
20210325 090100;8.611940;8.612050;8.609060;8.609290;0
20210325 090200;8.609360;8.609450;8.607110;8.608480;0
20210325 090300;8.608320;8.609640;8.608040;8.608690;0
20210325 090400;8.608550;8.610020;8.607930;8.610020;0
20210325 090500;8.610030;8.612470;8.610030;8.612470;0
20210325 090600;8.612490;8.616390;8.612480;8.616390;0
20210325 090700;8.616320;8.617390;8.614810;8.615420;0
20210325 090800;8.615620;8.616320;8.613790;8.615220;0
20210325 090900;8.615310;8.616250;8.614690;8.615070;0
20210325 091000;8.615070;8.615760;8.613720;8.615760;0
20210325 091100;8.615940;8.616330;8.614570;8.614570;0
20210325 091200;8.614570;8.617030;8.612860;8.616420;0
20210325 091300;8.616390;8.616930;8.615310;8.615310;0
20210325 091400;8.615470;8.616910;8.614780;8.616870;0
20210325 091500;8.616820;8.627440;8.616600;8.624600;0
20210325 091600;8.624540;8.628510;8.624250;8.628080;0
20210325 091700;8.628020;8.628370;8.621750;8.623760;0
20210325 091800;8.623630;8.627550;8.621330;8.627550;0
20210325 091900;8.627550;8.627660;8.619950;8.620890;0
20210325 092000;8.620880;8.622610;8.619970;8.620140;0
20210325 092100;8.620130;8.620210;8.615810;8.616730;0
20210325 092200;8.616790;8.618330;8.616530;8.617240;0
20210325 092300;8.617370;8.617630;8.613600;8.615770;0
20210325 092400;8.615630;8.621100;8.615540;8.620480;0
20210325 092500;8.620470;8.624130;8.620100;8.621520;0
20210325 092600;8.621380;8.627180;8.618670;8.626970;0
20210325 092700;8.627050;8.629340;8.626400;8.628330;0
20210325 092800;8.628160;8.628160;8.621200;8.623870;0
20210325 092900;8.623960;8.628200;8.623960;8.628060;0
20210325 093000;8.628130;8.634840;8.627900;8.633250;0
20210325 093100;8.633310;8.633610;8.630220;8.632110;0
20210325 093200;8.631930;8.631930;8.627200;8.631740;0
20210325 093300;8.631880;8.634730;8.631880;8.634390;0
20210325 093400;8.634540;8.640140;8.634470;8.639720;0
20210325 093500;8.639860;8.641150;8.637550;8.638850;0
20210325 093600;8.638930;8.645590;8.638920;8.642150;0
20210325 093700;8.642160;8.643490;8.639400;8.641560;0
20210325 093800;8.641230;8.641230;8.633320;8.637260;0
20210325 093900;8.637230;8.637400;8.635010;8.635530;0
20210325 094000;8.635530;8.639670;8.634740;8.639450;0
20210325 094100;8.639530;8.642020;8.638610;8.641030;0
20210325 094200;8.640950;8.646070;8.639710;8.645620;0
20210325 094300;8.645620;8.648940;8.645410;8.647620;0
20210325 094400;8.647720;8.647720;8.644170;8.645530;0
20210325 094500;8.645450;8.648410;8.643510;8.648320;0
20210325 094600;8.648320;8.652010;8.648320;8.649420;0
20210325 094700;8.649400;8.651570;8.648520;8.650680;0
20210325 094800;8.650790;8.651180;8.643430;8.647920;0
20210325 094900;8.648020;8.652720;8.646440;8.651830;0
20210325 095000;8.651920;8.652120;8.646620;8.650030;0
20210325 095100;8.649920;8.650620;8.646520;8.647830;0
20210325 095200;8.648110;8.648670;8.642240;8.646610;0
20210325 095300;8.646840;8.648360;8.646460;8.648140;0
20210325 095400;8.647880;8.650220;8.647150;8.649890;0
20210325 095500;8.649960;8.650240;8.645680;8.646190;0
20210325 095600;8.646140;8.647370;8.645460;8.646670;0
20210325 095700;8.646780;8.647230;8.645100;8.645380;0
20210325 095800;8.645350;8.645430;8.640760;8.641290;0
20210325 095900;8.641430;8.644260;8.641230;8.642650;0
20210325 100000;8.642650;8.645540;8.640770;8.645250;0
20210325 100100;8.645160;8.645880;8.645150;8.645270;0
20210325 100200;8.645420;8.652540;8.645150;8.651990;0
20210325 100300;8.652060;8.656520;8.651150;8.652010;0
20210325 100400;8.652190;8.656520;8.651190;8.655490;0
20210325 100500;8.655540;8.655930;8.650900;8.651020;0
20210325 100600;8.650980;8.655820;8.650090;8.654730;0
20210325 100700;8.654730;8.657700;8.653690;8.657270;0
20210325 100800;8.657280;8.659830;8.657280;8.659760;0
20210325 100900;8.659750;8.661610;8.659520;8.661540;0
20210325 101000;8.662070;8.664360;8.661630;8.662160;0
20210325 101100;8.662160;8.662290;8.657170;8.657850;0
20210325 101200;8.657980;8.659220;8.657650;8.659220;0
20210325 101300;8.659030;8.659620;8.658650;8.659340;0
20210325 101400;8.659490;8.660050;8.657620;8.659920;0
20210325 101500;8.659920;8.659920;8.656350;8.656650;0
20210325 101600;8.656650;8.657540;8.655380;8.657360;0
20210325 101700;8.657350;8.658530;8.657190;8.658160;0
20210325 101800;8.658230;8.658230;8.656850;8.657690;0
20210325 101900;8.657650;8.657660;8.654150;8.654150;0
20210325 102000;8.654150;8.654150;8.651650;8.653020;0
20210325 102100;8.653180;8.655710;8.652820;8.654500;0
20210325 102200;8.654590;8.654920;8.653360;8.654500;0
20210325 102300;8.654500;8.657070;8.653260;8.657070;0
20210325 102400;8.657110;8.657120;8.655710;8.656500;0
20210325 102500;8.656500;8.660250;8.656500;8.658980;0
20210325 102600;8.658920;8.659430;8.655310;8.655360;0
20210325 102700;8.655350;8.658310;8.654470;8.658130;0
20210325 102800;8.658450;8.661410;8.658450;8.660250;0
20210325 102900;8.660380;8.660380;8.657460;8.657850;0
20210325 103000;8.657530;8.659370;8.651450;8.651750;0
20210325 103100;8.651780;8.653130;8.651640;8.652230;0
20210325 103200;8.652230;8.653160;8.651900;8.652440;0
20210325 103300;8.652440;8.652440;8.649720;8.650970;0
20210325 103400;8.651330;8.651530;8.644220;8.645460;0
20210325 103500;8.645460;8.646270;8.643480;8.645600;0
20210325 103600;8.645700;8.649930;8.644580;8.649720;0
20210325 103700;8.649870;8.649870;8.647780;8.648290;0
20210325 103800;8.648150;8.651280;8.647360;8.647510;0
20210325 103900;8.647660;8.647790;8.645120;8.646900;0
20210325 104000;8.646900;8.652410;8.646700;8.652350;0
20210325 104100;8.652440;8.653430;8.650310;8.653430;0
20210325 104200;8.653500;8.656120;8.653030;8.656120;0
20210325 104300;8.656090;8.656420;8.651790;8.655750;0
20210325 104400;8.655750;8.658820;8.655750;8.657330;0
20210325 104500;8.657450;8.660060;8.657190;8.659710;0
20210325 104600;8.659530;8.660920;8.657010;8.657520;0
20210325 104700;8.657390;8.661450;8.657390;8.661450;0
20210325 104800;8.661240;8.661320;8.655770;8.655980;0
20210325 104900;8.656020;8.660090;8.655530;8.658200;0
20210325 105000;8.658250;8.661160;8.657950;8.660540;0
20210325 105100;8.660420;8.660420;8.658250;8.659350;0
20210325 105200;8.659360;8.659360;8.657620;8.658060;0
20210325 105300;8.658270;8.663890;8.658270;8.662960;0
20210325 105400;8.662960;8.662960;8.652890;8.652980;0
20210325 105500;8.653180;8.661280;8.653180;8.660480;0
20210325 105600;8.660490;8.660670;8.655410;8.658480;0
20210325 105700;8.658510;8.665030;8.656140;8.663980;0
20210325 105800;8.663960;8.666470;8.662440;8.666470;0
20210325 105900;8.666560;8.667320;8.659090;8.659700;0
20210325 110000;8.659780;8.660950;8.658910;8.659070;0
20210325 110100;8.658970;8.660480;8.655780;8.655800;0
20210325 110200;8.655650;8.660440;8.655650;8.658160;0
20210325 110300;8.657970;8.657970;8.652940;8.653540;0
20210325 110400;8.653430;8.653430;8.645130;8.645130;0
20210325 110500;8.645110;8.650510;8.642280;8.648470;0
20210325 110600;8.648610;8.651220;8.646890;8.650940;0
20210325 110700;8.650940;8.653690;8.650590;8.652860;0
20210325 110800;8.652680;8.655330;8.650810;8.650930;0
20210325 110900;8.651060;8.652730;8.650430;8.652490;0
20210325 111000;8.652520;8.655920;8.651480;8.653450;0
20210325 111100;8.653310;8.653480;8.649750;8.649750;0
20210325 111200;8.649880;8.653010;8.649750;8.652800;0
20210325 111300;8.652800;8.657620;8.652790;8.655940;0
20210325 111400;8.655720;8.655940;8.654080;8.654690;0
20210325 111500;8.654540;8.656480;8.650390;8.650410;0
20210325 111600;8.650360;8.650360;8.648970;8.648970;0
20210325 111700;8.649040;8.650330;8.648340;8.648940;0
20210325 111800;8.648960;8.649750;8.648520;8.649600;0
20210325 111900;8.649780;8.649780;8.646950;8.647090;0
20210325 112000;8.647170;8.647820;8.644380;8.645130;0
20210325 112100;8.645150;8.646410;8.643980;8.644660;0
20210325 112200;8.644550;8.645210;8.643880;8.645210;0
20210325 112300;8.645220;8.645220;8.643770;8.644400;0
20210325 112400;8.644330;8.644910;8.641480;8.641770;0
20210325 112500;8.641770;8.641800;8.636650;8.636650;0
20210325 112600;8.636660;8.638880;8.636480;8.637700;0
20210325 112700;8.637500;8.646390;8.634950;8.637880;0
20210325 112800;8.637960;8.641950;8.628450;8.640050;0
20210325 112900;8.639950;8.641350;8.636060;8.639080;0
20210325 113000;8.639000;8.639580;8.638520;8.639060;0
20210325 113100;8.639210;8.639640;8.638830;8.639340;0
20210325 113200;8.639280;8.643860;8.638760;8.640250;0
20210325 113300;8.640220;8.641570;8.639780;8.641510;0
20210325 113400;8.641360;8.641430;8.639710;8.640150;0
20210325 113500;8.639990;8.639990;8.637800;8.639050;0
20210325 113600;8.639080;8.646970;8.633650;8.639680;0
20210325 113700;8.639660;8.641380;8.639190;8.641380;0
20210325 113800;8.641250;8.648750;8.640050;8.644680;0
20210325 113900;8.644890;8.645870;8.644590;8.645490;0
20210325 114000;8.645480;8.646320;8.641750;8.642300;0
20210325 114100;8.642280;8.642280;8.636950;8.637130;0
20210325 114200;8.636990;8.637150;8.636580;8.637070;0
20210325 114300;8.637220;8.638870;8.637220;8.638870;0
20210325 114400;8.638800;8.639050;8.636720;8.637290;0
20210325 114500;8.637500;8.640220;8.637500;8.639990;0
20210325 114600;8.639990;8.645690;8.639810;8.645140;0
20210325 114700;8.645020;8.645020;8.643210;8.643530;0
20210325 114800;8.643400;8.643990;8.641990;8.643850;0
20210325 114900;8.643860;8.645610;8.643860;8.645020;0
20210325 115000;8.645020;8.647360;8.644340;8.647020;0
20210325 115100;8.646800;8.647170;8.645990;8.646860;0
20210325 115200;8.646810;8.646810;8.645280;8.645790;0
20210325 115300;8.645860;8.645870;8.645450;8.645630;0
20210325 115400;8.645720;8.646400;8.645370;8.645470;0
20210325 115500;8.645470;8.646350;8.645310;8.645310;0
20210325 115600;8.645310;8.646530;8.645310;8.646200;0
20210325 115700;8.646110;8.647440;8.645660;8.646860;0
20210325 115800;8.646970;8.653750;8.646970;8.653590;0
20210325 115900;8.653590;8.655630;8.653190;8.654980;0
20210325 120000;8.654960;8.655950;8.654000;8.655560;0
20210325 120100;8.655660;8.656630;8.654690;8.656370;0
20210325 120200;8.656340;8.659260;8.655140;8.659160;0
20210325 120300;8.659160;8.659950;8.656960;8.657160;0
20210325 120400;8.657220;8.657690;8.653900;8.654200;0
20210325 120500;8.654200;8.654280;8.652440;8.652480;0
20210325 120600;8.652510;8.653830;8.652510;8.653200;0
20210325 120700;8.653160;8.653810;8.652550;8.653540;0
20210325 120800;8.653500;8.653500;8.651550;8.652420;0
20210325 120900;8.652470;8.653010;8.651730;8.652050;0
20210325 121000;8.651980;8.653280;8.651510;8.653090;0
20210325 121100;8.653090;8.654070;8.651320;8.653290;0
20210325 121200;8.653170;8.653220;8.648960;8.649830;0
20210325 121300;8.649790;8.649790;8.644900;8.646770;0
20210325 121400;8.646650;8.646650;8.642840;8.643080;0
20210325 121500;8.643170;8.643470;8.641440;8.642830;0
20210325 121600;8.642910;8.644750;8.642910;8.644520;0
20210325 121700;8.644540;8.644540;8.640900;8.641650;0
20210325 121800;8.641430;8.647330;8.641200;8.646840;0
20210325 121900;8.646840;8.647370;8.646090;8.646270;0
20210325 122000;8.646280;8.646280;8.643780;8.644240;0
20210325 122100;8.644300;8.644830;8.644150;8.644520;0
20210325 122200;8.644530;8.645540;8.643990;8.645540;0
20210325 122300;8.645460;8.645470;8.644030;8.644280;0
20210325 122400;8.644300;8.644570;8.643400;8.643710;0
20210325 122500;8.643620;8.644220;8.643500;8.643880;0
20210325 122600;8.643880;8.644190;8.642750;8.642750;0
20210325 122700;8.642790;8.643780;8.642790;8.643380;0
20210325 122800;8.643470;8.644780;8.643470;8.643560;0
20210325 122900;8.643640;8.644520;8.643640;8.644010;0
20210325 123000;8.643800;8.645580;8.643670;8.645490;0
20210325 123100;8.645780;8.646160;8.644560;8.644640;0
20210325 123200;8.644770;8.645930;8.644750;8.645930;0
20210325 123300;8.645780;8.648660;8.645780;8.648650;0
20210325 123400;8.648770;8.651250;8.648770;8.650440;0
20210325 123500;8.650520;8.651560;8.650100;8.651220;0
20210325 123600;8.651210;8.655250;8.651140;8.655180;0
20210325 123700;8.655010;8.655010;8.652440;8.652440;0
20210325 123800;8.652250;8.652310;8.648540;8.648540;0
20210325 123900;8.648640;8.648640;8.644990;8.645950;0
20210325 124000;8.646000;8.646560;8.638180;8.642910;0
20210325 124100;8.642970;8.643080;8.636060;8.640950;0
20210325 124200;8.640960;8.641100;8.639600;8.640160;0
20210325 124300;8.640080;8.642740;8.639790;8.642580;0
20210325 124400;8.642710;8.643920;8.642410;8.643370;0
20210325 124500;8.643370;8.644520;8.642010;8.642120;0
20210325 124600;8.642030;8.642390;8.639820;8.640530;0
20210325 124700;8.640570;8.650620;8.640420;8.646430;0
20210325 124800;8.646340;8.646340;8.644570;8.644870;0
20210325 124900;8.644720;8.645280;8.643720;8.644850;0
20210325 125000;8.644810;8.648270;8.642760;8.644840;0
20210325 125100;8.644840;8.646230;8.644200;8.645920;0
20210325 125200;8.646130;8.647380;8.645750;8.647240;0
20210325 125300;8.647240;8.647250;8.644680;8.644680;0
20210325 125400;8.644830;8.645890;8.644500;8.644520;0
20210325 125500;8.644520;8.644520;8.639260;8.641220;0
20210325 125600;8.640950;8.641160;8.638590;8.639110;0
20210325 125700;8.638900;8.646050;8.638890;8.645700;0
20210325 125800;8.645850;8.646740;8.643570;8.644160;0
20210325 125900;8.644170;8.645050;8.641830;8.644660;0
20210325 130000;8.644790;8.651580;8.644540;8.651580;0
20210325 130100;8.651580;8.652460;8.651080;8.652220;0
20210325 130200;8.652350;8.653880;8.644700;8.653640;0
20210325 130300;8.653510;8.653540;8.652210;8.652210;0
20210325 130400;8.652090;8.652260;8.647790;8.647870;0
20210325 130500;8.647860;8.648460;8.645690;8.645780;0
20210325 130600;8.645660;8.645850;8.643790;8.644310;0
20210325 130700;8.644520;8.644990;8.643830;8.644750;0
20210325 130800;8.644800;8.645870;8.644800;8.645110;0
20210325 130900;8.645340;8.646070;8.644780;8.645930;0
20210325 131000;8.645950;8.646350;8.644720;8.645010;0
20210325 131100;8.645100;8.645260;8.644650;8.645050;0
20210325 131200;8.645180;8.645430;8.644910;8.644910;0
20210325 131300;8.644900;8.645390;8.644790;8.644950;0
20210325 131400;8.644870;8.644990;8.639170;8.639280;0
20210325 131500;8.639410;8.646120;8.639410;8.640430;0
20210325 131600;8.640280;8.641460;8.639260;8.639260;0
20210325 131700;8.639270;8.639380;8.637950;8.638080;0
20210325 131800;8.638140;8.639190;8.636360;8.637250;0
20210325 131900;8.637350;8.642260;8.637350;8.639830;0
20210325 132000;8.639830;8.640450;8.639110;8.639760;0
20210325 132100;8.639780;8.639780;8.636590;8.636600;0
20210325 132200;8.636920;8.638730;8.636470;8.638590;0
20210325 132300;8.638630;8.645950;8.638630;8.640970;0
20210325 132400;8.640940;8.641460;8.639890;8.639890;0
20210325 132500;8.639900;8.639960;8.638190;8.638370;0
20210325 132600;8.638400;8.640380;8.637690;8.638680;0
20210325 132700;8.638710;8.643930;8.638160;8.643460;0
20210325 132800;8.643150;8.643430;8.642810;8.643000;0
20210325 132900;8.643120;8.643860;8.642950;8.643110;0
20210325 133000;8.643160;8.643430;8.642660;8.643280;0
20210325 133100;8.643350;8.643650;8.641500;8.641500;0
20210325 133200;8.641730;8.642430;8.641650;8.641780;0
20210325 133300;8.641620;8.641620;8.639220;8.641310;0
20210325 133400;8.641310;8.641590;8.640890;8.641440;0
20210325 133500;8.641520;8.643030;8.639310;8.639350;0
20210325 133600;8.639440;8.639930;8.636540;8.636720;0
20210325 133700;8.636430;8.637230;8.636430;8.636920;0
20210325 133800;8.636930;8.636930;8.636190;8.636830;0
20210325 133900;8.636420;8.636420;8.635380;8.636230;0
20210325 134000;8.636120;8.636320;8.635220;8.636010;0
20210325 134100;8.635810;8.636520;8.635780;8.636270;0
20210325 134200;8.636070;8.636420;8.635910;8.636160;0
20210325 134300;8.636110;8.636460;8.635950;8.636380;0
20210325 134400;8.636420;8.636480;8.635830;8.636160;0
20210325 134500;8.636200;8.636200;8.628480;8.629850;0
20210325 134600;8.630070;8.630570;8.628830;8.630290;0
20210325 134700;8.630150;8.630150;8.629660;8.630120;0
20210325 134800;8.630050;8.631710;8.629910;8.631580;0
20210325 134900;8.631200;8.632030;8.630910;8.631530;0
20210325 135000;8.631550;8.631690;8.630100;8.631350;0
20210325 135100;8.631420;8.632450;8.631390;8.631740;0
20210325 135200;8.631580;8.631580;8.628500;8.628600;0
20210325 135300;8.628610;8.629540;8.628370;8.629410;0
20210325 135400;8.629300;8.630210;8.629230;8.629960;0
20210325 135500;8.629940;8.634880;8.623380;8.634780;0
20210325 135600;8.634790;8.634790;8.633600;8.633940;0
20210325 135700;8.633730;8.634740;8.633520;8.634640;0
20210325 135800;8.634750;8.637260;8.634450;8.636930;0
20210325 135900;8.637060;8.637860;8.636690;8.637410;0
20210325 140000;8.637410;8.637410;8.626520;8.630630;0
20210325 140100;8.630640;8.632900;8.629440;8.632450;0
20210325 140200;8.632450;8.633190;8.632050;8.632490;0
20210325 140300;8.632500;8.633630;8.631580;8.633380;0
20210325 140400;8.633380;8.634770;8.632600;8.634200;0
20210325 140500;8.634060;8.636130;8.633290;8.635970;0
20210325 140600;8.635870;8.638690;8.635620;8.638690;0
20210325 140700;8.638690;8.640230;8.637940;8.640210;0
20210325 140800;8.640210;8.640210;8.635590;8.635640;0
20210325 140900;8.635840;8.636340;8.635190;8.636340;0
20210325 141000;8.636350;8.639860;8.635520;8.639630;0
20210325 141100;8.639620;8.639660;8.637780;8.637790;0
20210325 141200;8.637570;8.637640;8.635890;8.636140;0
20210325 141300;8.636140;8.636450;8.635110;8.635880;0
20210325 141400;8.635690;8.636410;8.633770;8.635590;0
20210325 141500;8.635580;8.635880;8.634750;8.635380;0
20210325 141600;8.635380;8.635390;8.630960;8.632880;0
20210325 141700;8.632880;8.633980;8.632880;8.633980;0
20210325 141800;8.634090;8.634400;8.630880;8.634400;0
20210325 141900;8.634190;8.634910;8.633350;8.634310;0
20210325 142000;8.634330;8.635100;8.634160;8.635100;0
20210325 142100;8.635110;8.638700;8.634830;8.638700;0
20210325 142200;8.638680;8.640070;8.638680;8.639790;0
20210325 142300;8.639940;8.641460;8.639940;8.641160;0
20210325 142400;8.641200;8.641430;8.636700;8.640040;0
20210325 142500;8.640040;8.641310;8.639640;8.641260;0
20210325 142600;8.641260;8.643670;8.641000;8.643380;0
20210325 142700;8.643380;8.645270;8.643370;8.645260;0
20210325 142800;8.645270;8.646450;8.644580;8.644910;0
20210325 142900;8.644910;8.644910;8.642740;8.642890;0
20210325 143000;8.643060;8.645540;8.640240;8.643350;0
20210325 143100;8.643350;8.643360;8.639370;8.639750;0
20210325 143200;8.639730;8.639780;8.639320;8.639320;0
20210325 143300;8.639160;8.639660;8.637230;8.639110;0
20210325 143400;8.639110;8.640290;8.639030;8.640020;0
20210325 143500;8.639980;8.641880;8.639920;8.641870;0
20210325 143600;8.641870;8.641870;8.639730;8.640510;0
20210325 143700;8.640420;8.640420;8.639230;8.639310;0
20210325 143800;8.639270;8.639890;8.639240;8.639710;0
20210325 143900;8.639580;8.639650;8.639020;8.639110;0
20210325 144000;8.639100;8.639220;8.637930;8.638300;0
20210325 144100;8.638250;8.638580;8.637570;8.637940;0
20210325 144200;8.638020;8.638150;8.637590;8.637750;0
20210325 144300;8.637730;8.640220;8.637730;8.638390;0
20210325 144400;8.638550;8.639210;8.636710;8.636720;0
20210325 144500;8.636710;8.636820;8.635640;8.635640;0
20210325 144600;8.635520;8.637810;8.635130;8.635930;0
20210325 144700;8.635720;8.636130;8.634960;8.635170;0
20210325 144800;8.635080;8.635080;8.634310;8.634730;0
20210325 144900;8.634900;8.636560;8.634600;8.634940;0
20210325 145000;8.634850;8.635670;8.634850;8.635430;0
20210325 145100;8.635650;8.635650;8.634790;8.634790;0
20210325 145200;8.634900;8.634900;8.634310;8.634390;0
20210325 145300;8.634520;8.635600;8.634520;8.635600;0
20210325 145400;8.635530;8.636510;8.635180;8.636310;0
20210325 145500;8.636400;8.641310;8.636400;8.639210;0
20210325 145600;8.639010;8.642040;8.639010;8.640880;0
20210325 145700;8.641030;8.642150;8.640670;8.640680;0
20210325 145800;8.640020;8.640890;8.639080;8.640770;0
20210325 145900;8.640810;8.644430;8.640730;8.644430;0
20210325 150000;8.644140;8.644140;8.638220;8.642710;0
20210325 150100;8.642740;8.644010;8.642120;8.642350;0
20210325 150200;8.642390;8.644550;8.641220;8.643220;0
20210325 150300;8.643220;8.643310;8.639660;8.640950;0
20210325 150400;8.641000;8.641230;8.640840;8.641210;0
20210325 150500;8.641170;8.641470;8.640680;8.641140;0
20210325 150600;8.641090;8.641290;8.640510;8.640510;0
20210325 150700;8.640460;8.641000;8.640350;8.640630;0
20210325 150800;8.640590;8.640760;8.640430;8.640720;0
20210325 150900;8.640720;8.641260;8.640580;8.641160;0
20210325 151000;8.641210;8.641410;8.640760;8.641020;0
20210325 151100;8.640930;8.641060;8.640770;8.641060;0
20210325 151200;8.641020;8.641100;8.641020;8.641070;0
20210325 151300;8.641070;8.642380;8.641050;8.641690;0
20210325 151400;8.641930;8.642040;8.641400;8.641980;0
20210325 151500;8.641960;8.642470;8.641950;8.642390;0
20210325 151600;8.642320;8.642820;8.642050;8.642620;0
20210325 151700;8.642630;8.642640;8.641130;8.641660;0
20210325 151800;8.641650;8.642580;8.641650;8.642470;0
20210325 151900;8.642470;8.642480;8.640710;8.641180;0
20210325 152000;8.641150;8.641500;8.640640;8.641500;0
20210325 152100;8.641510;8.641560;8.640930;8.641320;0
20210325 152200;8.640970;8.641310;8.640690;8.641120;0
20210325 152300;8.640730;8.641060;8.640660;8.640990;0
20210325 152400;8.641030;8.641180;8.640560;8.641170;0
20210325 152500;8.641210;8.641610;8.641200;8.641200;0
20210325 152600;8.641380;8.641440;8.641380;8.641400;0
20210325 152700;8.641440;8.642070;8.641400;8.641710;0
20210325 152800;8.641730;8.641730;8.641730;8.641730;0
20210325 152900;8.641730;8.642460;8.641730;8.641930;0
20210325 153000;8.641920;8.642280;8.641920;8.642270;0
20210325 153100;8.642270;8.642900;8.642010;8.642010;0
20210325 153200;8.641960;8.642030;8.641680;8.641690;0
20210325 153300;8.641680;8.641910;8.640990;8.640990;0
20210325 153400;8.641040;8.641040;8.640050;8.640310;0
20210325 153500;8.640310;8.640620;8.640200;8.640200;0
20210325 153600;8.640240;8.640250;8.638240;8.638880;0
20210325 153700;8.638880;8.638880;8.638050;8.638050;0
20210325 153800;8.638030;8.638030;8.636190;8.636490;0
20210325 153900;8.636580;8.636600;8.635680;8.636100;0
20210325 154000;8.636100;8.638180;8.636100;8.637930;0
20210325 154100;8.637910;8.638140;8.637530;8.638040;0
20210325 154200;8.638050;8.638420;8.637810;8.638310;0
20210325 154300;8.638330;8.638760;8.637770;8.638550;0
20210325 154400;8.638430;8.639350;8.637620;8.638220;0
20210325 154500;8.638260;8.638350;8.635960;8.636930;0
20210325 154600;8.636820;8.636820;8.635970;8.636380;0
20210325 154700;8.636260;8.638100;8.636260;8.638000;0
20210325 154800;8.638000;8.640220;8.637750;8.639440;0
20210325 154900;8.639310;8.640320;8.637830;8.639920;0
20210325 155000;8.639920;8.640430;8.639530;8.640140;0
20210325 155100;8.640140;8.640480;8.639780;8.640480;0
20210325 155200;8.640480;8.640490;8.639220;8.639290;0
20210325 155300;8.639230;8.639710;8.639230;8.639710;0
20210325 155400;8.639700;8.639700;8.639120;8.639300;0
20210325 155500;8.639330;8.642870;8.636650;8.642120;0
20210325 155600;8.642120;8.642320;8.631310;8.642120;0
20210325 155700;8.642220;8.642220;8.641420;8.641720;0
20210325 155800;8.641920;8.643420;8.641720;8.643330;0
20210325 155900;8.643620;8.643620;8.641920;8.642320;0
20210325 161000;8.649420;8.649420;8.649220;8.649220;0
20210325 161100;8.648920;8.648920;8.648920;8.648920;0
20210325 161300;8.648820;8.648820;8.648820;8.648820;0
20210325 161400;8.648620;8.648720;8.647020;8.647220;0
20210325 161500;8.647520;8.649220;8.644620;8.644620;0
20210325 161600;8.644320;8.646730;8.644320;8.646520;0
20210325 161700;8.644820;8.646520;8.644520;8.645230;0
20210325 161800;8.645930;8.645930;8.645930;8.645930;0
20210325 161900;8.646520;8.648220;8.645420;8.646520;0
20210325 162000;8.648020;8.648020;8.644120;8.644820;0
20210325 162100;8.644120;8.644820;8.641220;8.643720;0
20210325 162200;8.644920;8.645220;8.644520;8.644520;0
20210325 162300;8.646720;8.646720;8.642120;8.645020;0
20210325 162400;8.646520;8.648130;8.642420;8.642420;0
20210325 162500;8.647030;8.648120;8.642820;8.647430;0
20210325 162600;8.647720;8.647720;8.642720;8.646630;0
20210325 162700;8.647320;8.647320;8.646520;8.646520;0
20210325 163000;8.646320;8.646420;8.646320;8.646420;0
20210325 163100;8.646520;8.646520;8.646520;8.646520;0
20210325 163200;8.646420;8.646420;8.646420;8.646420;0
20210325 163300;8.645230;8.645230;8.645120;8.645120;0
20210325 163500;8.645030;8.645030;8.645020;8.645020;0
20210325 163600;8.646320;8.646320;8.646120;8.646120;0
20210325 163800;8.642720;8.642720;8.642420;8.642620;0
20210325 163900;8.641320;8.644220;8.641120;8.644220;0
20210325 164000;8.644130;8.644130;8.642120;8.642120;0
20210325 164100;8.641430;8.643820;8.641430;8.643120;0
20210325 164200;8.643730;8.643730;8.643730;8.643730;0
20210325 164300;8.643920;8.645030;8.643920;8.644920;0
20210325 164400;8.645120;8.645120;8.642320;8.642520;0
20210325 164500;8.642630;8.645420;8.642220;8.645020;0
20210325 164600;8.639920;8.645070;8.639920;8.640420;0
20210325 164700;8.644620;8.645030;8.644420;8.644420;0
20210325 164800;8.644420;8.644430;8.644420;8.644430;0
20210325 165100;8.644530;8.644530;8.644530;8.644530;0
20210325 165200;8.644420;8.644920;8.644420;8.644620;0
20210325 170000;8.644720;8.647530;8.639430;8.643320;0
20210325 170100;8.644630;8.646420;8.640630;8.643030;0
20210325 170200;8.642520;8.643220;8.642520;8.642920;0
20210325 170300;8.642930;8.643030;8.642920;8.642930;0
20210325 170400;8.643030;8.643230;8.641820;8.643120;0
20210325 170500;8.643220;8.643220;8.642620;8.642720;0
20210325 170600;8.642720;8.642930;8.642720;8.642720;0
20210325 170700;8.642630;8.643020;8.642630;8.642720;0
20210325 170800;8.642720;8.643030;8.642720;8.642920;0
20210325 170900;8.642820;8.642820;8.641520;8.641920;0
20210325 171000;8.641920;8.642820;8.641620;8.642820;0
20210325 171100;8.642720;8.642720;8.641720;8.641720;0
20210325 171200;8.641620;8.641720;8.641620;8.641720;0
20210325 171300;8.641620;8.642320;8.639420;8.641720;0
20210325 171400;8.641730;8.641730;8.638920;8.641620;0
20210325 171500;8.641830;8.642920;8.641830;8.642520;0
20210325 171600;8.642320;8.642530;8.642120;8.642320;0
20210325 171700;8.642520;8.642720;8.642320;8.642420;0
20210325 171800;8.642520;8.642730;8.642420;8.642620;0
20210325 171900;8.642730;8.642730;8.641930;8.642120;0
20210325 172000;8.642030;8.642220;8.642030;8.642120;0
20210325 172100;8.642330;8.645200;8.642220;8.643130;0
20210325 172200;8.642930;8.643030;8.641920;8.642630;0
20210325 172300;8.642520;8.642620;8.641820;8.642020;0
20210325 172400;8.642120;8.642420;8.642020;8.642420;0
20210325 172500;8.642220;8.642420;8.641630;8.641630;0
20210325 172600;8.641720;8.641830;8.640820;8.641020;0
20210325 172700;8.640530;8.641420;8.640420;8.641120;0
20210325 172800;8.641120;8.641230;8.640620;8.640820;0
20210325 172900;8.640920;8.641320;8.640720;8.641020;0
20210325 173000;8.641120;8.641120;8.639320;8.639320;0
20210325 173100;8.639320;8.641520;8.639320;8.641020;0
20210325 173200;8.640920;8.641440;8.640420;8.640730;0
20210325 173300;8.640620;8.641260;8.639720;8.639720;0
20210325 173400;8.639920;8.640270;8.639620;8.640020;0
20210325 173500;8.639920;8.640090;8.639520;8.639630;0
20210325 173600;8.639730;8.640320;8.639420;8.640030;0
20210325 173700;8.639920;8.640320;8.639820;8.640020;0
20210325 173800;8.640130;8.640220;8.640120;8.640220;0
20210325 173900;8.640020;8.640220;8.639530;8.639620;0
20210325 174000;8.639520;8.639620;8.639120;8.639530;0
20210325 174100;8.639620;8.641030;8.639620;8.640920;0
20210325 174200;8.640720;8.641530;8.640520;8.641120;0
20210325 174300;8.641030;8.642030;8.640520;8.641720;0
20210325 174400;8.641620;8.642080;8.640960;8.641120;0
20210325 174500;8.641020;8.641360;8.640520;8.640520;0
20210325 174600;8.640630;8.641210;8.640020;8.640210;0
20210325 174700;8.640550;8.641380;8.640070;8.640820;0
20210325 174800;8.640820;8.640850;8.639320;8.639620;0
20210325 174900;8.639620;8.640120;8.638920;8.639520;0
20210325 175000;8.639420;8.641980;8.638120;8.638420;0
20210325 175100;8.638320;8.638920;8.638120;8.638730;0
20210325 175200;8.638520;8.639630;8.638320;8.638420;0
20210325 175300;8.638520;8.640300;8.637620;8.638120;0
20210325 175400;8.638320;8.638530;8.637620;8.637820;0
20210325 175500;8.638030;8.639530;8.637620;8.639250;0
20210325 175600;8.639400;8.639540;8.638350;8.639200;0
20210325 175700;8.639250;8.639250;8.638420;8.638820;0
20210325 175800;8.638820;8.639120;8.637920;8.637920;0
20210325 175900;8.637820;8.638320;8.636920;8.637330;0
20210325 180000;8.637520;8.640020;8.637320;8.639520;0
20210325 180100;8.639320;8.639620;8.636820;8.638420;0
20210325 180200;8.638530;8.639320;8.638420;8.639030;0
20210325 180300;8.638920;8.640020;8.638620;8.639620;0
20210325 180400;8.639820;8.641500;8.638620;8.638820;0
20210325 180500;8.638720;8.640120;8.638320;8.638430;0
20210325 180600;8.638520;8.639130;8.638030;8.638120;0
20210325 180700;8.638020;8.639820;8.638020;8.639420;0
20210325 180800;8.639320;8.639420;8.638820;8.638920;0
20210325 180900;8.639020;8.639030;8.637920;8.638120;0
20210325 181000;8.638320;8.638820;8.638020;8.638630;0
20210325 181100;8.638720;8.639120;8.637820;8.637930;0
20210325 181200;8.638030;8.638030;8.637620;8.637930;0
20210325 181300;8.638020;8.638420;8.637620;8.638230;0
20210325 181400;8.638120;8.638820;8.638030;8.638720;0
20210325 181500;8.638730;8.639030;8.638020;8.638020;0
20210325 181600;8.638130;8.638220;8.637230;8.637620;0
20210325 181700;8.637720;8.637820;8.636320;8.636820;0
20210325 181800;8.636920;8.637320;8.636220;8.637040;0
20210325 181900;8.637020;8.637430;8.636120;8.636460;0
20210325 182000;8.636460;8.636740;8.636090;8.636250;0
20210325 182100;8.636240;8.636440;8.636210;8.636260;0
20210325 182200;8.636180;8.636330;8.636140;8.636210;0
20210325 182300;8.636190;8.637560;8.636190;8.637560;0
20210325 182400;8.637700;8.637700;8.637060;8.637210;0
20210325 182500;8.637220;8.637520;8.636930;8.637320;0
20210325 182600;8.637320;8.637330;8.636100;8.636100;0
20210325 182700;8.636120;8.636830;8.636050;8.636820;0
20210325 182800;8.636820;8.636830;8.636430;8.636820;0
20210325 182900;8.636580;8.637150;8.636580;8.637070;0
20210325 183000;8.637070;8.637220;8.636840;8.637040;0
20210325 183100;8.636850;8.637120;8.635690;8.636120;0
20210325 183200;8.636120;8.636130;8.626320;8.627830;0
20210325 183300;8.628120;8.631110;8.622520;8.624220;0
20210325 183400;8.624320;8.632750;8.624120;8.628120;0
20210325 183500;8.628020;8.630430;8.627720;8.629220;0
20210325 183600;8.629320;8.631720;8.620320;8.626020;0
20210325 183700;8.626420;8.631020;8.626420;8.628720;0
20210325 183800;8.628620;8.628730;8.628020;8.628520;0
20210325 183900;8.628620;8.631080;8.628030;8.629120;0
20210325 184000;8.628920;8.633840;8.626680;8.630620;0
20210325 184100;8.630520;8.630920;8.628620;8.629920;0
20210325 184200;8.630020;8.634960;8.627010;8.629830;0
20210325 184300;8.629920;8.630820;8.629620;8.629920;0
20210325 184400;8.629720;8.630120;8.627820;8.628420;0
20210325 184500;8.628620;8.630530;8.626820;8.628830;0
20210325 184600;8.629020;8.630320;8.624370;8.628320;0
20210325 184700;8.628730;8.631920;8.626820;8.629420;0
20210325 184800;8.629720;8.630420;8.625820;8.627820;0
20210325 184900;8.628020;8.630030;8.626630;8.629320;0
20210325 185000;8.629520;8.630320;8.627520;8.629730;0
20210325 185100;8.629520;8.632030;8.628230;8.630220;0
20210325 185200;8.630120;8.630720;8.628820;8.629420;0
20210325 185300;8.629220;8.630720;8.628920;8.630520;0
20210325 185400;8.630320;8.630720;8.626850;8.629130;0
20210325 185500;8.629220;8.629220;8.627820;8.628220;0
20210325 185600;8.628120;8.630220;8.626530;8.629320;0
20210325 185700;8.629220;8.629720;8.629020;8.629520;0
20210325 185800;8.629630;8.629630;8.629220;8.629420;0
20210325 185900;8.629630;8.631920;8.627320;8.628320;0
20210325 190000;8.627120;8.629020;8.620530;8.626060;0
20210325 190100;8.626050;8.629820;8.614620;8.616420;0
20210325 190200;8.616730;8.626770;8.615420;8.617420;0
20210325 190300;8.617620;8.627320;8.617020;8.622820;0
20210325 190400;8.622820;8.627220;8.619350;8.622070;0
20210325 190500;8.621930;8.626830;8.616220;8.618720;0
20210325 190600;8.618920;8.620230;8.617020;8.620230;0
20210325 190700;8.620120;8.625230;8.616880;8.617620;0
20210325 190800;8.617620;8.625620;8.615300;8.617520;0
20210325 190900;8.619440;8.620220;8.616420;8.617720;0
20210325 191000;8.617620;8.619520;8.616420;8.617520;0
20210325 191100;8.617630;8.621520;8.616720;8.621120;0
20210325 191200;8.621230;8.622120;8.617820;8.622020;0
20210325 191300;8.622220;8.623130;8.620120;8.622650;0
20210325 191400;8.622610;8.623250;8.621010;8.622260;0
20210325 191500;8.622510;8.623900;8.621420;8.623300;0
20210325 191600;8.623310;8.624440;8.621620;8.624030;0
20210325 191700;8.624050;8.627600;8.620380;8.623120;0
20210325 191800;8.623230;8.625310;8.621920;8.624960;0
20210325 191900;8.624810;8.627610;8.624190;8.625460;0
20210325 192000;8.625590;8.632520;8.624460;8.624480;0
20210325 192100;8.624480;8.629100;8.624480;8.628630;0
20210325 192200;8.628630;8.629670;8.626410;8.627040;0
20210325 192300;8.627040;8.629060;8.622620;8.623520;0
20210325 192400;8.623620;8.623920;8.618960;8.618960;0
20210325 192500;8.619250;8.626400;8.619240;8.623830;0
20210325 192600;8.623820;8.626060;8.621440;8.625580;0
20210325 192700;8.625350;8.625990;8.623540;8.624080;0
20210325 192800;8.624080;8.624090;8.613720;8.617420;0
20210325 192900;8.617320;8.620420;8.616320;8.620020;0
20210325 193000;8.619920;8.622080;8.619630;8.622070;0
20210325 193100;8.622070;8.625820;8.618240;8.619520;0
20210325 193200;8.619220;8.619830;8.618190;8.618330;0
20210325 193300;8.618230;8.620370;8.618190;8.619380;0
20210325 193400;8.619260;8.624350;8.617790;8.619020;0
20210325 193500;8.618920;8.621520;8.618830;8.621420;0
20210325 193600;8.621520;8.621970;8.621300;8.621700;0
20210325 193700;8.621690;8.627400;8.621690;8.622520;0
20210325 193800;8.622420;8.625120;8.622420;8.624770;0
20210325 193900;8.624770;8.626540;8.624770;8.626150;0
20210325 194000;8.626220;8.629400;8.621710;8.623420;0
20210325 194100;8.623320;8.624970;8.623020;8.624970;0
20210325 194200;8.624960;8.625320;8.623870;8.623870;0
20210325 194300;8.623870;8.624350;8.623220;8.624290;0
20210325 194400;8.624200;8.627980;8.624120;8.625620;0
20210325 194500;8.625430;8.625830;8.624890;8.625510;0
20210325 194600;8.625510;8.626840;8.625330;8.626840;0
20210325 194700;8.626830;8.628480;8.622420;8.627360;0
20210325 194800;8.627360;8.628440;8.627360;8.628070;0
20210325 194900;8.628030;8.629290;8.622420;8.629290;0
20210325 195000;8.629280;8.630510;8.625860;8.625930;0
20210325 195100;8.626080;8.628620;8.621200;8.622520;0
20210325 195200;8.622520;8.625440;8.621840;8.625350;0
20210325 195300;8.625350;8.625350;8.621750;8.622510;0
20210325 195400;8.622500;8.625260;8.618860;8.620200;0
20210325 195500;8.620190;8.620930;8.616330;8.619920;0
20210325 195600;8.619830;8.621430;8.619620;8.620730;0
20210325 195700;8.620720;8.620900;8.619020;8.619020;0
20210325 195800;8.619080;8.619300;8.616990;8.617670;0
20210325 195900;8.617750;8.618560;8.617450;8.618560;0
20210325 200000;8.618620;8.618920;8.618330;8.618920;0
20210325 200100;8.618920;8.619360;8.618920;8.619360;0
20210325 200200;8.619430;8.620350;8.619430;8.620350;0
20210325 200300;8.620360;8.620490;8.619760;8.619840;0
20210325 200400;8.619610;8.620130;8.619030;8.620130;0
20210325 200500;8.620050;8.620860;8.619910;8.620730;0
20210325 200600;8.620860;8.620860;8.620200;8.620240;0
20210325 200700;8.620100;8.620890;8.620100;8.620760;0
20210325 200800;8.620830;8.624470;8.620740;8.622580;0
20210325 200900;8.622570;8.622790;8.622410;8.622520;0
20210325 201000;8.622630;8.623890;8.613820;8.620970;0
20210325 201100;8.621000;8.621290;8.620640;8.621120;0
20210325 201200;8.621170;8.623210;8.615730;8.616320;0
20210325 201300;8.616320;8.620730;8.615530;8.617660;0
20210325 201400;8.617660;8.623080;8.617660;8.621250;0
20210325 201500;8.621110;8.621120;8.618590;8.618660;0
20210325 201600;8.618510;8.621780;8.612620;8.616020;0
20210325 201700;8.616020;8.622540;8.608220;8.616980;0
20210325 201800;8.616980;8.617390;8.613850;8.614410;0
20210325 201900;8.614420;8.620660;8.614260;8.620660;0
20210325 202000;8.620650;8.621480;8.620650;8.621010;0
20210325 202100;8.621090;8.621230;8.619800;8.620170;0
20210325 202200;8.620310;8.620460;8.620020;8.620100;0
20210325 202300;8.620250;8.620320;8.619510;8.619510;0
20210325 202400;8.619580;8.619870;8.619580;8.619870;0
20210325 202500;8.619960;8.621060;8.619960;8.621060;0
20210325 202600;8.621350;8.623310;8.608810;8.611830;0
20210325 202700;8.611870;8.618170;8.611840;8.617600;0
20210325 202800;8.617600;8.620150;8.617280;8.620110;0
20210325 202900;8.620020;8.622090;8.616980;8.617480;0
20210325 203000;8.617480;8.617480;8.609310;8.611830;0
20210325 203100;8.611930;8.614330;8.611930;8.614150;0
20210325 203200;8.614070;8.619880;8.613060;8.615090;0
20210325 203300;8.615080;8.616380;8.614060;8.614330;0
20210325 203400;8.614370;8.615710;8.613010;8.615620;0
20210325 203500;8.615480;8.618860;8.614130;8.614980;0
20210325 203600;8.614780;8.614990;8.610020;8.610730;0
20210325 203700;8.611020;8.618030;8.606070;8.615720;0
20210325 203800;8.615720;8.616490;8.610270;8.616490;0
20210325 203900;8.616500;8.617800;8.606900;8.609520;0
20210325 204000;8.609320;8.613700;8.608720;8.611720;0
20210325 204100;8.611830;8.612510;8.611600;8.612010;0
20210325 204200;8.612240;8.613360;8.611880;8.613360;0
20210325 204300;8.613570;8.616600;8.613570;8.615540;0
20210325 204400;8.615630;8.615870;8.615430;8.615870;0
20210325 204500;8.616010;8.616310;8.616010;8.616310;0
20210325 204600;8.616240;8.616540;8.616090;8.616400;0
20210325 204700;8.616330;8.616330;8.615250;8.615900;0
20210325 204800;8.616040;8.618830;8.616040;8.618600;0
20210325 204900;8.618380;8.619210;8.618380;8.618840;0
20210325 205000;8.618890;8.618900;8.618160;8.618160;0
20210325 205100;8.618010;8.618010;8.617430;8.617720;0
20210325 205200;8.617570;8.617590;8.616700;8.616700;0
20210325 205300;8.616850;8.617220;8.615600;8.617140;0
20210325 205400;8.617070;8.617290;8.617000;8.617000;0
20210325 205500;8.616860;8.616860;8.615090;8.615140;0
20210325 205600;8.615270;8.615270;8.614910;8.614930;0
20210325 205700;8.614630;8.617000;8.606940;8.606940;0
20210325 205800;8.606940;8.608350;8.606160;8.608350;0
20210325 205900;8.608520;8.609780;8.608250;8.609590;0
20210325 210000;8.609520;8.609520;8.608950;8.609100;0
20210325 210100;8.609250;8.610240;8.609250;8.610240;0
20210325 210200;8.610310;8.610690;8.610310;8.610550;0
20210325 210300;8.610460;8.610600;8.610160;8.610530;0
20210325 210400;8.610600;8.610890;8.610600;8.610890;0
20210325 210500;8.610970;8.611490;8.610970;8.611270;0
20210325 210600;8.611330;8.611490;8.611280;8.611330;0
20210325 210700;8.611490;8.611490;8.610970;8.611040;0
20210325 210800;8.610970;8.610970;8.610750;8.610890;0
20210325 210900;8.610680;8.611200;8.610600;8.611130;0
20210325 211000;8.611060;8.611410;8.610890;8.611410;0
20210325 211100;8.611190;8.611460;8.610310;8.611460;0
20210325 211200;8.611310;8.611310;8.610730;8.611090;0
20210325 211300;8.611160;8.611540;8.611110;8.611280;0
20210325 211400;8.611380;8.611500;8.611380;8.611500;0
20210325 211500;8.611280;8.611280;8.610700;8.610700;0
20210325 211600;8.610550;8.611060;8.610330;8.610490;0
20210325 211700;8.610550;8.611280;8.610550;8.611210;0
20210325 211800;8.611280;8.611590;8.611280;8.611590;0
20210325 211900;8.611430;8.611580;8.611430;8.611430;0
20210325 212000;8.611360;8.611360;8.610860;8.611000;0
20210325 212100;8.611080;8.612030;8.611080;8.611440;0
20210325 212200;8.611590;8.612320;8.611590;8.612030;0
20210325 212300;8.611810;8.612250;8.611510;8.612170;0
20210325 212400;8.612400;8.612830;8.612400;8.612830;0
20210325 212500;8.612900;8.614000;8.612690;8.614000;0
20210325 212600;8.614220;8.615520;8.614080;8.615300;0
20210325 212700;8.615170;8.615170;8.614640;8.615160;0
20210325 212800;8.615010;8.615120;8.611050;8.611280;0
20210325 212900;8.611200;8.612540;8.611060;8.612400;0
20210325 213000;8.612390;8.612620;8.611510;8.611810;0
20210325 213100;8.611660;8.620060;8.610050;8.618670;0
20210325 213200;8.618680;8.621070;8.618050;8.620150;0
20210325 213300;8.620440;8.620440;8.611220;8.613720;0
20210325 213400;8.613620;8.614440;8.610560;8.612010;0
20210325 213500;8.611890;8.620180;8.610220;8.610220;0
20210325 213600;8.610320;8.613120;8.609820;8.612880;0
20210325 213700;8.613020;8.614760;8.613020;8.614600;0
20210325 213800;8.614660;8.617190;8.612900;8.613980;0
20210325 213900;8.613980;8.615490;8.613170;8.614800;0
20210325 214000;8.614690;8.615120;8.611320;8.615120;0
20210325 214100;8.615260;8.615260;8.612570;8.614330;0
20210325 214200;8.614330;8.614330;8.614110;8.614310;0
20210325 214300;8.614160;8.614160;8.614020;8.614020;0
20210325 214400;8.614040;8.614630;8.614040;8.614630;0
20210325 214500;8.614850;8.614850;8.614120;8.614120;0
20210325 214600;8.614280;8.614280;8.614050;8.614050;0
20210325 214700;8.614270;8.614420;8.614270;8.614350;0
20210325 214800;8.614490;8.614640;8.612950;8.613100;0
20210325 214900;8.613100;8.613530;8.613030;8.613470;0
20210325 215000;8.613410;8.613410;8.611610;8.611880;0
20210325 215100;8.611810;8.612120;8.611810;8.612050;0
20210325 215200;8.611960;8.612110;8.611590;8.611820;0
20210325 215300;8.611820;8.611890;8.611690;8.611890;0
20210325 215400;8.611960;8.612800;8.611890;8.612730;0
20210325 215500;8.612580;8.612730;8.612520;8.612730;0
20210325 215600;8.612730;8.612820;8.612510;8.612820;0
20210325 215700;8.612730;8.613110;8.612730;8.613110;0
20210325 215800;8.613020;8.613980;8.611860;8.612030;0
20210325 215900;8.612160;8.613030;8.611770;8.611950;0
20210325 220000;8.611800;8.613510;8.609270;8.613230;0
20210325 220100;8.613410;8.613410;8.609640;8.611900;0
20210325 220200;8.611800;8.611800;8.611120;8.611120;0
20210325 220300;8.611150;8.611150;8.610780;8.611080;0
20210325 220400;8.611160;8.611230;8.611000;8.611070;0
20210325 220500;8.611030;8.611030;8.611030;8.611030;0
20210325 220600;8.611250;8.611400;8.611250;8.611400;0
20210325 220700;8.611330;8.611810;8.611150;8.611810;0
20210325 220800;8.611900;8.612000;8.611830;8.611830;0
20210325 220900;8.611850;8.611850;8.610720;8.610800;0
20210325 221000;8.610860;8.610890;8.610740;8.610810;0
20210325 221100;8.610380;8.610380;8.608110;8.608780;0
20210325 221200;8.608860;8.610030;8.608860;8.610030;0
20210325 221300;8.609880;8.610260;8.609810;8.610170;0
20210325 221400;8.610090;8.610350;8.610090;8.610350;0
20210325 221500;8.610270;8.610270;8.609720;8.609720;0
20210325 221600;8.609590;8.609810;8.607420;8.607420;0
20210325 221700;8.607990;8.608670;8.607610;8.608520;0
20210325 221800;8.608660;8.609520;8.608660;8.609520;0
20210325 221900;8.609460;8.609600;8.609370;8.609460;0
20210325 222000;8.609500;8.609630;8.609400;8.609400;0
20210325 222100;8.609400;8.609400;8.609190;8.609250;0
20210325 222200;8.609320;8.609320;8.609320;8.609320;0
20210325 222400;8.609180;8.609320;8.609180;8.609320;0
20210325 222600;8.609400;8.609400;8.609400;8.609400;0
20210325 222700;8.609250;8.613130;8.607220;8.607320;0
20210325 222800;8.607420;8.613130;8.606530;8.611730;0
20210325 222900;8.611450;8.611460;8.607820;8.608610;0
20210325 223000;8.608680;8.611460;8.608670;8.609160;0
20210325 223100;8.609030;8.609260;8.609030;8.609260;0
20210325 223200;8.609170;8.609170;8.609100;8.609100;0
20210325 223300;8.609170;8.609430;8.609170;8.609430;0
20210325 223400;8.609270;8.609270;8.609060;8.609140;0
20210325 223500;8.609300;8.609300;8.609170;8.609300;0
20210325 223600;8.609450;8.609960;8.609450;8.609960;0
20210325 223700;8.609960;8.609960;8.609380;8.609600;0
20210325 223800;8.609750;8.609960;8.609680;8.609810;0
20210325 223900;8.609740;8.609740;8.609670;8.609670;0
20210325 224000;8.609740;8.609960;8.609670;8.609960;0
20210325 224100;8.609890;8.609890;8.609670;8.609670;0
20210325 224200;8.609810;8.609810;8.608950;8.608950;0
20210325 224300;8.609000;8.609080;8.608930;8.608930;0
20210325 224400;8.608940;8.608940;8.607170;8.607420;0
20210325 224500;8.607580;8.607710;8.607580;8.607710;0
20210325 224600;8.607640;8.607940;8.607490;8.607860;0
20210325 224700;8.608000;8.608450;8.608000;8.608310;0
20210325 224800;8.608440;8.608590;8.608440;8.608590;0
20210325 224900;8.608660;8.608660;8.608310;8.608590;0
20210325 225000;8.608440;8.608590;8.608380;8.608590;0
20210325 225100;8.608440;8.608590;8.608080;8.608080;0
20210325 225200;8.608150;8.608150;8.608090;8.608150;0
20210325 225300;8.608220;8.608450;8.608080;8.608450;0
20210325 225400;8.608590;8.608950;8.608590;8.608740;0
20210325 225500;8.608590;8.608820;8.608420;8.608820;0
20210325 225600;8.608950;8.609250;8.608950;8.608950;0
20210325 225700;8.608820;8.608820;8.608660;8.608660;0
20210325 225800;8.608520;8.608590;8.607930;8.608000;0
20210325 225900;8.607930;8.607930;8.607570;8.607570;0
20210325 230000;8.607860;8.608520;8.607860;8.608240;0
20210325 230100;8.608370;8.608840;8.608370;8.608840;0
20210325 230200;8.608700;8.608700;8.608490;8.608490;0
20210325 230300;8.608550;8.609500;8.608550;8.609060;0
20210325 230400;8.609060;8.609360;8.609060;8.609360;0
20210325 230500;8.609280;8.609280;8.607990;8.607990;0
20210325 230600;8.608070;8.608590;8.608070;8.608590;0
20210325 230700;8.608360;8.608360;8.608360;8.608360;0
20210325 230800;8.608500;8.609020;8.608500;8.609020;0
20210325 230900;8.609160;8.609450;8.609160;8.609450;0
20210325 231000;8.609600;8.610320;8.609600;8.610090;0
20210325 231100;8.610020;8.611390;8.609710;8.611390;0
20210325 231200;8.611540;8.612400;8.611540;8.612400;0
20210325 231300;8.612330;8.612330;8.611530;8.611600;0
20210325 231400;8.611750;8.611750;8.611750;8.611750;0
20210325 231500;8.611820;8.611850;8.608820;8.608860;0
20210325 231600;8.608790;8.609170;8.608790;8.609090;0
20210325 231700;8.609200;8.609200;8.609200;8.609200;0
20210325 231800;8.609420;8.609420;8.609360;8.609360;0
20210325 231900;8.609430;8.610370;8.609430;8.610370;0
20210325 232000;8.610310;8.610310;8.609420;8.609510;0
20210325 232100;8.609440;8.609440;8.609290;8.609420;0
20210325 232200;8.609360;8.610030;8.609360;8.609980;0
20210325 232300;8.609890;8.610530;8.609740;8.610380;0
20210325 232400;8.610430;8.610580;8.610430;8.610540;0
20210325 232500;8.610400;8.610400;8.610320;8.610320;0
20210325 232600;8.610170;8.610170;8.609740;8.609800;0
20210325 232700;8.609950;8.610470;8.609950;8.610470;0
20210325 232800;8.610320;8.610390;8.610320;8.610390;0
20210325 232900;8.610320;8.610320;8.609730;8.609730;0
20210325 233000;8.609660;8.609660;8.608460;8.608460;0
20210325 233100;8.608460;8.610510;8.608460;8.610290;0
20210325 233200;8.610440;8.611020;8.609530;8.610430;0
20210325 233300;8.610510;8.611530;8.610510;8.611310;0
20210325 233400;8.611240;8.611460;8.611170;8.611460;0
20210325 233500;8.611390;8.611390;8.611090;8.611090;0
20210325 233600;8.610950;8.611310;8.610950;8.611310;0
20210325 233700;8.611160;8.611180;8.610960;8.611180;0
20210325 233800;8.611240;8.611750;8.611240;8.611750;0
20210325 233900;8.611600;8.611600;8.611240;8.611240;0
20210325 234100;8.611110;8.611110;8.611110;8.611110;0
20210325 234200;8.611170;8.611820;8.611170;8.611820;0
20210325 234300;8.611900;8.611900;8.611460;8.611460;0
20210325 234400;8.611310;8.611470;8.611020;8.611470;0
20210325 234500;8.611310;8.611310;8.611020;8.611170;0
20210325 234700;8.611100;8.611170;8.610200;8.610640;0
20210325 234800;8.610720;8.610720;8.610720;8.610720;0
20210325 234900;8.610800;8.611010;8.610800;8.611010;0
20210325 235000;8.611170;8.611170;8.611170;8.611170;0
20210325 235100;8.611100;8.611100;8.610720;8.610720;0
20210325 235200;8.610880;8.611010;8.610880;8.611010;0
20210325 235400;8.611090;8.611090;8.611090;8.611090;0
20210325 235600;8.611010;8.611160;8.611010;8.611010;0
20210325 235700;8.611230;8.611230;8.610940;8.610940;0
20210325 235800;8.611000;8.611300;8.610420;8.610420;0
20210325 235900;8.610340;8.610340;8.610200;8.610260;0
20210326 000000;8.610190;8.610190;8.609820;8.609970;0
20210326 000100;8.609900;8.609900;8.609780;8.609780;0
20210326 000200;8.609850;8.609850;8.603620;8.605540;0
20210326 000300;8.605660;8.605810;8.605150;8.605360;0
20210326 000400;8.605450;8.607840;8.605450;8.607840;0
20210326 000500;8.607760;8.608180;8.607760;8.608180;0
20210326 000600;8.608020;8.608190;8.607960;8.608190;0
20210326 000700;8.607890;8.607890;8.606080;8.606220;0
20210326 000800;8.605920;8.606140;8.605840;8.606140;0
20210326 000900;8.606150;8.606170;8.605840;8.605880;0
20210326 001000;8.605880;8.606250;8.605590;8.606030;0
20210326 001100;8.605880;8.607910;8.605880;8.607910;0
20210326 001200;8.608210;8.608380;8.606820;8.606820;0
20210326 001300;8.606890;8.607110;8.606890;8.607110;0
20210326 001400;8.607060;8.607210;8.606200;8.606540;0
20210326 001500;8.606740;8.606740;8.606740;8.606740;0
20210326 001600;8.606600;8.606670;8.606460;8.606670;0
20210326 001700;8.606820;8.606890;8.606670;8.606670;0
20210326 001800;8.606460;8.606460;8.605500;8.605790;0
20210326 001900;8.605700;8.605700;8.605540;8.605540;0
20210326 002000;8.605800;8.605800;8.605640;8.605640;0
20210326 002100;8.605500;8.605500;8.605430;8.605430;0
20210326 002200;8.605750;8.605750;8.605550;8.605550;0
20210326 002300;8.605630;8.605780;8.605410;8.605770;0
20210326 002400;8.605850;8.605850;8.605850;8.605850;0
20210326 002500;8.605850;8.605850;8.605850;8.605850;0
20210326 002600;8.605680;8.608650;8.604450;8.605020;0
20210326 002700;8.605220;8.605320;8.604050;8.604150;0
20210326 002800;8.604150;8.604630;8.603250;8.603320;0
20210326 002900;8.603320;8.606800;8.603320;8.606750;0
20210326 003000;8.606650;8.606800;8.604450;8.605550;0
20210326 003100;8.605350;8.605350;8.603520;8.604380;0
20210326 003200;8.604280;8.604380;8.604120;8.604290;0
20210326 003300;8.604300;8.604300;8.603920;8.604100;0
20210326 003400;8.604310;8.604380;8.604310;8.604320;0
20210326 003500;8.604090;8.604090;8.602420;8.602420;0
20210326 003600;8.602380;8.602600;8.602380;8.602600;0
20210326 003700;8.602290;8.602290;8.601220;8.601230;0
20210326 003800;8.601220;8.601410;8.601060;8.601280;0
20210326 003900;8.601560;8.601670;8.601300;8.601350;0
20210326 004000;8.601460;8.601460;8.600880;8.601090;0
20210326 004100;8.600890;8.601230;8.599890;8.600970;0
20210326 004200;8.601120;8.601540;8.601120;8.601180;0
20210326 004300;8.600960;8.602200;8.600960;8.602150;0
20210326 004400;8.602050;8.602160;8.601250;8.601250;0
20210326 004500;8.601400;8.601400;8.600730;8.600870;0
20210326 004600;8.600960;8.600960;8.600960;8.600960;0
20210326 004700;8.601020;8.601090;8.601020;8.601090;0
20210326 004800;8.601250;8.601320;8.601040;8.601040;0
20210326 004900;8.600870;8.600870;8.600520;8.600520;0
20210326 005000;8.600580;8.600800;8.600580;8.600670;0
20210326 005100;8.600590;8.600810;8.600590;8.600810;0
20210326 005200;8.600890;8.601180;8.600890;8.601180;0
20210326 005300;8.601270;8.601270;8.601130;8.601130;0
20210326 005500;8.600980;8.600980;8.600980;8.600980;0
20210326 005600;8.600840;8.600840;8.599320;8.599320;0
20210326 005700;8.599470;8.600130;8.599320;8.600130;0
20210326 005800;8.600010;8.600010;8.599760;8.599760;0
20210326 005900;8.599800;8.599800;8.589320;8.593510;0
20210326 010000;8.593720;8.596130;8.591630;8.595890;0
20210326 010100;8.595730;8.595840;8.595330;8.595550;0
20210326 010200;8.595690;8.596350;8.595620;8.596350;0
20210326 010300;8.596460;8.596690;8.596240;8.596280;0
20210326 010400;8.596270;8.597450;8.595060;8.596410;0
20210326 010500;8.595000;8.597350;8.594350;8.595470;0
20210326 010600;8.595470;8.595480;8.593420;8.593610;0
20210326 010700;8.593700;8.594460;8.593230;8.593750;0
20210326 010800;8.593510;8.596060;8.590950;8.591250;0
20210326 010900;8.591260;8.598810;8.589800;8.595270;0
20210326 011000;8.594970;8.594970;8.586650;8.592950;0
20210326 011100;8.596060;8.596060;8.591990;8.592570;0
20210326 011200;8.592580;8.594050;8.592500;8.593250;0
20210326 011300;8.593250;8.594360;8.590250;8.591220;0
20210326 011400;8.591750;8.592350;8.584650;8.587420;0
20210326 011500;8.587810;8.595700;8.587810;8.594010;0
20210326 011600;8.594150;8.595360;8.593450;8.593680;0
20210326 011700;8.593930;8.594110;8.593880;8.594010;0
20210326 011800;8.594230;8.596160;8.594110;8.596160;0
20210326 011900;8.595940;8.596110;8.594920;8.595050;0
20210326 012000;8.595200;8.595200;8.593390;8.593390;0
20210326 012100;8.593260;8.593740;8.593130;8.593190;0
20210326 012200;8.593260;8.593540;8.592900;8.593290;0
20210326 012300;8.593210;8.593280;8.592350;8.592420;0
20210326 012400;8.592500;8.592610;8.592370;8.592610;0
20210326 012500;8.592780;8.592850;8.592270;8.592270;0
20210326 012600;8.592330;8.592330;8.591100;8.591470;0
20210326 012700;8.591840;8.593350;8.591840;8.591940;0
20210326 012800;8.592020;8.592430;8.591220;8.592250;0
20210326 012900;8.592180;8.592320;8.591560;8.591770;0
20210326 013000;8.591930;8.592940;8.591930;8.592500;0
20210326 013100;8.592650;8.593080;8.592650;8.593080;0
20210326 013200;8.593010;8.593530;8.593010;8.593300;0
20210326 013300;8.593310;8.594000;8.593310;8.593970;0
20210326 013400;8.594070;8.595650;8.594070;8.595500;0
20210326 013500;8.595370;8.595880;8.595370;8.595880;0
20210326 013600;8.595950;8.596000;8.594780;8.594780;0
20210326 013700;8.594920;8.594920;8.593860;8.594530;0
20210326 013800;8.594520;8.595600;8.593820;8.595600;0
20210326 013900;8.595410;8.595950;8.595300;8.595550;0
20210326 014000;8.595450;8.595600;8.594390;8.595600;0
20210326 014100;8.595600;8.598850;8.595130;8.597310;0
20210326 014200;8.597160;8.597300;8.597090;8.597240;0
20210326 014300;8.597090;8.597210;8.596490;8.597020;0
20210326 014400;8.596870;8.596870;8.596440;8.596440;0
20210326 014500;8.596450;8.597020;8.596440;8.597020;0
20210326 014600;8.597170;8.597180;8.596890;8.597030;0
20210326 014700;8.596960;8.597310;8.596710;8.596710;0
20210326 014800;8.596650;8.596940;8.596640;8.596640;0
20210326 014900;8.596670;8.599000;8.596280;8.597550;0
20210326 015000;8.597760;8.600370;8.596970;8.597090;0
20210326 015100;8.596860;8.596860;8.594960;8.595540;0
20210326 015200;8.595570;8.595840;8.595420;8.595420;0
20210326 015300;8.595700;8.596270;8.595680;8.596150;0
20210326 015400;8.596000;8.596220;8.595790;8.595930;0
20210326 015500;8.595800;8.595800;8.595620;8.595620;0
20210326 015600;8.595690;8.595690;8.595410;8.595410;0
20210326 015700;8.595550;8.598180;8.595170;8.598180;0
20210326 015800;8.598220;8.598710;8.597900;8.598650;0
20210326 015900;8.598650;8.599950;8.598630;8.599040;0
20210326 020000;8.599280;8.601510;8.599050;8.601230;0
20210326 020100;8.601150;8.601740;8.600050;8.600050;0
20210326 020200;8.600060;8.600980;8.599390;8.600340;0
20210326 020300;8.600430;8.601950;8.599800;8.599920;0
20210326 020400;8.599890;8.599970;8.598480;8.598680;0
20210326 020500;8.598750;8.600400;8.598750;8.600400;0
20210326 020600;8.600290;8.600290;8.599840;8.599860;0
20210326 020700;8.599820;8.600990;8.598150;8.600470;0
20210326 020800;8.600460;8.603570;8.600430;8.602640;0
20210326 020900;8.602640;8.605740;8.602640;8.605480;0
20210326 021000;8.605250;8.605250;8.602400;8.603700;0
20210326 021100;8.603700;8.604140;8.603360;8.604140;0
20210326 021200;8.604500;8.606520;8.604500;8.606200;0
20210326 021300;8.606200;8.606210;8.603580;8.603990;0
20210326 021400;8.603950;8.604620;8.602250;8.604620;0
20210326 021500;8.604620;8.604940;8.602920;8.604080;0
20210326 021600;8.604210;8.608580;8.604040;8.608430;0
20210326 021700;8.608430;8.609680;8.604560;8.607030;0
20210326 021800;8.607030;8.607310;8.604830;8.604840;0
20210326 021900;8.604670;8.604740;8.602540;8.602710;0
20210326 022000;8.602710;8.602720;8.600170;8.600610;0
20210326 022100;8.600610;8.600710;8.599940;8.600310;0
20210326 022200;8.600310;8.600370;8.599330;8.600360;0
20210326 022300;8.600510;8.602430;8.600350;8.601670;0
20210326 022400;8.601560;8.602930;8.600650;8.602300;0
20210326 022500;8.602460;8.603600;8.600670;8.603590;0
20210326 022600;8.603600;8.606590;8.602720;8.605640;0
20210326 022700;8.605790;8.607530;8.605660;8.605990;0
20210326 022800;8.605990;8.607540;8.605540;8.606530;0
20210326 022900;8.606530;8.608730;8.606530;8.607400;0
20210326 023000;8.607410;8.608610;8.606110;8.608600;0
20210326 023100;8.608380;8.608500;8.606090;8.606240;0
20210326 023200;8.606240;8.607650;8.606130;8.606340;0
20210326 023300;8.606350;8.608370;8.606350;8.608270;0
20210326 023400;8.608270;8.610000;8.608230;8.610000;0
20210326 023500;8.610010;8.610070;8.606510;8.606820;0
20210326 023600;8.606820;8.606820;8.602760;8.605040;0
20210326 023700;8.605040;8.605070;8.602840;8.603360;0
20210326 023800;8.603320;8.604570;8.603010;8.603510;0
20210326 023900;8.603750;8.604380;8.603330;8.604130;0
20210326 024000;8.604280;8.606180;8.603390;8.605360;0
20210326 024100;8.605350;8.605580;8.604520;8.605580;0
20210326 024200;8.605300;8.607370;8.605210;8.607180;0
20210326 024300;8.607180;8.607450;8.605810;8.607230;0
20210326 024400;8.607380;8.607830;8.605900;8.605900;0
20210326 024500;8.605900;8.606360;8.603240;8.603930;0
20210326 024600;8.604010;8.606820;8.603850;8.606730;0
20210326 024700;8.606730;8.609690;8.606730;8.609660;0
20210326 024800;8.609660;8.611810;8.609660;8.611240;0
20210326 024900;8.611330;8.611330;8.606940;8.607270;0
20210326 025000;8.607370;8.608390;8.604870;8.605570;0
20210326 025100;8.605500;8.605800;8.600710;8.601310;0
20210326 025200;8.601680;8.601820;8.600380;8.600620;0
20210326 025300;8.600610;8.602760;8.600610;8.602020;0
20210326 025400;8.602030;8.602320;8.601730;8.602040;0
20210326 025500;8.602270;8.603150;8.601310;8.601710;0
20210326 025600;8.601580;8.603020;8.600070;8.602430;0
20210326 025700;8.602640;8.603810;8.599590;8.601970;0
20210326 025800;8.601970;8.602430;8.600560;8.601050;0
20210326 025900;8.601030;8.605440;8.599500;8.605190;0
20210326 030000;8.605420;8.607950;8.601430;8.607170;0
20210326 030100;8.607170;8.607170;8.600320;8.603820;0
20210326 030200;8.603750;8.606960;8.600540;8.600640;0
20210326 030300;8.600860;8.606300;8.600860;8.605070;0
20210326 030400;8.605070;8.606500;8.604010;8.606500;0
20210326 030500;8.606350;8.606560;8.603920;8.604470;0
20210326 030600;8.604320;8.604320;8.600400;8.603410;0
20210326 030700;8.603420;8.605820;8.603370;8.605120;0
20210326 030800;8.605130;8.606460;8.604100;8.604690;0
20210326 030900;8.604610;8.606060;8.603700;8.603960;0
20210326 031000;8.603840;8.604120;8.603100;8.603950;0
20210326 031100;8.604070;8.604670;8.602930;8.604100;0
20210326 031200;8.604100;8.606970;8.603740;8.606910;0
20210326 031300;8.606900;8.610510;8.606790;8.610310;0
20210326 031400;8.610230;8.610230;8.608800;8.610070;0
20210326 031500;8.609930;8.609930;8.606370;8.607030;0
20210326 031600;8.606960;8.606960;8.602660;8.605280;0
20210326 031700;8.605130;8.605130;8.601130;8.604610;0
20210326 031800;8.604690;8.604980;8.602210;8.603350;0
20210326 031900;8.603270;8.603450;8.600510;8.602930;0
20210326 032000;8.602930;8.603150;8.599110;8.599700;0
20210326 032100;8.599640;8.599840;8.596960;8.597850;0
20210326 032200;8.597800;8.597800;8.593780;8.596560;0
20210326 032300;8.596550;8.596550;8.592320;8.592320;0
20210326 032400;8.592490;8.595030;8.592240;8.593990;0
20210326 032500;8.593990;8.594350;8.592830;8.594000;0
20210326 032600;8.594010;8.597540;8.594000;8.595490;0
20210326 032700;8.595320;8.596050;8.594260;8.594770;0
20210326 032800;8.594720;8.595810;8.594290;8.594930;0
20210326 032900;8.595160;8.597790;8.594590;8.596830;0
20210326 033000;8.596830;8.597830;8.589060;8.592320;0
20210326 033100;8.592220;8.596000;8.591640;8.593720;0
20210326 033200;8.593700;8.595620;8.593220;8.593230;0
20210326 033300;8.593440;8.595330;8.593440;8.593770;0
20210326 033400;8.593810;8.593820;8.588850;8.589550;0
20210326 033500;8.589550;8.591160;8.587410;8.587410;0
20210326 033600;8.587540;8.587960;8.585640;8.585870;0
20210326 033700;8.585830;8.585900;8.582420;8.585730;0
20210326 033800;8.585880;8.589880;8.585640;8.588480;0
20210326 033900;8.588480;8.588620;8.583580;8.583590;0
20210326 034000;8.583580;8.585290;8.581140;8.585130;0
20210326 034100;8.585300;8.587770;8.582460;8.585660;0
20210326 034200;8.585550;8.590430;8.585540;8.589170;0
20210326 034300;8.589100;8.591000;8.587250;8.587250;0
20210326 034400;8.587350;8.590730;8.586440;8.590280;0
20210326 034500;8.590280;8.594170;8.590280;8.592770;0
20210326 034600;8.592760;8.594240;8.591810;8.591810;0
20210326 034700;8.591880;8.591880;8.589730;8.589730;0
20210326 034800;8.589640;8.592460;8.589230;8.592460;0
20210326 034900;8.592270;8.592280;8.590210;8.590740;0
20210326 035000;8.590740;8.591500;8.590710;8.590780;0
20210326 035100;8.590830;8.596320;8.590810;8.595250;0
20210326 035200;8.595390;8.598940;8.592270;8.593630;0
20210326 035300;8.593510;8.599310;8.593460;8.598530;0
20210326 035400;8.598530;8.598530;8.596400;8.598460;0
20210326 035500;8.598400;8.603600;8.598400;8.603600;0
20210326 035600;8.603670;8.603670;8.600960;8.601730;0
20210326 035700;8.601730;8.601730;8.600200;8.600640;0
20210326 035800;8.600930;8.601430;8.600360;8.600750;0
20210326 035900;8.600660;8.601980;8.596350;8.599050;0
20210326 040000;8.599050;8.599050;8.585610;8.597530;0
20210326 040100;8.597820;8.597820;8.591550;8.594140;0
20210326 040200;8.594080;8.601990;8.593790;8.599270;0
20210326 040300;8.599330;8.600060;8.597370;8.597930;0
20210326 040400;8.597940;8.598730;8.590080;8.594750;0
20210326 040500;8.594800;8.598940;8.593540;8.598710;0
20210326 040600;8.598760;8.598780;8.594860;8.596510;0
20210326 040700;8.596500;8.596500;8.593840;8.595120;0
20210326 040800;8.595420;8.602380;8.595420;8.598630;0
20210326 040900;8.598820;8.601890;8.596980;8.601890;0
20210326 041000;8.601820;8.605280;8.600980;8.604690;0
20210326 041100;8.604690;8.604740;8.595230;8.597380;0
20210326 041200;8.597350;8.600350;8.596450;8.596820;0
20210326 041300;8.596940;8.597580;8.596050;8.597210;0
20210326 041400;8.597210;8.598950;8.597010;8.597950;0
20210326 041500;8.598120;8.599610;8.597270;8.599610;0
20210326 041600;8.599880;8.606390;8.599880;8.606390;0
20210326 041700;8.606330;8.608060;8.605090;8.605690;0
20210326 041800;8.605510;8.605510;8.597950;8.598920;0
20210326 041900;8.599130;8.601910;8.599130;8.601510;0
20210326 042000;8.601400;8.601490;8.599900;8.600200;0
20210326 042100;8.600280;8.600820;8.597720;8.597910;0
20210326 042200;8.597910;8.597910;8.594640;8.595800;0
20210326 042300;8.595770;8.596240;8.594750;8.595390;0
20210326 042400;8.595530;8.596440;8.592990;8.595090;0
20210326 042500;8.595020;8.595610;8.593840;8.594240;0
20210326 042600;8.594200;8.596760;8.594080;8.596380;0
20210326 042700;8.596380;8.597730;8.595550;8.597710;0
20210326 042800;8.597680;8.601280;8.597200;8.599680;0
20210326 042900;8.599570;8.600230;8.597900;8.598260;0
20210326 043000;8.598250;8.601190;8.598250;8.600100;0
20210326 043100;8.600140;8.602920;8.600140;8.601420;0
20210326 043200;8.601530;8.601790;8.598450;8.600600;0
20210326 043300;8.600490;8.601400;8.599080;8.599760;0
20210326 043400;8.599750;8.600470;8.597970;8.599260;0
20210326 043500;8.599310;8.599310;8.595270;8.595350;0
20210326 043600;8.595270;8.595270;8.587590;8.588180;0
20210326 043700;8.588270;8.590720;8.588270;8.589630;0
20210326 043800;8.589620;8.593000;8.588620;8.589450;0
20210326 043900;8.589450;8.589610;8.584730;8.586240;0
20210326 044000;8.586240;8.594000;8.586240;8.593860;0
20210326 044100;8.593850;8.594690;8.590880;8.594480;0
20210326 044200;8.594450;8.597120;8.594450;8.595930;0
20210326 044300;8.595720;8.597060;8.594860;8.595030;0
20210326 044400;8.594860;8.596550;8.590780;8.594370;0
20210326 044500;8.594270;8.598130;8.594040;8.598130;0
20210326 044600;8.598360;8.598790;8.595870;8.596840;0
20210326 044700;8.597030;8.598470;8.595780;8.596020;0
20210326 044800;8.595960;8.596440;8.593980;8.594560;0
20210326 044900;8.594620;8.595750;8.593680;8.595630;0
20210326 045000;8.595700;8.596810;8.595420;8.596480;0
20210326 045100;8.596610;8.596610;8.595670;8.595730;0
20210326 045200;8.595710;8.595730;8.594150;8.594410;0
20210326 045300;8.594570;8.595110;8.593920;8.594820;0
20210326 045400;8.594820;8.597720;8.594230;8.596650;0
20210326 045500;8.596620;8.597330;8.594890;8.595860;0
20210326 045600;8.595900;8.599140;8.595850;8.598880;0
20210326 045700;8.598880;8.599220;8.594810;8.595420;0
20210326 045800;8.595370;8.597250;8.594440;8.596740;0
20210326 045900;8.596740;8.597310;8.594990;8.597290;0
20210326 050000;8.597420;8.599970;8.597050;8.599940;0
20210326 050100;8.599940;8.600520;8.599130;8.600370;0
20210326 050200;8.600260;8.601000;8.599990;8.600570;0
20210326 050300;8.600570;8.601160;8.600530;8.601090;0
20210326 050400;8.601100;8.601920;8.601070;8.601150;0
20210326 050500;8.601380;8.601880;8.598700;8.600150;0
20210326 050600;8.600100;8.600100;8.597980;8.599330;0
20210326 050700;8.599390;8.600410;8.598750;8.599900;0
20210326 050800;8.600110;8.601920;8.599190;8.600790;0
20210326 050900;8.600780;8.601220;8.599040;8.599780;0
20210326 051000;8.599780;8.599970;8.596750;8.599500;0
20210326 051100;8.599510;8.601910;8.599210;8.601910;0
20210326 051200;8.602000;8.602560;8.600950;8.601810;0
20210326 051300;8.601810;8.604040;8.601810;8.603970;0
20210326 051400;8.603970;8.605230;8.602990;8.605090;0
20210326 051500;8.605150;8.607900;8.604860;8.607050;0
20210326 051600;8.606910;8.609350;8.606710;8.607090;0
20210326 051700;8.607020;8.607020;8.602290;8.604310;0
20210326 051800;8.604290;8.604290;8.601260;8.603740;0
20210326 051900;8.603870;8.604110;8.602200;8.603160;0
20210326 052000;8.603190;8.603440;8.600870;8.602550;0
20210326 052100;8.602430;8.606400;8.602250;8.606400;0
20210326 052200;8.606550;8.608270;8.605780;8.608270;0
20210326 052300;8.608570;8.609390;8.608340;8.609390;0
20210326 052400;8.609420;8.609790;8.601940;8.602470;0
20210326 052500;8.602440;8.603020;8.598480;8.599210;0
20210326 052600;8.599210;8.603470;8.599210;8.600950;0
20210326 052700;8.600950;8.601530;8.599170;8.599420;0
20210326 052800;8.599520;8.600710;8.598940;8.600440;0
20210326 052900;8.600440;8.602780;8.600440;8.602580;0
20210326 053000;8.602480;8.604490;8.602030;8.604400;0
20210326 053100;8.604390;8.604870;8.602880;8.602970;0
20210326 053200;8.602970;8.603170;8.601840;8.602670;0
20210326 053300;8.602760;8.602760;8.600350;8.601060;0
20210326 053400;8.601060;8.601700;8.600650;8.601020;0
20210326 053500;8.600920;8.602870;8.600170;8.601500;0
20210326 053600;8.601600;8.601720;8.599610;8.599610;0
20210326 053700;8.599590;8.600320;8.599180;8.600020;0
20210326 053800;8.599830;8.602750;8.599830;8.602540;0
20210326 053900;8.603140;8.603810;8.602190;8.602230;0
20210326 054000;8.602240;8.603810;8.602230;8.603340;0
20210326 054100;8.603330;8.603730;8.602960;8.603420;0
20210326 054200;8.603510;8.603910;8.602590;8.603210;0
20210326 054300;8.603210;8.604730;8.602430;8.602830;0
20210326 054400;8.602830;8.603070;8.602040;8.602160;0
20210326 054500;8.602160;8.603080;8.601860;8.602440;0
20210326 054600;8.602440;8.602440;8.598400;8.598760;0
20210326 054700;8.598680;8.598690;8.597850;8.598200;0
20210326 054800;8.598320;8.601070;8.596110;8.596140;0
20210326 054900;8.596150;8.599700;8.595790;8.598870;0
20210326 055000;8.598880;8.599280;8.594450;8.595520;0
20210326 055100;8.595510;8.596570;8.595460;8.596320;0
20210326 055200;8.596330;8.599560;8.596270;8.598970;0
20210326 055300;8.598870;8.599150;8.596170;8.596440;0
20210326 055400;8.596420;8.598160;8.593550;8.597300;0
20210326 055500;8.597300;8.598830;8.597080;8.598610;0
20210326 055600;8.598730;8.600180;8.598050;8.599330;0
20210326 055700;8.599330;8.603310;8.598450;8.601820;0
20210326 055800;8.601810;8.601810;8.595960;8.596250;0
20210326 055900;8.596290;8.598260;8.596290;8.598020;0
20210326 060000;8.598030;8.598060;8.594720;8.597910;0
20210326 060100;8.597920;8.598760;8.595010;8.596200;0
20210326 060200;8.596230;8.598010;8.596230;8.597970;0
20210326 060300;8.597970;8.602920;8.597950;8.602700;0
20210326 060400;8.602650;8.605680;8.602080;8.602080;0
20210326 060500;8.602000;8.604690;8.601520;8.603930;0
20210326 060600;8.604030;8.607080;8.602410;8.607080;0
20210326 060700;8.607230;8.607910;8.603720;8.605010;0
20210326 060800;8.604930;8.604930;8.601710;8.601720;0
20210326 060900;8.601880;8.606010;8.601710;8.605440;0
20210326 061000;8.605440;8.608710;8.605360;8.608070;0
20210326 061100;8.608070;8.608070;8.604980;8.605100;0
20210326 061200;8.605110;8.605970;8.603140;8.605970;0
20210326 061300;8.605830;8.606940;8.603490;8.606930;0
20210326 061400;8.606930;8.610550;8.606930;8.608080;0
20210326 061500;8.608080;8.614340;8.607820;8.614300;0
20210326 061600;8.614310;8.614540;8.613150;8.613170;0
20210326 061700;8.613780;8.613920;8.612190;8.613160;0
20210326 061800;8.613150;8.614540;8.612360;8.613930;0
20210326 061900;8.613980;8.614000;8.613200;8.613460;0
20210326 062000;8.613350;8.615920;8.611090;8.615920;0
20210326 062100;8.615830;8.616540;8.613460;8.614230;0
20210326 062200;8.614190;8.614420;8.613470;8.613970;0
20210326 062300;8.613890;8.614040;8.611290;8.611290;0
20210326 062400;8.611700;8.612700;8.610070;8.611140;0
20210326 062500;8.611140;8.611140;8.608570;8.609340;0
20210326 062600;8.609100;8.609510;8.608540;8.609360;0
20210326 062700;8.609350;8.613620;8.609350;8.613270;0
20210326 062800;8.613260;8.613580;8.612360;8.613220;0
20210326 062900;8.613310;8.616190;8.612780;8.614980;0
20210326 063000;8.614980;8.617220;8.614980;8.615790;0
20210326 063100;8.615720;8.615960;8.614400;8.614400;0
20210326 063200;8.614400;8.614600;8.613680;8.614510;0
20210326 063300;8.614520;8.614520;8.613100;8.613320;0
20210326 063400;8.613270;8.614270;8.611830;8.611830;0
20210326 063500;8.611830;8.611960;8.610540;8.611260;0
20210326 063600;8.611260;8.612840;8.609930;8.612840;0
20210326 063700;8.612750;8.613520;8.612750;8.612930;0
20210326 063800;8.612920;8.612930;8.610110;8.610110;0
20210326 063900;8.610110;8.610880;8.609590;8.609760;0
20210326 064000;8.609890;8.612910;8.608850;8.608850;0
20210326 064100;8.608930;8.609000;8.607760;8.608670;0
20210326 064200;8.608760;8.613480;8.608100;8.612190;0
20210326 064300;8.612240;8.612570;8.610830;8.610970;0
20210326 064400;8.611030;8.611170;8.610040;8.610050;0
20210326 064500;8.610030;8.610510;8.609520;8.610440;0
20210326 064600;8.610490;8.611320;8.610070;8.610920;0
20210326 064700;8.610760;8.611710;8.608410;8.608810;0
20210326 064800;8.608810;8.609500;8.608220;8.608350;0
20210326 064900;8.608400;8.608730;8.607570;8.607640;0
20210326 065000;8.607640;8.607870;8.606900;8.606990;0
20210326 065100;8.606990;8.608720;8.606630;8.606780;0
20210326 065200;8.606760;8.607210;8.606040;8.606230;0
20210326 065300;8.606230;8.607100;8.606010;8.606180;0
20210326 065400;8.606180;8.611150;8.606180;8.609210;0
20210326 065500;8.609200;8.609900;8.605830;8.607780;0
20210326 065600;8.607770;8.607980;8.606120;8.606120;0
20210326 065700;8.606130;8.607750;8.605850;8.607320;0
20210326 065800;8.607290;8.608700;8.607290;8.607880;0
20210326 065900;8.607880;8.607880;8.605750;8.605820;0
20210326 070000;8.605840;8.606730;8.603400;8.606500;0
20210326 070100;8.606440;8.607600;8.606150;8.606770;0
20210326 070200;8.606770;8.606780;8.602580;8.604150;0
20210326 070300;8.604240;8.606710;8.603400;8.606130;0
20210326 070400;8.606130;8.607110;8.603360;8.606320;0
20210326 070500;8.606340;8.607720;8.604930;8.607110;0
20210326 070600;8.607050;8.607410;8.604180;8.604940;0
20210326 070700;8.604860;8.607990;8.604500;8.607180;0
20210326 070800;8.607120;8.609270;8.607120;8.609190;0
20210326 070900;8.609200;8.609690;8.606950;8.606960;0
20210326 071000;8.607040;8.607560;8.602610;8.604170;0
20210326 071100;8.604360;8.607180;8.603700;8.606530;0
20210326 071200;8.606560;8.606790;8.604390;8.605100;0
20210326 071300;8.605190;8.606290;8.604740;8.605290;0
20210326 071400;8.605380;8.605730;8.602460;8.603230;0
20210326 071500;8.603290;8.604860;8.601930;8.604860;0
20210326 071600;8.604930;8.608180;8.604930;8.608080;0
20210326 071700;8.608080;8.609060;8.608080;8.609000;0
20210326 071800;8.608930;8.609100;8.608410;8.608630;0
20210326 071900;8.608610;8.611530;8.608350;8.608990;0
20210326 072000;8.609520;8.609810;8.608180;8.608610;0
20210326 072100;8.608660;8.608880;8.606260;8.606400;0
20210326 072200;8.606400;8.610870;8.606400;8.610650;0
20210326 072300;8.610470;8.612010;8.610070;8.610070;0
20210326 072400;8.609990;8.611890;8.609950;8.610800;0
20210326 072500;8.610690;8.611050;8.608510;8.609720;0
20210326 072600;8.609920;8.610660;8.609520;8.609520;0
20210326 072700;8.609520;8.611200;8.609180;8.611200;0
20210326 072800;8.611250;8.611250;8.609630;8.610000;0
20210326 072900;8.610000;8.612490;8.609810;8.611730;0
20210326 073000;8.612060;8.612540;8.608370;8.608390;0
20210326 073100;8.608380;8.608530;8.605660;8.605660;0
20210326 073200;8.605660;8.605810;8.603710;8.603870;0
20210326 073300;8.603700;8.604100;8.603170;8.603930;0
20210326 073400;8.603960;8.605810;8.600310;8.605560;0
20210326 073500;8.605560;8.606210;8.601290;8.601290;0
20210326 073600;8.601290;8.602300;8.599930;8.602220;0
20210326 073700;8.602030;8.604510;8.601160;8.601360;0
20210326 073800;8.601330;8.601330;8.599050;8.599050;0
20210326 073900;8.599150;8.603000;8.597970;8.603000;0
20210326 074000;8.603000;8.604880;8.602710;8.604350;0
20210326 074100;8.604360;8.605390;8.603440;8.603950;0
20210326 074200;8.603960;8.604220;8.602270;8.603350;0
20210326 074300;8.603630;8.604150;8.602240;8.602240;0
20210326 074400;8.602310;8.603230;8.599720;8.599740;0
20210326 074500;8.599860;8.603220;8.599730;8.602250;0
20210326 074600;8.602100;8.603430;8.601260;8.602890;0
20210326 074700;8.602890;8.603370;8.600480;8.600590;0
20210326 074800;8.600650;8.603410;8.600650;8.603350;0
20210326 074900;8.603390;8.605330;8.603390;8.604750;0
20210326 075000;8.604890;8.609300;8.603760;8.609300;0
20210326 075100;8.609400;8.610580;8.607920;8.608000;0
20210326 075200;8.608070;8.610680;8.605510;8.606520;0
20210326 075300;8.606510;8.607390;8.605960;8.606580;0
20210326 075400;8.606570;8.606570;8.603860;8.604190;0
20210326 075500;8.604180;8.604260;8.600490;8.601210;0
20210326 075600;8.601070;8.601180;8.598320;8.601180;0
20210326 075700;8.601180;8.605950;8.599400;8.599400;0
20210326 075800;8.599330;8.599330;8.597150;8.598440;0
20210326 075900;8.598530;8.601510;8.598530;8.601370;0
20210326 080000;8.601370;8.603060;8.596420;8.596820;0
20210326 080100;8.596680;8.596730;8.590270;8.590340;0
20210326 080200;8.590470;8.592640;8.587610;8.587680;0
20210326 080300;8.587690;8.589470;8.585590;8.588320;0
20210326 080400;8.588190;8.590630;8.587080;8.588180;0
20210326 080500;8.588170;8.588400;8.585050;8.585860;0
20210326 080600;8.585940;8.588170;8.585870;8.587790;0
20210326 080700;8.587790;8.589110;8.587540;8.588300;0
20210326 080800;8.588420;8.591920;8.588420;8.591170;0
20210326 080900;8.591180;8.591540;8.589130;8.590100;0
20210326 081000;8.590100;8.590570;8.587860;8.587860;0
20210326 081100;8.587750;8.591370;8.586580;8.589220;0
20210326 081200;8.589280;8.590200;8.586170;8.590110;0
20210326 081300;8.590070;8.591800;8.589530;8.591610;0
20210326 081400;8.591550;8.594650;8.591370;8.592910;0
20210326 081500;8.592910;8.594440;8.588660;8.590520;0
20210326 081600;8.590900;8.592920;8.588920;8.589420;0
20210326 081700;8.589320;8.592940;8.589030;8.591920;0
20210326 081800;8.591850;8.592030;8.588590;8.590940;0
20210326 081900;8.590980;8.590980;8.585750;8.585750;0
20210326 082000;8.585960;8.590490;8.585960;8.588110;0
20210326 082100;8.588210;8.589920;8.586490;8.589380;0
20210326 082200;8.589300;8.589300;8.585500;8.586800;0
20210326 082300;8.586710;8.587530;8.585990;8.586700;0
20210326 082400;8.586710;8.587470;8.586710;8.587470;0
20210326 082500;8.587460;8.593060;8.587390;8.591180;0
20210326 082600;8.591180;8.591680;8.590210;8.591440;0
20210326 082700;8.591490;8.591780;8.590260;8.591190;0
20210326 082800;8.591190;8.596380;8.591190;8.595320;0
20210326 082900;8.595500;8.595530;8.592910;8.593280;0
20210326 083000;8.593420;8.594210;8.589620;8.589680;0
20210326 083100;8.589860;8.591380;8.589310;8.589310;0
20210326 083200;8.589350;8.590590;8.588120;8.590590;0
20210326 083300;8.590690;8.593250;8.590020;8.590020;0
20210326 083400;8.590050;8.592690;8.590050;8.590800;0
20210326 083500;8.590710;8.591540;8.590260;8.591220;0
20210326 083600;8.591060;8.594420;8.590310;8.590310;0
20210326 083700;8.590280;8.590580;8.586340;8.590100;0
20210326 083800;8.590300;8.592170;8.588710;8.588710;0
20210326 083900;8.588660;8.589180;8.586650;8.587740;0
20210326 084000;8.587620;8.588990;8.586120;8.588960;0
20210326 084100;8.588940;8.590510;8.587380;8.590220;0
20210326 084200;8.590330;8.591390;8.589010;8.589400;0
20210326 084300;8.589560;8.590650;8.588290;8.589140;0
20210326 084400;8.589140;8.590280;8.588050;8.588680;0
20210326 084500;8.588560;8.591220;8.588400;8.589470;0
20210326 084600;8.589310;8.590010;8.588010;8.588010;0
20210326 084700;8.588020;8.589710;8.586480;8.589710;0
20210326 084800;8.589580;8.590700;8.589070;8.590220;0
20210326 084900;8.590420;8.591410;8.588850;8.589890;0
20210326 085000;8.589770;8.590550;8.588080;8.589400;0
20210326 085100;8.589730;8.590310;8.588630;8.589020;0
20210326 085200;8.588950;8.591380;8.587690;8.589540;0
20210326 085300;8.589620;8.590140;8.586750;8.590140;0
20210326 085400;8.590330;8.591610;8.588890;8.590140;0
20210326 085500;8.590130;8.590130;8.585110;8.585370;0
20210326 085600;8.585440;8.587710;8.585440;8.587630;0
20210326 085700;8.587650;8.592160;8.587650;8.591910;0
20210326 085800;8.591790;8.591790;8.588850;8.589080;0
20210326 085900;8.589120;8.589440;8.587700;8.588120;0
20210326 090000;8.588120;8.588850;8.584770;8.584930;0
20210326 090100;8.584900;8.584900;8.584150;8.584670;0
20210326 090200;8.584570;8.584630;8.583110;8.583510;0
20210326 090300;8.583510;8.587500;8.581500;8.585500;0
20210326 090400;8.585380;8.591130;8.585380;8.588550;0
20210326 090500;8.588480;8.588560;8.584270;8.586030;0
20210326 090600;8.585960;8.586730;8.584820;8.585850;0
20210326 090700;8.585580;8.586710;8.585130;8.585420;0
20210326 090800;8.585370;8.588150;8.585150;8.587080;0
20210326 090900;8.587070;8.588330;8.584780;8.584780;0
20210326 091000;8.584640;8.588290;8.584640;8.588220;0
20210326 091100;8.588220;8.588220;8.584370;8.585570;0
20210326 091200;8.585430;8.587820;8.584500;8.585390;0
20210326 091300;8.585390;8.586820;8.585000;8.586520;0
20210326 091400;8.586520;8.589300;8.586260;8.587200;0
20210326 091500;8.587200;8.588100;8.586260;8.587670;0
20210326 091600;8.587680;8.589870;8.585540;8.588890;0
20210326 091700;8.588900;8.589300;8.583890;8.586840;0
20210326 091800;8.586840;8.588250;8.586480;8.588250;0
20210326 091900;8.588110;8.594000;8.587490;8.592730;0
20210326 092000;8.592640;8.592640;8.590930;8.591910;0
20210326 092100;8.591980;8.594240;8.591860;8.591890;0
20210326 092200;8.591880;8.594050;8.588960;8.593060;0
20210326 092300;8.592900;8.595030;8.591820;8.593810;0
20210326 092400;8.593940;8.595800;8.590590;8.590800;0
20210326 092500;8.590680;8.590680;8.586030;8.589000;0
20210326 092600;8.589010;8.589960;8.586570;8.588270;0
20210326 092700;8.588270;8.588940;8.586440;8.586950;0
20210326 092800;8.586800;8.586800;8.581750;8.582120;0
20210326 092900;8.582060;8.584970;8.582060;8.584380;0
20210326 093000;8.584250;8.584250;8.581410;8.582730;0
20210326 093100;8.582730;8.583220;8.580590;8.580600;0
20210326 093200;8.580550;8.583520;8.579850;8.582720;0
20210326 093300;8.582720;8.584990;8.582630;8.584980;0
20210326 093400;8.584980;8.585200;8.583930;8.584230;0
20210326 093500;8.584230;8.584290;8.580610;8.582940;0
20210326 093600;8.582790;8.582790;8.581390;8.581670;0
20210326 093700;8.581390;8.586040;8.581050;8.585000;0
20210326 093800;8.585040;8.588200;8.582770;8.583610;0
20210326 093900;8.583620;8.588190;8.583230;8.587980;0
20210326 094000;8.587990;8.589990;8.585810;8.588090;0
20210326 094100;8.588090;8.588090;8.582760;8.586030;0
20210326 094200;8.586240;8.588420;8.585490;8.588230;0
20210326 094300;8.588210;8.589500;8.585280;8.588370;0
20210326 094400;8.588240;8.594160;8.587200;8.592960;0
20210326 094500;8.593040;8.593630;8.589020;8.590950;0
20210326 094600;8.591040;8.593420;8.590960;8.593420;0
20210326 094700;8.593550;8.595370;8.590630;8.594960;0
20210326 094800;8.594890;8.596610;8.593110;8.594720;0
20210326 094900;8.594720;8.598090;8.592700;8.597900;0
20210326 095000;8.598020;8.598470;8.594850;8.596000;0
20210326 095100;8.595990;8.596650;8.594080;8.594080;0
20210326 095200;8.594080;8.597080;8.592280;8.594310;0
20210326 095300;8.594380;8.594730;8.592090;8.593610;0
20210326 095400;8.593680;8.596540;8.593390;8.593510;0
20210326 095500;8.593550;8.593610;8.592120;8.592870;0
20210326 095600;8.592860;8.594120;8.592620;8.593470;0
20210326 095700;8.593470;8.596220;8.593100;8.595650;0
20210326 095800;8.595590;8.595590;8.591340;8.592270;0
20210326 095900;8.592420;8.594000;8.591310;8.594000;0
20210326 100000;8.593870;8.594020;8.589330;8.592030;0
20210326 100100;8.592030;8.595040;8.591970;8.592870;0
20210326 100200;8.592720;8.593700;8.590320;8.590350;0
20210326 100300;8.590310;8.590310;8.586910;8.587350;0
20210326 100400;8.587500;8.594440;8.587500;8.591000;0
20210326 100500;8.591000;8.592510;8.588190;8.588200;0
20210326 100600;8.588240;8.591290;8.588000;8.590850;0
20210326 100700;8.590890;8.591840;8.589570;8.590890;0
20210326 100800;8.590890;8.591300;8.587960;8.588350;0
20210326 100900;8.588360;8.589930;8.587870;8.587960;0
20210326 101000;8.588030;8.593300;8.587700;8.591420;0
20210326 101100;8.591550;8.591550;8.588520;8.590480;0
20210326 101200;8.590310;8.593180;8.589490;8.592200;0
20210326 101300;8.592290;8.597150;8.591320;8.593530;0
20210326 101400;8.593520;8.593530;8.588960;8.588960;0
20210326 101500;8.589230;8.591190;8.588420;8.590950;0
20210326 101600;8.590970;8.592160;8.587900;8.589590;0
20210326 101700;8.589560;8.591060;8.587640;8.589020;0
20210326 101800;8.588960;8.590160;8.587810;8.590160;0
20210326 101900;8.590130;8.590850;8.589490;8.589930;0
20210326 102000;8.590050;8.590590;8.589360;8.590470;0
20210326 102100;8.590330;8.593980;8.590250;8.591870;0
20210326 102200;8.591870;8.594930;8.587920;8.589400;0
20210326 102300;8.589490;8.589800;8.587560;8.587640;0
20210326 102400;8.587500;8.593490;8.587490;8.591210;0
20210326 102500;8.591310;8.591560;8.587930;8.588770;0
20210326 102600;8.588970;8.590990;8.588970;8.590220;0
20210326 102700;8.590160;8.590950;8.588500;8.590300;0
20210326 102800;8.590300;8.591480;8.589710;8.590210;0
20210326 102900;8.590630;8.590850;8.587630;8.587750;0
20210326 103000;8.587760;8.592080;8.587200;8.591410;0
20210326 103100;8.591410;8.591410;8.588340;8.588830;0
20210326 103200;8.588830;8.590220;8.587940;8.587940;0
20210326 103300;8.587750;8.587750;8.586350;8.586510;0
20210326 103400;8.586510;8.586510;8.583890;8.584150;0
20210326 103500;8.584150;8.584390;8.582670;8.583210;0
20210326 103600;8.583290;8.586420;8.582860;8.584770;0
20210326 103700;8.584810;8.586370;8.583670;8.586120;0
20210326 103800;8.586070;8.587620;8.584580;8.584950;0
20210326 103900;8.584880;8.586130;8.584070;8.584280;0
20210326 104000;8.583920;8.583950;8.580910;8.583100;0
20210326 104100;8.583010;8.583410;8.581190;8.582150;0
20210326 104200;8.582150;8.582640;8.581290;8.581510;0
20210326 104300;8.581660;8.582320;8.581130;8.582090;0
20210326 104400;8.582390;8.582390;8.581140;8.581500;0
20210326 104500;8.581290;8.581290;8.576720;8.576940;0
20210326 104600;8.576840;8.578790;8.575360;8.575980;0
20210326 104700;8.575980;8.577360;8.575740;8.576330;0
20210326 104800;8.576330;8.577390;8.574480;8.575080;0
20210326 104900;8.574850;8.576030;8.573580;8.575110;0
20210326 105000;8.575110;8.577980;8.574300;8.575970;0
20210326 105100;8.575970;8.576950;8.573950;8.575880;0
20210326 105200;8.575880;8.583850;8.575140;8.580610;0
20210326 105300;8.580450;8.583780;8.579980;8.583720;0
20210326 105400;8.583720;8.583720;8.581030;8.581250;0
20210326 105500;8.581120;8.581350;8.578250;8.579110;0
20210326 105600;8.579110;8.579810;8.575670;8.577330;0
20210326 105700;8.577290;8.582700;8.576860;8.579530;0
20210326 105800;8.579580;8.581750;8.578870;8.580630;0
20210326 105900;8.580660;8.582840;8.578740;8.579010;0
20210326 110000;8.579140;8.579140;8.575030;8.575660;0
20210326 110100;8.576480;8.576560;8.572840;8.572840;0
20210326 110200;8.572910;8.577610;8.572800;8.576970;0
20210326 110300;8.576970;8.577760;8.574320;8.574930;0
20210326 110400;8.575070;8.578030;8.574500;8.576500;0
20210326 110500;8.576350;8.578520;8.575680;8.578380;0
20210326 110600;8.578500;8.581000;8.578500;8.580920;0
20210326 110700;8.580930;8.581460;8.578170;8.580580;0
20210326 110800;8.580580;8.583380;8.578430;8.578430;0
20210326 110900;8.578420;8.579410;8.575110;8.577450;0
20210326 111000;8.577440;8.577440;8.573940;8.574350;0
20210326 111100;8.574470;8.579020;8.574470;8.578930;0
20210326 111200;8.579000;8.579220;8.578010;8.578920;0
20210326 111300;8.579020;8.579020;8.576790;8.577190;0
20210326 111400;8.577190;8.578510;8.576830;8.577210;0
20210326 111500;8.577200;8.577200;8.573360;8.573370;0
20210326 111600;8.573320;8.574580;8.572300;8.572300;0
20210326 111700;8.572300;8.576760;8.572200;8.574680;0
20210326 111800;8.574740;8.575980;8.573360;8.574260;0
20210326 111900;8.574270;8.577810;8.572930;8.575910;0
20210326 112000;8.575880;8.577660;8.575720;8.577660;0
20210326 112100;8.577680;8.577970;8.575070;8.576810;0
20210326 112200;8.576810;8.580130;8.576810;8.580120;0
20210326 112300;8.580230;8.581030;8.579180;8.581020;0
20210326 112400;8.581150;8.583370;8.581150;8.581670;0
20210326 112500;8.581670;8.581810;8.579150;8.580710;0
20210326 112600;8.580550;8.582080;8.580430;8.581480;0
20210326 112700;8.581290;8.581290;8.579220;8.579980;0
20210326 112800;8.579850;8.579850;8.577790;8.577890;0
20210326 112900;8.577910;8.577910;8.574620;8.574880;0
20210326 113000;8.574890;8.580710;8.574550;8.580520;0
20210326 113100;8.580520;8.582430;8.579070;8.582250;0
20210326 113200;8.582290;8.583940;8.573330;8.575480;0
20210326 113300;8.575480;8.578370;8.575480;8.578370;0
20210326 113400;8.578370;8.578370;8.573680;8.574280;0
20210326 113500;8.574480;8.574480;8.572880;8.572880;0
20210326 113600;8.572930;8.573490;8.571420;8.571550;0
20210326 113700;8.571590;8.579040;8.569390;8.576060;0
20210326 113800;8.576060;8.579250;8.572330;8.574080;0
20210326 113900;8.574290;8.575740;8.572340;8.572530;0
20210326 114000;8.572660;8.578700;8.571600;8.573240;0
20210326 114100;8.573260;8.574400;8.572950;8.574050;0
20210326 114200;8.574050;8.574820;8.574050;8.574150;0
20210326 114300;8.574150;8.574230;8.572230;8.572580;0
20210326 114400;8.572640;8.572730;8.572210;8.572210;0
20210326 114500;8.572220;8.574890;8.571870;8.574890;0
20210326 114600;8.575020;8.577080;8.575020;8.576820;0
20210326 114700;8.576820;8.576820;8.575620;8.575930;0
20210326 114800;8.575860;8.576190;8.573280;8.574520;0
20210326 114900;8.574230;8.574230;8.569700;8.569700;0
20210326 115000;8.569720;8.570240;8.569000;8.569690;0
20210326 115100;8.569620;8.569620;8.568860;8.569430;0
20210326 115200;8.569570;8.570020;8.569510;8.569870;0
20210326 115300;8.569850;8.569850;8.569250;8.569430;0
20210326 115400;8.569420;8.571310;8.569280;8.570770;0
20210326 115500;8.570780;8.571080;8.570040;8.571070;0
20210326 115600;8.571070;8.572590;8.570930;8.572580;0
20210326 115700;8.572580;8.573940;8.572530;8.573760;0
20210326 115800;8.573760;8.575440;8.573080;8.575150;0
20210326 115900;8.575150;8.576550;8.574970;8.576080;0
20210326 120000;8.576100;8.577350;8.575960;8.577330;0
20210326 120100;8.577340;8.577550;8.576380;8.577050;0
20210326 120200;8.577120;8.578150;8.577120;8.578150;0
20210326 120300;8.578150;8.578550;8.577560;8.577560;0
20210326 120400;8.577560;8.577560;8.576980;8.577250;0
20210326 120500;8.577370;8.577370;8.574070;8.574070;0
20210326 120600;8.574100;8.575380;8.574040;8.575120;0
20210326 120700;8.575110;8.575400;8.574760;8.574900;0
20210326 120800;8.574820;8.575180;8.574110;8.575180;0
20210326 120900;8.575210;8.575250;8.574940;8.575090;0
20210326 121000;8.575210;8.575210;8.574150;8.574420;0
20210326 121100;8.574310;8.574400;8.573660;8.573820;0
20210326 121200;8.573820;8.574560;8.573820;8.574560;0
20210326 121300;8.574630;8.574850;8.574330;8.574620;0
20210326 121400;8.574490;8.574490;8.573580;8.573610;0
20210326 121500;8.573660;8.574040;8.573630;8.573670;0
20210326 121600;8.573520;8.573830;8.573090;8.573830;0
20210326 121700;8.573810;8.578160;8.573440;8.577550;0
20210326 121800;8.577530;8.577530;8.574040;8.574050;0
20210326 121900;8.573900;8.574420;8.573820;8.574280;0
20210326 122000;8.574130;8.575400;8.574060;8.575020;0
20210326 122100;8.575320;8.575440;8.575090;8.575380;0
20210326 122200;8.575300;8.576320;8.575010;8.576320;0
20210326 122300;8.576320;8.576460;8.576070;8.576460;0
20210326 122400;8.576460;8.577500;8.576460;8.577350;0
20210326 122500;8.577340;8.577530;8.576690;8.577520;0
20210326 122600;8.577520;8.578190;8.577400;8.578190;0
20210326 122700;8.578260;8.578590;8.576910;8.577820;0
20210326 122800;8.577810;8.578780;8.577530;8.578380;0
20210326 122900;8.578380;8.578800;8.578380;8.578750;0
20210326 123000;8.578750;8.579730;8.578710;8.579480;0
20210326 123100;8.579480;8.579570;8.579140;8.579150;0
20210326 123200;8.579070;8.579370;8.579070;8.579370;0
20210326 123300;8.579280;8.579390;8.579050;8.579250;0
20210326 123400;8.579250;8.580800;8.579120;8.580790;0
20210326 123500;8.580790;8.581200;8.579940;8.581200;0
20210326 123600;8.581200;8.581330;8.580370;8.580730;0
20210326 123700;8.580650;8.580930;8.580070;8.580550;0
20210326 123800;8.580540;8.580880;8.580330;8.580580;0
20210326 123900;8.580580;8.580780;8.579140;8.579510;0
20210326 124000;8.579510;8.580090;8.578760;8.580090;0
20210326 124100;8.580210;8.582720;8.578560;8.579130;0
20210326 124200;8.579340;8.580170;8.579130;8.580070;0
20210326 124300;8.580120;8.580360;8.579540;8.580280;0
20210326 124400;8.580280;8.581550;8.580000;8.581080;0
20210326 124500;8.581040;8.581190;8.580150;8.580550;0
20210326 124600;8.580410;8.584120;8.579860;8.583790;0
20210326 124700;8.583490;8.583630;8.582860;8.583620;0
20210326 124800;8.583690;8.585760;8.583670;8.585470;0
20210326 124900;8.585290;8.592510;8.584980;8.588200;0
20210326 125000;8.587850;8.588390;8.586300;8.586300;0
20210326 125100;8.586300;8.586880;8.586180;8.586880;0
20210326 125200;8.587010;8.587510;8.587010;8.587120;0
20210326 125300;8.587240;8.588430;8.587240;8.588370;0
20210326 125400;8.588230;8.588320;8.587790;8.588080;0
20210326 125500;8.588180;8.589510;8.587760;8.589490;0
20210326 125600;8.589580;8.590830;8.589350;8.589830;0
20210326 125700;8.589840;8.589840;8.588070;8.588100;0
20210326 125800;8.587930;8.588210;8.586560;8.586770;0
20210326 125900;8.586890;8.586890;8.586590;8.586590;0
20210326 130000;8.586510;8.586600;8.585450;8.586250;0
20210326 130100;8.586160;8.586160;8.584840;8.585480;0
20210326 130200;8.585410;8.586000;8.585140;8.585150;0
20210326 130300;8.584980;8.585010;8.583810;8.584550;0
20210326 130400;8.584420;8.585410;8.584120;8.584770;0
20210326 130500;8.584600;8.585070;8.583960;8.584470;0
20210326 130600;8.584550;8.589200;8.584260;8.589200;0
20210326 130700;8.589200;8.589200;8.588150;8.588620;0
20210326 130800;8.589100;8.589920;8.589010;8.589650;0
20210326 130900;8.589790;8.594590;8.589500;8.593350;0
20210326 131000;8.593350;8.594280;8.593250;8.593280;0
20210326 131100;8.593200;8.593970;8.592810;8.592810;0
20210326 131200;8.592670;8.598300;8.592670;8.595890;0
20210326 131300;8.595730;8.596030;8.593150;8.593880;0
20210326 131400;8.593830;8.594680;8.593620;8.594450;0
20210326 131500;8.594530;8.597180;8.594450;8.597020;0
20210326 131600;8.597050;8.598260;8.596900;8.597940;0
20210326 131700;8.597940;8.598270;8.595800;8.595810;0
20210326 131800;8.595860;8.596090;8.595330;8.595330;0
20210326 131900;8.595330;8.595620;8.593100;8.594350;0
20210326 132000;8.594660;8.594750;8.593910;8.593910;0
20210326 132100;8.593910;8.593920;8.592760;8.593340;0
20210326 132200;8.593340;8.593700;8.592570;8.592580;0
20210326 132300;8.592570;8.592570;8.592080;8.592460;0
20210326 132400;8.592440;8.593030;8.592440;8.592830;0
20210326 132500;8.592690;8.592760;8.592060;8.592060;0
20210326 132600;8.591810;8.591810;8.589100;8.589260;0
20210326 132700;8.589410;8.590230;8.589380;8.590140;0
20210326 132800;8.590230;8.591350;8.589960;8.590250;0
20210326 132900;8.590080;8.590430;8.589440;8.589440;0
20210326 133000;8.589580;8.590490;8.589500;8.589800;0
20210326 133100;8.589700;8.594700;8.589450;8.593710;0
20210326 133200;8.593620;8.593620;8.588850;8.589050;0
20210326 133300;8.589030;8.590240;8.588820;8.590110;0
20210326 133400;8.590070;8.590070;8.589470;8.589530;0
20210326 133500;8.589830;8.589890;8.588600;8.588870;0
20210326 133600;8.588840;8.590290;8.588560;8.589760;0
20210326 133700;8.589600;8.589600;8.588760;8.589310;0
20210326 133800;8.589210;8.589210;8.587790;8.588350;0
20210326 133900;8.588260;8.590200;8.588260;8.590200;0
20210326 134000;8.590060;8.590060;8.588130;8.588940;0
20210326 134100;8.589040;8.589880;8.589010;8.589840;0
20210326 134200;8.589700;8.590200;8.589420;8.589600;0
20210326 134300;8.589390;8.590700;8.588920;8.590480;0
20210326 134400;8.590480;8.590700;8.589700;8.589800;0
20210326 134500;8.589960;8.590320;8.589950;8.590230;0
20210326 134600;8.590250;8.591470;8.590230;8.590810;0
20210326 134700;8.590900;8.590900;8.590140;8.590140;0
20210326 134800;8.590150;8.596500;8.590120;8.594210;0
20210326 134900;8.594420;8.594760;8.593100;8.593730;0
20210326 135000;8.593550;8.594230;8.592980;8.592980;0
20210326 135100;8.592850;8.592850;8.590090;8.590340;0
20210326 135200;8.590200;8.590510;8.585500;8.587490;0
20210326 135300;8.587330;8.587450;8.585820;8.586540;0
20210326 135400;8.586710;8.587130;8.585600;8.585600;0
20210326 135500;8.585650;8.586480;8.585480;8.586000;0
20210326 135600;8.586210;8.586970;8.586210;8.586920;0
20210326 135700;8.586770;8.586770;8.585640;8.585730;0
20210326 135800;8.585860;8.586040;8.585490;8.585780;0
20210326 135900;8.585860;8.586950;8.584600;8.586220;0
20210326 140000;8.586030;8.586340;8.585000;8.585070;0
20210326 140100;8.585080;8.585410;8.584640;8.585350;0
20210326 140200;8.585430;8.585540;8.584770;8.585020;0
20210326 140300;8.584990;8.585320;8.584580;8.584730;0
20210326 140400;8.584790;8.585860;8.584790;8.585560;0
20210326 140500;8.585560;8.585960;8.584780;8.584830;0
20210326 140600;8.584780;8.584820;8.584240;8.584410;0
20210326 140700;8.584340;8.584720;8.584310;8.584440;0
20210326 140800;8.584490;8.584760;8.584230;8.584430;0
20210326 140900;8.584430;8.584950;8.584350;8.584860;0
20210326 141000;8.584780;8.585070;8.584100;8.584100;0
20210326 141100;8.584130;8.584320;8.583410;8.583770;0
20210326 141200;8.583760;8.583760;8.581450;8.581540;0
20210326 141300;8.581750;8.581810;8.581040;8.581610;0
20210326 141400;8.581600;8.581850;8.581500;8.581620;0
20210326 141500;8.581690;8.582190;8.581360;8.581390;0
20210326 141600;8.581390;8.581990;8.581360;8.581490;0
20210326 141700;8.581390;8.581850;8.580700;8.580910;0
20210326 141800;8.580940;8.581150;8.580490;8.580490;0
20210326 141900;8.580730;8.580760;8.578270;8.578500;0
20210326 142000;8.578650;8.578850;8.577470;8.578430;0
20210326 142100;8.578360;8.578450;8.577920;8.578450;0
20210326 142200;8.578590;8.579510;8.578590;8.579330;0
20210326 142300;8.579410;8.580020;8.579410;8.579740;0
20210326 142400;8.579680;8.580440;8.579630;8.579980;0
20210326 142500;8.580190;8.580250;8.579330;8.579330;0
20210326 142600;8.579400;8.579530;8.578610;8.578940;0
20210326 142700;8.578970;8.579100;8.578630;8.578980;0
20210326 142800;8.578960;8.578960;8.578270;8.578480;0
20210326 142900;8.578180;8.578550;8.578180;8.578220;0
20210326 143000;8.578150;8.578490;8.577710;8.578470;0
20210326 143100;8.578340;8.578550;8.578200;8.578440;0
20210326 143200;8.578400;8.578590;8.577980;8.578040;0
20210326 143300;8.578070;8.578140;8.577400;8.577400;0
20210326 143400;8.577540;8.577760;8.575660;8.576850;0
20210326 143500;8.577130;8.577300;8.576650;8.576750;0
20210326 143600;8.576970;8.577260;8.576960;8.577260;0
20210326 143700;8.577110;8.577560;8.577110;8.577560;0
20210326 143800;8.577780;8.578260;8.577750;8.577750;0
20210326 143900;8.578030;8.578770;8.577120;8.577120;0
20210326 144000;8.576960;8.576960;8.576310;8.576420;0
20210326 144100;8.576500;8.577000;8.576500;8.576860;0
20210326 144200;8.576780;8.576920;8.576770;8.576780;0
20210326 144300;8.576940;8.578030;8.576780;8.578030;0
20210326 144400;8.577890;8.578300;8.577680;8.578300;0
20210326 144500;8.578130;8.578360;8.577270;8.577550;0
20210326 144600;8.577730;8.578880;8.576840;8.577500;0
20210326 144700;8.577620;8.578580;8.577620;8.578420;0
20210326 144800;8.578210;8.578290;8.577710;8.577930;0
20210326 144900;8.578020;8.580570;8.576420;8.578750;0
20210326 145000;8.577950;8.578850;8.575300;8.575380;0
20210326 145100;8.575430;8.576170;8.574830;8.575460;0
20210326 145200;8.575390;8.575560;8.574590;8.574800;0
20210326 145300;8.574770;8.575200;8.574670;8.574780;0
20210326 145400;8.575000;8.575760;8.570820;8.572350;0
20210326 145500;8.572350;8.572350;8.568100;8.569150;0
20210326 145600;8.569070;8.569460;8.568400;8.568640;0
20210326 145700;8.568710;8.568800;8.566850;8.567480;0
20210326 145800;8.567420;8.570700;8.567190;8.568440;0
20210326 145900;8.568450;8.568660;8.566320;8.566320;0
20210326 150000;8.566460;8.568530;8.565620;8.568330;0
20210326 150100;8.567860;8.569660;8.567820;8.569440;0
20210326 150200;8.569520;8.571730;8.568550;8.569550;0
20210326 150300;8.569720;8.569730;8.568330;8.568590;0
20210326 150400;8.568540;8.570040;8.568530;8.569890;0
20210326 150500;8.569560;8.569810;8.568210;8.568810;0
20210326 150600;8.568890;8.569280;8.568320;8.568570;0
20210326 150700;8.568650;8.569100;8.568170;8.568750;0
20210326 150800;8.568830;8.569180;8.567990;8.568390;0
20210326 150900;8.568220;8.568910;8.568170;8.568830;0
20210326 151000;8.568760;8.569280;8.568130;8.568700;0
20210326 151100;8.568620;8.569280;8.568400;8.568580;0
20210326 151200;8.568320;8.569330;8.568320;8.568830;0
20210326 151300;8.568730;8.569170;8.568440;8.568470;0
20210326 151400;8.568640;8.569450;8.568640;8.569400;0
20210326 151500;8.569400;8.569920;8.569330;8.569920;0
20210326 151600;8.569750;8.570690;8.569470;8.570600;0
20210326 151700;8.570520;8.570890;8.569820;8.570490;0
20210326 151800;8.570420;8.570420;8.570170;8.570390;0
20210326 151900;8.570250;8.570250;8.570250;8.570250;0
20210326 152000;8.570180;8.570540;8.570180;8.570540;0
20210326 152100;8.570320;8.570320;8.568530;8.568680;0
20210326 152200;8.568800;8.568800;8.568400;8.568520;0
20210326 152300;8.568590;8.569750;8.568380;8.568950;0
20210326 152400;8.568880;8.570410;8.568880;8.570310;0
20210326 152500;8.570400;8.574450;8.570260;8.571590;0
20210326 152600;8.571630;8.574510;8.570990;8.572020;0
20210326 152700;8.572080;8.572090;8.571260;8.571680;0
20210326 152800;8.571560;8.573060;8.569910;8.570650;0
20210326 152900;8.570740;8.572720;8.570110;8.571610;0
20210326 153000;8.571530;8.571810;8.569970;8.571310;0
20210326 153100;8.571470;8.573650;8.570920;8.572240;0
20210326 153200;8.571750;8.573080;8.570220;8.571930;0
20210326 153300;8.572010;8.573000;8.570990;8.570990;0
20210326 153400;8.571030;8.572200;8.570610;8.571930;0
20210326 153500;8.571390;8.572560;8.571010;8.571980;0
20210326 153600;8.572150;8.573620;8.571200;8.572690;0
20210326 153700;8.572600;8.572940;8.571950;8.572770;0
20210326 153800;8.572940;8.573780;8.572030;8.573680;0
20210326 153900;8.573770;8.573990;8.572660;8.572660;0
20210326 154000;8.572660;8.573680;8.572430;8.573600;0
20210326 154100;8.573440;8.574000;8.572550;8.573230;0
20210326 154200;8.572680;8.573170;8.571990;8.572360;0
20210326 154300;8.572360;8.573390;8.572270;8.573220;0
20210326 154400;8.573150;8.573970;8.573150;8.573740;0
20210326 154500;8.573660;8.574330;8.572360;8.574090;0
20210326 154600;8.573400;8.574260;8.572430;8.573580;0
20210326 154700;8.572970;8.573590;8.570150;8.571760;0
20210326 154800;8.571770;8.572160;8.568880;8.570410;0
20210326 154900;8.569810;8.572360;8.568680;8.571540;0
20210326 155000;8.570600;8.571720;8.569250;8.569660;0
20210326 155100;8.569660;8.570420;8.569520;8.569630;0
20210326 155200;8.569620;8.571140;8.568650;8.570230;0
20210326 155300;8.570310;8.570870;8.569510;8.570400;0
20210326 155400;8.570550;8.570550;8.567920;8.567920;0
20210326 155500;8.567520;8.567520;8.563080;8.563990;0
20210326 155600;8.563980;8.564260;8.563980;8.564080;0
20210326 155700;8.564260;8.567020;8.563620;8.567020;0
20210326 155800;8.563920;8.564040;8.560740;8.562470;0
20210326 155900;8.561730;8.565620;8.561730;8.564890;0
20210328 171000;8.567030;8.567030;8.567030;8.567030;0
20210328 172600;8.567420;8.567420;8.567420;8.567420;0
20210328 173700;8.567020;8.567420;8.567020;8.567420;0
20210328 173800;8.567420;8.567420;8.567220;8.567220;0
20210328 173900;8.567220;8.567220;8.567220;8.567220;0
20210328 174100;8.567220;8.567220;8.567220;8.567220;0
20210328 174200;8.567220;8.567220;8.567220;8.567220;0
20210328 174300;8.567220;8.567220;8.567220;8.567220;0
20210328 174400;8.567230;8.567230;8.567230;8.567230;0
20210328 174500;8.567220;8.567220;8.567220;8.567220;0
20210328 174700;8.567420;8.567430;8.567220;8.567220;0
20210328 174800;8.567020;8.567020;8.567020;8.567020;0
20210328 174900;8.567020;8.567020;8.567020;8.567020;0
20210328 175300;8.567030;8.567030;8.567030;8.567030;0
20210328 181000;8.567020;8.567330;8.567020;8.567220;0
20210328 181100;8.567320;8.567320;8.566820;8.566920;0
20210328 181200;8.566830;8.570130;8.566420;8.570130;0
20210328 181300;8.570280;8.570310;8.569580;8.569730;0
20210328 181400;8.569810;8.570490;8.569810;8.569890;0
20210328 181500;8.569720;8.571110;8.569530;8.570740;0
20210328 181600;8.570730;8.571150;8.570690;8.571090;0
20210328 181700;8.571060;8.571230;8.570880;8.570880;0
20210328 181800;8.570920;8.571660;8.570920;8.571650;0
20210328 181900;8.571660;8.571660;8.571430;8.571460;0
20210328 182000;8.571440;8.571670;8.571350;8.571620;0
20210328 182100;8.571490;8.571610;8.571480;8.571610;0
20210328 182200;8.571620;8.573390;8.571620;8.572510;0
20210328 182300;8.572600;8.572680;8.572490;8.572490;0
20210328 182400;8.572390;8.572390;8.571560;8.571560;0
20210328 182500;8.571560;8.571570;8.571220;8.571240;0
20210328 182600;8.571040;8.571270;8.570860;8.571260;0
20210328 182700;8.571250;8.571620;8.571250;8.571620;0
20210328 182800;8.571590;8.571590;8.570650;8.571040;0
20210328 182900;8.571060;8.580970;8.571010;8.580970;0
20210328 183000;8.581060;8.589980;8.580970;8.588940;0
20210328 183100;8.588960;8.588960;8.569460;8.570060;0
20210328 183200;8.569220;8.573350;8.567180;8.567420;0
20210328 183300;8.567220;8.571770;8.566930;8.571760;0
20210328 183400;8.569920;8.585140;8.568720;8.580530;0
20210328 183500;8.581180;8.586370;8.581180;8.584870;0
20210328 183600;8.584820;8.584920;8.570420;8.570420;0
20210328 183700;8.570560;8.570560;8.567520;8.568520;0
20210328 183800;8.568450;8.575420;8.566530;8.575420;0
20210328 183900;8.575410;8.586930;8.575410;8.583820;0
20210328 184000;8.583820;8.583820;8.567320;8.568620;0
20210328 184100;8.568420;8.571170;8.567750;8.569920;0
20210328 184200;8.568620;8.587870;8.568620;8.587870;0
20210328 184300;8.587650;8.587880;8.568650;8.569350;0
20210328 184400;8.568950;8.572170;8.567900;8.569920;0
20210328 184500;8.570120;8.572310;8.569850;8.571330;0
20210328 184600;8.571330;8.587370;8.569930;8.587370;0
20210328 184700;8.588370;8.589470;8.582620;8.582630;0
20210328 184800;8.582870;8.583870;8.568450;8.569320;0
20210328 184900;8.569430;8.577110;8.567320;8.568820;0
20210328 185000;8.568750;8.590810;8.568260;8.588370;0
20210328 185100;8.587400;8.588000;8.569720;8.570120;0
20210328 185200;8.570120;8.572170;8.569520;8.570160;0
20210328 185300;8.569420;8.570170;8.569420;8.570160;0
20210328 185400;8.570530;8.570530;8.569520;8.569520;0
20210328 185500;8.568720;8.568830;8.568720;8.568820;0
20210328 185600;8.568730;8.571370;8.568520;8.571370;0
20210328 185700;8.571370;8.571370;8.568020;8.568320;0
20210328 185800;8.568420;8.571370;8.567920;8.569520;0
20210328 185900;8.569760;8.584930;8.569760;8.584920;0
20210328 200000;8.579920;8.581720;8.578620;8.580230;0
20210328 200100;8.580220;8.586480;8.577920;8.579820;0
20210328 200200;8.579920;8.582520;8.579420;8.582320;0
20210328 200300;8.582320;8.584920;8.582220;8.584760;0
20210328 200400;8.585050;8.586880;8.580120;8.583520;0
20210328 200500;8.583620;8.584020;8.579720;8.579720;0
20210328 200600;8.579630;8.584020;8.579520;8.582020;0
20210328 200700;8.581920;8.583420;8.579520;8.582220;0
20210328 200800;8.582120;8.583460;8.579720;8.583320;0
20210328 200900;8.583220;8.583220;8.580120;8.580520;0
20210328 201000;8.580720;8.584120;8.579820;8.583620;0
20210328 201100;8.583430;8.585130;8.580030;8.581120;0
20210328 201200;8.581020;8.582120;8.580220;8.580620;0
20210328 201300;8.580520;8.580920;8.580120;8.580420;0
20210328 201400;8.580520;8.584330;8.579930;8.584320;0
20210328 201500;8.584420;8.585020;8.580020;8.580420;0
20210328 201600;8.580320;8.584930;8.580320;8.581820;0
20210328 201700;8.581030;8.583830;8.581020;8.582320;0
20210328 201800;8.582120;8.584020;8.580120;8.580520;0
20210328 201900;8.580420;8.586450;8.580120;8.586440;0
20210328 202000;8.586440;8.586440;8.579420;8.580120;0
20210328 202100;8.580220;8.580430;8.578620;8.578820;0
20210328 202200;8.578720;8.579420;8.577820;8.578320;0
20210328 202300;8.578420;8.579030;8.577420;8.578820;0
20210328 202400;8.578520;8.583120;8.577830;8.579430;0
20210328 202500;8.578930;8.580620;8.578320;8.578720;0
20210328 202600;8.578930;8.579920;8.577620;8.579020;0
20210328 202700;8.579130;8.587010;8.578320;8.585030;0
20210328 202800;8.585120;8.588240;8.584720;8.586520;0
20210328 202900;8.586420;8.589580;8.585620;8.588120;0
20210328 203000;8.588220;8.590870;8.586250;8.590120;0
20210328 203100;8.590020;8.591820;8.587220;8.589220;0
20210328 203200;8.589320;8.589630;8.587520;8.589240;0
20210328 203300;8.589240;8.590830;8.586030;8.588230;0
20210328 203400;8.588120;8.589020;8.586020;8.588620;0
20210328 203500;8.588120;8.588720;8.586200;8.586420;0
20210328 203600;8.586520;8.590200;8.586120;8.590200;0
20210328 203700;8.590230;8.591660;8.589220;8.590920;0
20210328 203800;8.590820;8.592340;8.588030;8.589220;0
20210328 203900;8.589220;8.591540;8.589100;8.591480;0
20210328 204000;8.591500;8.591880;8.589530;8.589920;0
20210328 204100;8.590020;8.592590;8.588530;8.589120;0
20210328 204200;8.589220;8.590220;8.589000;8.589620;0
20210328 204300;8.590420;8.590920;8.589700;8.590620;0
20210328 204400;8.590720;8.591020;8.590020;8.590430;0
20210328 204500;8.590520;8.593430;8.590420;8.593430;0
20210328 204600;8.593860;8.594050;8.590220;8.590220;0
20210328 204700;8.590420;8.594020;8.590420;8.590520;0
20210328 204800;8.590620;8.592030;8.589620;8.590020;0
20210328 204900;8.590120;8.592900;8.590120;8.591770;0
20210328 205000;8.591770;8.593560;8.590020;8.592450;0
20210328 205100;8.591900;8.594020;8.591810;8.593420;0
20210328 205200;8.593320;8.594750;8.591820;8.593620;0
20210328 205300;8.593530;8.595550;8.593280;8.594720;0
20210328 205400;8.595120;8.595560;8.591220;8.592700;0
20210328 205500;8.592720;8.592720;8.589620;8.590020;0
20210328 205600;8.590130;8.593680;8.589320;8.592220;0
20210328 205700;8.592120;8.593980;8.590720;8.591920;0
20210328 205800;8.592020;8.593720;8.591920;8.593590;0
20210328 205900;8.593960;8.595550;8.592220;8.593730;0
20210328 210000;8.593720;8.594160;8.592000;8.593350;0
20210328 210100;8.592920;8.600860;8.592830;8.594030;0
20210328 210200;8.594030;8.600960;8.592120;8.596620;0
20210328 210300;8.596520;8.598820;8.594020;8.597610;0
20210328 210400;8.597610;8.599930;8.597610;8.598900;0
20210328 210500;8.598900;8.598900;8.596820;8.597940;0
20210328 210600;8.597740;8.598220;8.596870;8.597220;0
20210328 210700;8.597190;8.599350;8.596740;8.599210;0
20210328 210800;8.599200;8.600220;8.598100;8.600200;0
20210328 210900;8.600210;8.600360;8.598540;8.598860;0
20210328 211000;8.598900;8.599870;8.598400;8.599250;0
20210328 211100;8.599260;8.601210;8.598030;8.598880;0
20210328 211200;8.598920;8.599270;8.597930;8.598890;0
20210328 211300;8.598960;8.599720;8.598680;8.599320;0
20210328 211400;8.599240;8.600580;8.592720;8.595220;0
20210328 211500;8.595120;8.598960;8.594220;8.598820;0
20210328 211600;8.598750;8.600950;8.598370;8.599720;0
20210328 211700;8.599750;8.600230;8.598370;8.599020;0
20210328 211800;8.599220;8.600350;8.598220;8.598420;0
20210328 211900;8.598620;8.601130;8.598420;8.600620;0
20210328 212000;8.600420;8.601330;8.599920;8.600940;0
20210328 212100;8.600860;8.601680;8.599420;8.599790;0
20210328 212200;8.599790;8.601930;8.599700;8.600450;0
20210328 212300;8.600410;8.603350;8.600410;8.601000;0
20210328 212400;8.601000;8.602760;8.600320;8.601720;0
20210328 212500;8.601890;8.602130;8.600540;8.600660;0
20210328 212600;8.600570;8.601250;8.599110;8.599110;0
20210328 212700;8.599000;8.599720;8.598270;8.598490;0
20210328 212800;8.598490;8.598850;8.597340;8.597930;0
20210328 212900;8.597930;8.598990;8.597930;8.598970;0
20210328 213000;8.598390;8.598820;8.596470;8.597850;0
20210328 213100;8.597850;8.598510;8.596550;8.598290;0
20210328 213200;8.598290;8.598480;8.597050;8.597220;0
20210328 213300;8.597160;8.597930;8.592420;8.592800;0
20210328 213400;8.592800;8.596590;8.590860;8.590880;0
20210328 213500;8.590870;8.591020;8.587530;8.588720;0
20210328 213600;8.588620;8.593430;8.587410;8.589890;0
20210328 213700;8.589720;8.591580;8.589400;8.591560;0
20210328 213800;8.591630;8.595010;8.588850;8.592930;0
20210328 213900;8.593090;8.594500;8.592240;8.594260;0
20210328 214000;8.594270;8.596270;8.591590;8.592600;0
20210328 214100;8.592620;8.594510;8.591940;8.594070;0
20210328 214200;8.594070;8.595440;8.591220;8.594710;0
20210328 214300;8.594720;8.595450;8.589940;8.591120;0
20210328 214400;8.591110;8.593320;8.589740;8.591560;0
20210328 214500;8.591560;8.592300;8.587970;8.591850;0
20210328 214600;8.592290;8.592720;8.588870;8.590810;0
20210328 214700;8.590810;8.592900;8.590000;8.590190;0
20210328 214800;8.590180;8.591750;8.588050;8.590470;0
20210328 214900;8.590000;8.591730;8.586740;8.586990;0
20210328 215000;8.587000;8.589610;8.583320;8.585880;0
20210328 215100;8.586100;8.587190;8.585120;8.586120;0
20210328 215200;8.586020;8.589400;8.586020;8.588260;0
20210328 215300;8.588270;8.589980;8.587920;8.588720;0
20210328 215400;8.588520;8.591910;8.588520;8.591900;0
20210328 215500;8.591480;8.593770;8.589020;8.589330;0
20210328 215600;8.589420;8.590520;8.589220;8.590320;0
20210328 215700;8.590220;8.592540;8.589120;8.591780;0
20210328 215800;8.592300;8.593250;8.589320;8.589960;0
20210328 215900;8.589970;8.590070;8.588070;8.588320;0
20210328 220000;8.588310;8.591610;8.587300;8.589530;0
20210328 220100;8.589470;8.592190;8.589470;8.590470;0
20210328 220200;8.590470;8.592310;8.588520;8.588820;0
20210328 220300;8.588830;8.591660;8.588830;8.591180;0
20210328 220400;8.591440;8.593270;8.586520;8.587420;0
20210328 220500;8.586890;8.589200;8.586890;8.588320;0
20210328 220600;8.588620;8.590760;8.586980;8.589650;0
20210328 220700;8.589300;8.590520;8.585520;8.586540;0
20210328 220800;8.586530;8.590290;8.583930;8.584730;0
20210328 220900;8.585150;8.586710;8.581720;8.583730;0
20210328 221000;8.583740;8.585250;8.581620;8.582160;0
20210328 221100;8.582580;8.583130;8.581620;8.581920;0
20210328 221200;8.581830;8.583220;8.580930;8.583220;0
20210328 221300;8.583410;8.586940;8.581320;8.582120;0
20210328 221400;8.582220;8.584290;8.582220;8.584270;0
20210328 221500;8.584360;8.584870;8.581920;8.582330;0
20210328 221600;8.582420;8.585200;8.582220;8.585180;0
20210328 221700;8.585480;8.585570;8.583680;8.583680;0
20210328 221800;8.584010;8.586070;8.583920;8.584130;0
20210328 221900;8.584450;8.585870;8.584140;8.585290;0
20210328 222000;8.585280;8.586540;8.584620;8.584910;0
20210328 222100;8.585320;8.585880;8.583520;8.583520;0
20210328 222200;8.583520;8.583620;8.583520;8.583520;0
20210328 222300;8.584100;8.586520;8.583580;8.586520;0
20210328 222400;8.585930;8.587040;8.585590;8.586410;0
20210328 222500;8.586410;8.587390;8.585400;8.586710;0
20210328 222600;8.586710;8.586860;8.585170;8.586330;0
20210328 222700;8.586340;8.588060;8.585200;8.585600;0
20210328 222800;8.586060;8.587090;8.585600;8.586270;0
20210328 222900;8.586280;8.587130;8.584840;8.585710;0
20210328 223000;8.585420;8.586460;8.583170;8.584770;0
20210328 223100;8.584710;8.586300;8.583960;8.584910;0
20210328 223200;8.585020;8.585610;8.583210;8.583390;0
20210328 223300;8.583390;8.584730;8.583280;8.584720;0
20210328 223400;8.584720;8.585810;8.582990;8.585740;0
20210328 223500;8.585840;8.586470;8.584700;8.584830;0
20210328 223600;8.585240;8.588000;8.585030;8.585830;0
20210328 223700;8.585840;8.587200;8.585780;8.587060;0
20210328 223800;8.586870;8.588870;8.586640;8.586890;0
20210328 223900;8.587320;8.588160;8.585430;8.585430;0
20210328 224000;8.585440;8.587540;8.585350;8.585390;0
20210328 224100;8.585390;8.587620;8.584160;8.584900;0
20210328 224200;8.584910;8.586270;8.584080;8.585170;0
20210328 224300;8.585170;8.587990;8.584280;8.586950;0
20210328 224400;8.587170;8.587280;8.584240;8.585190;0
20210328 224500;8.585280;8.586220;8.583500;8.583730;0
20210328 224600;8.583860;8.588400;8.583860;8.588400;0
20210328 224700;8.588400;8.588980;8.588400;8.588980;0
20210328 224800;8.589050;8.589950;8.589050;8.589940;0
20210328 224900;8.589940;8.590090;8.589380;8.589540;0
20210328 225000;8.589690;8.589800;8.588680;8.589560;0
20210328 225100;8.589740;8.589740;8.589260;8.589740;0
20210328 225200;8.589730;8.590260;8.589280;8.589280;0
20210328 225300;8.589280;8.589670;8.588900;8.589670;0
20210328 225400;8.589810;8.590120;8.589520;8.589960;0
20210328 225500;8.590160;8.590940;8.589480;8.589480;0
20210328 225600;8.589410;8.589410;8.588290;8.588350;0
20210328 225700;8.588210;8.588210;8.587990;8.588070;0
20210328 225800;8.587990;8.587990;8.586210;8.586310;0
20210328 225900;8.586150;8.586200;8.585190;8.585710;0
20210328 230000;8.585820;8.587240;8.585820;8.587170;0
20210328 230100;8.587320;8.588230;8.587320;8.588230;0
20210328 230200;8.588370;8.588790;8.588270;8.588790;0
20210328 230300;8.588930;8.588930;8.588360;8.588750;0
20210328 230400;8.588610;8.589100;8.588610;8.588950;0
20210328 230500;8.588820;8.589960;8.588820;8.589960;0
20210328 230600;8.589750;8.589750;8.589750;8.589750;0
20210328 230700;8.589830;8.590260;8.589830;8.590260;0
20210328 230800;8.590330;8.590480;8.589960;8.590040;0
20210328 230900;8.589960;8.589960;8.589750;8.589750;0
20210328 231000;8.589890;8.590050;8.589890;8.590050;0
20210328 231100;8.589940;8.590460;8.589720;8.590400;0
20210328 231200;8.590540;8.591570;8.590170;8.591420;0
20210328 231300;8.592450;8.595350;8.592450;8.595270;0
20210328 231400;8.595370;8.598420;8.595370;8.596390;0
20210328 231500;8.596230;8.596230;8.592810;8.592970;0
20210328 231600;8.593150;8.593650;8.592490;8.592930;0
20210328 231700;8.592860;8.593150;8.592420;8.593150;0
20210328 231800;8.593220;8.595670;8.593220;8.595300;0
20210328 231900;8.595320;8.596640;8.594350;8.594630;0
20210328 232000;8.594820;8.595020;8.594390;8.594890;0
20210328 232100;8.595030;8.595030;8.594880;8.594950;0
20210328 232200;8.595030;8.595220;8.594570;8.594780;0
20210328 232300;8.594710;8.595400;8.594640;8.595400;0
20210328 232400;8.595590;8.595960;8.595590;8.595960;0
20210328 232500;8.595820;8.595900;8.595820;8.595890;0
20210328 232600;8.595670;8.598240;8.595420;8.595600;0
20210328 232700;8.595620;8.596230;8.595590;8.595880;0
20210328 232800;8.595950;8.596380;8.595660;8.596020;0
20210328 232900;8.595960;8.595960;8.594770;8.594800;0
20210328 233000;8.594920;8.595420;8.594850;8.595420;0
20210328 233100;8.595420;8.596010;8.595420;8.596010;0
20210328 233200;8.596020;8.597170;8.596020;8.597170;0
20210328 233300;8.597240;8.597390;8.597240;8.597330;0
20210328 233400;8.597390;8.597880;8.597390;8.597880;0
20210328 233500;8.597800;8.598100;8.597670;8.598100;0
20210328 233600;8.598140;8.598240;8.597970;8.597970;0
20210328 233700;8.597900;8.597900;8.596990;8.597180;0
20210328 233800;8.597160;8.597210;8.596880;8.597210;0
20210328 233900;8.597140;8.597140;8.596620;8.596620;0
20210328 234100;8.596620;8.596620;8.596620;8.596620;0
20210328 234200;8.596560;8.596620;8.596270;8.596270;0
20210328 234300;8.596340;8.596790;8.596340;8.596790;0
20210328 234400;8.596850;8.596990;8.596850;8.596960;0
20210328 234500;8.596810;8.596810;8.596480;8.596480;0
20210328 234600;8.596480;8.596820;8.596450;8.596530;0
20210328 234700;8.596460;8.596750;8.596460;8.596680;0
20210328 234800;8.596750;8.596750;8.596600;8.596600;0
20210328 234900;8.596460;8.596460;8.596310;8.596310;0
20210328 235000;8.596460;8.596600;8.596310;8.596600;0
20210328 235100;8.596690;8.596820;8.596600;8.596610;0
20210328 235200;8.596530;8.596540;8.595660;8.595660;0
20210328 235300;8.595810;8.595930;8.594980;8.595910;0
20210328 235400;8.595800;8.595800;8.594840;8.595510;0
20210328 235500;8.595420;8.595570;8.595100;8.595170;0
20210328 235600;8.595320;8.595320;8.595180;8.595180;0
20210328 235700;8.595100;8.595320;8.595020;8.595320;0
20210328 235800;8.595470;8.595680;8.595320;8.595680;0
20210329 000000;8.595610;8.595610;8.594460;8.594800;0
20210329 000100;8.594880;8.594880;8.594710;8.594710;0
20210329 000200;8.594640;8.594640;8.594520;8.594570;0
20210329 000300;8.594570;8.594780;8.594570;8.594570;0
20210329 000400;8.594640;8.594860;8.594640;8.594860;0
20210329 000600;8.595010;8.595220;8.595010;8.595220;0
20210329 000700;8.595220;8.595910;8.595220;8.595910;0
20210329 000800;8.595920;8.596570;8.595920;8.596280;0
20210329 000900;8.596210;8.596290;8.595920;8.596290;0
20210329 001000;8.596420;8.596640;8.596360;8.596360;0
20210329 001100;8.596280;8.596420;8.596280;8.596420;0
20210329 001200;8.596510;8.596510;8.594520;8.596500;0
20210329 001300;8.596500;8.597590;8.596420;8.597590;0
20210329 001400;8.597560;8.597710;8.597550;8.597620;0
20210329 001500;8.597620;8.597700;8.597620;8.597700;0
20210329 001600;8.597840;8.597840;8.597780;8.597780;0
20210329 001700;8.597620;8.597770;8.597620;8.597770;0
20210329 001800;8.597770;8.598000;8.597600;8.597690;0
20210329 001900;8.597600;8.597600;8.597310;8.597460;0
20210329 002000;8.597250;8.597380;8.597090;8.597170;0
20210329 002100;8.597160;8.597160;8.597150;8.597150;0
20210329 002200;8.597020;8.598240;8.597020;8.598170;0
20210329 002300;8.598110;8.598110;8.597080;8.597300;0
20210329 002400;8.597530;8.597660;8.597450;8.597660;0
20210329 002500;8.597600;8.597600;8.597590;8.597590;0
20210329 002600;8.597810;8.597810;8.597730;8.597730;0
20210329 002700;8.597810;8.597810;8.597080;8.597080;0
20210329 002800;8.597230;8.597730;8.597160;8.597730;0
20210329 002900;8.597590;8.597730;8.597440;8.597520;0
20210329 003000;8.597660;8.599780;8.597660;8.599600;0
20210329 003100;8.599600;8.600280;8.599600;8.600280;0
20210329 003200;8.600280;8.600280;8.599670;8.600040;0
20210329 003300;8.600050;8.600260;8.600050;8.600120;0
20210329 003400;8.600110;8.600410;8.597450;8.600170;0
20210329 003500;8.600160;8.600480;8.600160;8.600480;0
20210329 003600;8.600480;8.600700;8.600480;8.600690;0
20210329 003700;8.600530;8.600530;8.599880;8.600110;0
20210329 003800;8.600100;8.600470;8.600100;8.600390;0
20210329 003900;8.600390;8.600390;8.599990;8.599990;0
20210329 004000;8.600140;8.600870;8.600140;8.600870;0
20210329 004100;8.600810;8.600810;8.600580;8.600580;0
20210329 004200;8.600580;8.600580;8.599340;8.599480;0
20210329 004300;8.599640;8.600060;8.599480;8.600050;0
20210329 004400;8.600050;8.600210;8.599250;8.599320;0
20210329 004500;8.599400;8.599630;8.599400;8.599490;0
20210329 004600;8.599500;8.600210;8.599500;8.600210;0
20210329 004700;8.600360;8.600360;8.599560;8.599560;0
20210329 004800;8.599630;8.600140;8.599630;8.600140;0
20210329 004900;8.600160;8.600170;8.599800;8.600170;0
20210329 005000;8.600310;8.600320;8.600310;8.600310;0
20210329 005100;8.600160;8.600970;8.600160;8.600970;0
20210329 005300;8.601190;8.601400;8.601190;8.601400;0
20210329 005400;8.601340;8.601340;8.600700;8.600960;0
20210329 005500;8.600890;8.601840;8.600670;8.601770;0
20210329 005600;8.601620;8.601620;8.600960;8.601260;0
20210329 005700;8.601400;8.601400;8.600710;8.600710;0
20210329 005800;8.600740;8.600740;8.600470;8.600470;0
20210329 005900;8.600520;8.601320;8.600520;8.601180;0
20210329 010000;8.601260;8.602290;8.600810;8.601430;0
20210329 010100;8.601430;8.601430;8.601030;8.601030;0
20210329 010200;8.601040;8.601160;8.601010;8.601160;0
20210329 010300;8.601270;8.601390;8.601270;8.601330;0
20210329 010400;8.601480;8.601850;8.601480;8.601770;0
20210329 010500;8.601990;8.601990;8.601620;8.601840;0
20210329 010600;8.601960;8.604340;8.601960;8.604330;0
20210329 010700;8.604460;8.608020;8.604460;8.608020;0
20210329 010800;8.607870;8.608290;8.606730;8.608290;0
20210329 010900;8.608430;8.608880;8.607380;8.608490;0
20210329 011000;8.608270;8.609480;8.607380;8.609240;0
20210329 011100;8.609240;8.610580;8.608630;8.610460;0
20210329 011200;8.610470;8.611900;8.610180;8.610180;0
20210329 011300;8.610180;8.615770;8.610030;8.615560;0
20210329 011400;8.615560;8.619860;8.615490;8.618760;0
20210329 011500;8.618760;8.618760;8.613470;8.616070;0
20210329 011600;8.616070;8.616080;8.615250;8.615250;0
20210329 011700;8.615180;8.615740;8.615180;8.615520;0
20210329 011800;8.615520;8.616090;8.614530;8.615070;0
20210329 011900;8.615070;8.617450;8.615070;8.617440;0
20210329 012000;8.617440;8.618980;8.617440;8.618690;0
20210329 012100;8.618590;8.618610;8.615490;8.615490;0
20210329 012200;8.615820;8.616280;8.615540;8.615540;0
20210329 012300;8.615540;8.616550;8.614490;8.614650;0
20210329 012400;8.614490;8.614600;8.613650;8.614130;0
20210329 012500;8.614350;8.614950;8.613100;8.613100;0
20210329 012600;8.613160;8.613530;8.613160;8.613530;0
20210329 012700;8.613320;8.613320;8.612580;8.612580;0
20210329 012800;8.612880;8.613200;8.612550;8.612550;0
20210329 012900;8.612390;8.612390;8.611740;8.611740;0
20210329 013000;8.611670;8.612050;8.610550;8.612050;0
20210329 013100;8.611960;8.612360;8.611260;8.611260;0
20210329 013200;8.611320;8.611320;8.609690;8.610810;0
20210329 013300;8.610810;8.611390;8.610520;8.611030;0
20210329 013400;8.611190;8.612770;8.610890;8.611040;0
20210329 013500;8.611190;8.613030;8.611190;8.613030;0
20210329 013600;8.613250;8.613990;8.613150;8.613990;0
20210329 013700;8.614210;8.614530;8.614210;8.614460;0
20210329 013800;8.614610;8.615290;8.614610;8.615290;0
20210329 013900;8.615430;8.615650;8.615080;8.615580;0
20210329 014000;8.614920;8.615840;8.614720;8.615740;0
20210329 014100;8.615820;8.615920;8.615490;8.615550;0
20210329 014200;8.615690;8.616060;8.615470;8.616060;0
20210329 014300;8.616050;8.616280;8.615460;8.616210;0
20210329 014400;8.616060;8.616060;8.613080;8.613330;0
20210329 014500;8.613340;8.614820;8.613330;8.613600;0
20210329 014600;8.613790;8.614710;8.613770;8.614560;0
20210329 014700;8.614410;8.614580;8.613840;8.614230;0
20210329 014800;8.614290;8.614610;8.614090;8.614450;0
20210329 014900;8.614510;8.615480;8.614260;8.615140;0
20210329 015000;8.614890;8.615160;8.614140;8.614240;0
20210329 015100;8.614530;8.615900;8.614450;8.615670;0
20210329 015200;8.615840;8.617070;8.615840;8.617070;0
20210329 015300;8.617070;8.617530;8.616180;8.617330;0
20210329 015400;8.617250;8.617250;8.616830;8.616830;0
20210329 015500;8.616840;8.616970;8.616550;8.616560;0
20210329 015600;8.616570;8.616570;8.615030;8.615610;0
20210329 015700;8.615610;8.615620;8.614570;8.615060;0
20210329 015800;8.615070;8.615560;8.614880;8.615280;0
20210329 015900;8.615280;8.615660;8.615280;8.615430;0
20210329 020000;8.615790;8.615790;8.608480;8.611960;0
20210329 020100;8.611840;8.611840;8.608940;8.609110;0
20210329 020200;8.608930;8.609260;8.606820;8.608990;0
20210329 020300;8.608990;8.615340;8.608990;8.614550;0
20210329 020400;8.614770;8.615700;8.614230;8.614570;0
20210329 020500;8.614710;8.615550;8.614180;8.614180;0
20210329 020600;8.614290;8.614300;8.611730;8.611880;0
20210329 020700;8.611880;8.611990;8.609620;8.609620;0
20210329 020800;8.609620;8.609620;8.607550;8.607910;0
20210329 020900;8.607910;8.608550;8.607690;8.608110;0
20210329 021000;8.608110;8.609490;8.607680;8.609480;0
20210329 021100;8.609660;8.613290;8.609330;8.613160;0
20210329 021200;8.613150;8.614410;8.612790;8.614410;0
20210329 021300;8.614550;8.615430;8.613700;8.613720;0
20210329 021400;8.613770;8.614330;8.607460;8.610140;0
20210329 021500;8.610150;8.610350;8.608300;8.608880;0
20210329 021600;8.608790;8.608890;8.608180;8.608290;0
20210329 021700;8.608280;8.608280;8.602790;8.603040;0
20210329 021800;8.603120;8.604190;8.600030;8.600800;0
20210329 021900;8.600780;8.601250;8.596790;8.597450;0
20210329 022000;8.597460;8.597850;8.595070;8.595460;0
20210329 022100;8.595600;8.598280;8.595350;8.595350;0
20210329 022200;8.595480;8.595490;8.588810;8.588810;0
20210329 022300;8.589350;8.593840;8.588990;8.590940;0
20210329 022400;8.590940;8.591500;8.589600;8.590540;0
20210329 022500;8.590520;8.594700;8.589420;8.593380;0
20210329 022600;8.593380;8.595470;8.591160;8.594890;0
20210329 022700;8.594900;8.595940;8.592550;8.595940;0
20210329 022800;8.595890;8.595890;8.595250;8.595280;0
20210329 022900;8.595330;8.596620;8.591870;8.595860;0
20210329 023000;8.596050;8.596050;8.592380;8.594040;0
20210329 023100;8.594040;8.598200;8.593520;8.595510;0
20210329 023200;8.595510;8.597680;8.595300;8.597680;0
20210329 023300;8.597680;8.597990;8.591430;8.591450;0
20210329 023400;8.591570;8.593970;8.590680;8.593750;0
20210329 023500;8.593620;8.597980;8.593480;8.596370;0
20210329 023600;8.596270;8.596740;8.593610;8.593610;0
20210329 023700;8.593580;8.593720;8.593300;8.593700;0
20210329 023800;8.593590;8.595600;8.591590;8.594820;0
20210329 023900;8.594950;8.594950;8.593420;8.593910;0
20210329 024000;8.593910;8.593920;8.588060;8.589620;0
20210329 024100;8.589760;8.591890;8.589300;8.590350;0
20210329 024200;8.590220;8.591460;8.588830;8.589710;0
20210329 024300;8.589920;8.595270;8.589920;8.591860;0
20210329 024400;8.591860;8.594870;8.590360;8.590840;0
20210329 024500;8.590730;8.594720;8.589860;8.589870;0
20210329 024600;8.590060;8.592180;8.588890;8.590460;0
20210329 024700;8.590470;8.598460;8.590390;8.594510;0
20210329 024800;8.594370;8.594940;8.592000;8.592460;0
20210329 024900;8.592460;8.594040;8.588750;8.591930;0
20210329 025000;8.591890;8.593810;8.588940;8.589210;0
20210329 025100;8.589120;8.589120;8.586240;8.587700;0
20210329 025200;8.587570;8.587690;8.582960;8.585090;0
20210329 025300;8.584970;8.586880;8.583850;8.585420;0
20210329 025400;8.585550;8.585570;8.584190;8.584900;0
20210329 025500;8.584800;8.585090;8.584280;8.584850;0
20210329 025600;8.584860;8.585460;8.583030;8.583040;0
20210329 025700;8.583370;8.589910;8.583370;8.589850;0
20210329 025800;8.589860;8.591550;8.586930;8.587090;0
20210329 025900;8.587080;8.595170;8.587030;8.592260;0
20210329 030000;8.592260;8.593370;8.587350;8.587820;0
20210329 030100;8.587670;8.589800;8.587670;8.589610;0
20210329 030200;8.589750;8.589910;8.579850;8.580220;0
20210329 030300;8.580030;8.580140;8.577930;8.577930;0
20210329 030400;8.577920;8.579750;8.577260;8.578790;0
20210329 030500;8.578730;8.578980;8.577350;8.577560;0
20210329 030600;8.577590;8.577760;8.576550;8.577340;0
20210329 030700;8.577330;8.577330;8.568200;8.575350;0
20210329 030800;8.575700;8.578330;8.573890;8.577610;0
20210329 030900;8.577570;8.581910;8.577520;8.579500;0
20210329 031000;8.579470;8.580030;8.574620;8.574710;0
20210329 031100;8.574720;8.578410;8.570300;8.574370;0
20210329 031200;8.574430;8.579170;8.571860;8.577950;0
20210329 031300;8.577950;8.578320;8.573010;8.573040;0
20210329 031400;8.572900;8.573370;8.572550;8.572960;0
20210329 031500;8.572690;8.579690;8.570720;8.577400;0
20210329 031600;8.577400;8.581350;8.575020;8.581000;0
20210329 031700;8.581000;8.585870;8.577370;8.579900;0
20210329 031800;8.579690;8.586200;8.579380;8.584370;0
20210329 031900;8.584520;8.586910;8.584520;8.586900;0
20210329 032000;8.586980;8.588100;8.582880;8.583010;0
20210329 032100;8.582740;8.586080;8.579540;8.586020;0
20210329 032200;8.586020;8.586730;8.582240;8.586060;0
20210329 032300;8.586060;8.587320;8.581280;8.581280;0
20210329 032400;8.581580;8.587060;8.581580;8.585740;0
20210329 032500;8.585750;8.585750;8.583290;8.585110;0
20210329 032600;8.585000;8.585150;8.583530;8.584550;0
20210329 032700;8.584550;8.584550;8.583300;8.583850;0
20210329 032800;8.583850;8.584620;8.583220;8.583980;0
20210329 032900;8.583980;8.583980;8.581290;8.581350;0
20210329 033000;8.581480;8.584840;8.580600;8.582790;0
20210329 033100;8.582720;8.584370;8.577850;8.579190;0
20210329 033200;8.579490;8.586590;8.579450;8.585890;0
20210329 033300;8.585900;8.586490;8.583970;8.585830;0
20210329 033400;8.585830;8.585860;8.581270;8.584120;0
20210329 033500;8.584120;8.585280;8.581840;8.582340;0
20210329 033600;8.582340;8.585440;8.582220;8.584310;0
20210329 033700;8.584350;8.585150;8.583720;8.585150;0
20210329 033800;8.585150;8.586210;8.583490;8.583490;0
20210329 033900;8.583370;8.583390;8.582520;8.583090;0
20210329 034000;8.583090;8.584470;8.583050;8.583540;0
20210329 034100;8.583540;8.584730;8.583320;8.584340;0
20210329 034200;8.584340;8.584600;8.584150;8.584530;0
20210329 034300;8.584530;8.585280;8.584530;8.585030;0
20210329 034400;8.585020;8.585830;8.584780;8.584830;0
20210329 034500;8.584910;8.585880;8.584700;8.585460;0
20210329 034600;8.585380;8.585380;8.583510;8.583880;0
20210329 034700;8.583950;8.584210;8.583050;8.583640;0
20210329 034800;8.583770;8.585440;8.583760;8.584890;0
20210329 034900;8.584910;8.584910;8.578630;8.578630;0
20210329 035000;8.578630;8.578630;8.575290;8.575290;0
20210329 035100;8.575680;8.581600;8.575450;8.579970;0
20210329 035200;8.579830;8.583390;8.579410;8.583080;0
20210329 035300;8.583130;8.583130;8.579920;8.579960;0
20210329 035400;8.579800;8.580270;8.579330;8.579760;0
20210329 035500;8.579760;8.580210;8.578380;8.580210;0
20210329 035600;8.580350;8.580350;8.578700;8.578910;0
20210329 035700;8.578950;8.581260;8.578440;8.581120;0
20210329 035800;8.581130;8.582740;8.580440;8.581910;0
20210329 035900;8.581910;8.585550;8.581220;8.585550;0
20210329 040000;8.585570;8.590170;8.585410;8.589750;0
20210329 040100;8.589820;8.590190;8.585470;8.586280;0
20210329 040200;8.586300;8.586300;8.580150;8.582560;0
20210329 040300;8.582210;8.584000;8.581870;8.583350;0
20210329 040400;8.583340;8.584260;8.582720;8.583500;0
20210329 040500;8.583450;8.585410;8.583250;8.585410;0
20210329 040600;8.585410;8.587080;8.585210;8.587080;0
20210329 040700;8.587030;8.588310;8.586800;8.587750;0
20210329 040800;8.587610;8.587720;8.585260;8.585870;0
20210329 040900;8.585870;8.585870;8.583120;8.583630;0
20210329 041000;8.583930;8.585860;8.583930;8.584460;0
20210329 041100;8.584190;8.584850;8.581800;8.584620;0
20210329 041200;8.584830;8.587370;8.584830;8.587360;0
20210329 041300;8.587370;8.591900;8.587370;8.588650;0
20210329 041400;8.588640;8.589830;8.585660;8.589480;0
20210329 041500;8.589610;8.589920;8.588430;8.588430;0
20210329 041600;8.588340;8.592670;8.587830;8.592670;0
20210329 041700;8.592790;8.595880;8.590830;8.595250;0
20210329 041800;8.595250;8.599640;8.594670;8.599450;0
20210329 041900;8.599450;8.602680;8.599450;8.601910;0
20210329 042000;8.601910;8.601910;8.599500;8.601170;0
20210329 042100;8.601170;8.607730;8.601170;8.603580;0
20210329 042200;8.603360;8.603360;8.600210;8.600210;0
20210329 042300;8.600430;8.601070;8.597470;8.597530;0
20210329 042400;8.597460;8.597460;8.592740;8.593230;0
20210329 042500;8.593360;8.593420;8.590150;8.590150;0
20210329 042600;8.590280;8.595040;8.589370;8.593500;0
20210329 042700;8.593200;8.597430;8.593200;8.597050;0
20210329 042800;8.597110;8.598760;8.594760;8.595370;0
20210329 042900;8.595360;8.597290;8.595360;8.597060;0
20210329 043000;8.597110;8.598160;8.596840;8.597420;0
20210329 043100;8.597420;8.601260;8.597370;8.599780;0
20210329 043200;8.599770;8.599840;8.596370;8.599250;0
20210329 043300;8.599260;8.599500;8.597810;8.599220;0
20210329 043400;8.599230;8.603540;8.598730;8.600780;0
20210329 043500;8.600780;8.600780;8.594870;8.597730;0
20210329 043600;8.598070;8.600320;8.597380;8.600270;0
20210329 043700;8.600230;8.605730;8.599770;8.604280;0
20210329 043800;8.604280;8.604290;8.601870;8.601870;0
20210329 043900;8.601880;8.608150;8.599770;8.604510;0
20210329 044000;8.604540;8.606520;8.603910;8.604520;0
20210329 044100;8.604590;8.606810;8.603200;8.604320;0
20210329 044200;8.604310;8.604980;8.603320;8.604380;0
20210329 044300;8.604480;8.605820;8.604390;8.604880;0
20210329 044400;8.604790;8.607630;8.604250;8.607630;0
20210329 044500;8.607620;8.608820;8.605930;8.608530;0
20210329 044600;8.608530;8.610020;8.608200;8.610020;0
20210329 044700;8.610160;8.613280;8.608190;8.610430;0
20210329 044800;8.610420;8.613300;8.610070;8.612490;0
20210329 044900;8.612580;8.612790;8.608810;8.609770;0
20210329 045000;8.609810;8.609810;8.605150;8.605150;0
20210329 045100;8.605020;8.610270;8.603360;8.609910;0
20210329 045200;8.609910;8.610560;8.608610;8.610560;0
20210329 045300;8.610510;8.612040;8.610510;8.610850;0
20210329 045400;8.610900;8.611180;8.609310;8.609810;0
20210329 045500;8.609750;8.612630;8.609690;8.611520;0
20210329 045600;8.611650;8.614460;8.611230;8.612180;0
20210329 045700;8.612180;8.615940;8.612180;8.615940;0
20210329 045800;8.615930;8.616090;8.613590;8.615560;0
20210329 045900;8.615420;8.615420;8.612230;8.614080;0
20210329 050000;8.613930;8.615070;8.613930;8.614480;0
20210329 050100;8.614570;8.614930;8.612470;8.612640;0
20210329 050200;8.612530;8.614280;8.612310;8.612900;0
20210329 050300;8.613030;8.613740;8.605420;8.606880;0
20210329 050400;8.606840;8.607220;8.605520;8.605890;0
20210329 050500;8.605900;8.605900;8.598300;8.600590;0
20210329 050600;8.600060;8.602540;8.600050;8.601540;0
20210329 050700;8.601680;8.602340;8.600050;8.600570;0
20210329 050800;8.600880;8.603790;8.600160;8.600610;0
20210329 050900;8.600460;8.601660;8.600050;8.600970;0
20210329 051000;8.600960;8.602690;8.597590;8.597590;0
20210329 051100;8.597590;8.597810;8.593290;8.595230;0
20210329 051200;8.595460;8.597420;8.595130;8.597020;0
20210329 051300;8.596810;8.596810;8.592790;8.594550;0
20210329 051400;8.594610;8.596170;8.594400;8.595940;0
20210329 051500;8.595810;8.596460;8.593140;8.593220;0
20210329 051600;8.593310;8.593910;8.592520;8.592590;0
20210329 051700;8.592580;8.593280;8.589220;8.590420;0
20210329 051800;8.590330;8.590730;8.588470;8.588720;0
20210329 051900;8.588800;8.594220;8.588160;8.590270;0
20210329 052000;8.589920;8.589930;8.585560;8.588020;0
20210329 052100;8.588090;8.590640;8.588070;8.589470;0
20210329 052200;8.589490;8.589490;8.587040;8.587760;0
20210329 052300;8.587780;8.590910;8.586790;8.588970;0
20210329 052400;8.588870;8.593480;8.588550;8.590110;0
20210329 052500;8.590110;8.592970;8.589190;8.590860;0
20210329 052600;8.590650;8.594880;8.590650;8.594160;0
20210329 052700;8.594220;8.594380;8.591160;8.591410;0
20210329 052800;8.591440;8.593080;8.591260;8.592520;0
20210329 052900;8.592620;8.593200;8.590380;8.590720;0
20210329 053000;8.590680;8.592080;8.590680;8.591080;0
20210329 053100;8.590950;8.591660;8.589180;8.590910;0
20210329 053200;8.590850;8.591700;8.590060;8.590570;0
20210329 053300;8.590600;8.590860;8.587770;8.587800;0
20210329 053400;8.587790;8.587790;8.584570;8.586880;0
20210329 053500;8.586800;8.587470;8.586610;8.587060;0
20210329 053600;8.587000;8.587500;8.586780;8.587310;0
20210329 053700;8.587450;8.589160;8.587450;8.589160;0
20210329 053800;8.589150;8.589320;8.585480;8.586550;0
20210329 053900;8.586560;8.588430;8.585740;8.585980;0
20210329 054000;8.585980;8.585980;8.583720;8.583720;0
20210329 054100;8.583800;8.585250;8.583670;8.585100;0
20210329 054200;8.585100;8.585100;8.581380;8.581840;0
20210329 054300;8.581680;8.584720;8.581680;8.584720;0
20210329 054400;8.584880;8.585030;8.582590;8.583780;0
20210329 054500;8.583910;8.588160;8.581960;8.584490;0
20210329 054600;8.584470;8.586110;8.583320;8.585770;0
20210329 054700;8.585830;8.585890;8.583370;8.583370;0
20210329 054800;8.583300;8.583900;8.580410;8.581200;0
20210329 054900;8.581200;8.581600;8.578880;8.578880;0
20210329 055000;8.578880;8.579530;8.578300;8.579340;0
20210329 055100;8.579400;8.580620;8.577630;8.577650;0
20210329 055200;8.577810;8.578530;8.577530;8.578130;0
20210329 055300;8.578120;8.578790;8.577690;8.578790;0
20210329 055400;8.578770;8.587630;8.578710;8.584720;0
20210329 055500;8.585220;8.585320;8.580420;8.581520;0
20210329 055600;8.581620;8.581730;8.579270;8.580320;0
20210329 055700;8.580320;8.584990;8.580020;8.581500;0
20210329 055800;8.581730;8.582780;8.579400;8.582750;0
20210329 055900;8.582770;8.586820;8.582770;8.584940;0
20210329 060000;8.585050;8.585050;8.582250;8.584390;0
20210329 060100;8.584260;8.586330;8.584260;8.586150;0
20210329 060200;8.586700;8.591650;8.586700;8.590430;0
20210329 060300;8.590430;8.592170;8.590430;8.590450;0
20210329 060400;8.590450;8.590580;8.588410;8.588750;0
20210329 060500;8.588650;8.589680;8.588650;8.589680;0
20210329 060600;8.589600;8.589780;8.589000;8.589510;0
20210329 060700;8.589650;8.589650;8.587090;8.587160;0
20210329 060800;8.587090;8.587660;8.585350;8.587190;0
20210329 060900;8.587450;8.587590;8.586300;8.586590;0
20210329 061000;8.586590;8.586750;8.585100;8.585100;0
20210329 061100;8.585100;8.585510;8.584480;8.585390;0
20210329 061200;8.585390;8.586070;8.585130;8.585310;0
20210329 061300;8.585260;8.585260;8.581650;8.581770;0
20210329 061400;8.581970;8.583880;8.581610;8.583660;0
20210329 061500;8.583430;8.588020;8.583280;8.587690;0
20210329 061600;8.587690;8.587910;8.583980;8.584610;0
20210329 061700;8.584690;8.584880;8.581320;8.581450;0
20210329 061800;8.581450;8.582310;8.580000;8.582110;0
20210329 061900;8.582020;8.582420;8.581760;8.582040;0
20210329 062000;8.582040;8.582050;8.580010;8.580220;0
20210329 062100;8.580290;8.581280;8.580290;8.581280;0
20210329 062200;8.581270;8.581270;8.576550;8.577930;0
20210329 062300;8.577930;8.581670;8.577930;8.581590;0
20210329 062400;8.581600;8.582280;8.579880;8.581220;0
20210329 062500;8.581220;8.581220;8.578540;8.579180;0
20210329 062600;8.579280;8.583220;8.579270;8.582370;0
20210329 062700;8.582400;8.582920;8.576460;8.576460;0
20210329 062800;8.576460;8.580410;8.575450;8.579280;0
20210329 062900;8.579370;8.584500;8.579370;8.581710;0
20210329 063000;8.581710;8.585630;8.581710;8.585180;0
20210329 063100;8.585180;8.585180;8.582560;8.582560;0
20210329 063200;8.582640;8.582800;8.579990;8.580080;0
20210329 063300;8.580120;8.581090;8.580000;8.580000;0
20210329 063400;8.580000;8.581010;8.579730;8.580950;0
20210329 063500;8.580890;8.580890;8.579570;8.579730;0
20210329 063600;8.579570;8.579570;8.574830;8.575670;0
20210329 063700;8.575680;8.579090;8.572420;8.576240;0
20210329 063800;8.576240;8.579590;8.575070;8.577860;0
20210329 063900;8.577920;8.579260;8.575360;8.575450;0
20210329 064000;8.575520;8.577500;8.575330;8.575410;0
20210329 064100;8.575190;8.575770;8.573860;8.574180;0
20210329 064200;8.574220;8.574470;8.570280;8.572900;0
20210329 064300;8.572900;8.574170;8.572320;8.573140;0
20210329 064400;8.573180;8.575520;8.572740;8.573640;0
20210329 064500;8.573640;8.573640;8.571660;8.572210;0
20210329 064600;8.572210;8.574620;8.571530;8.574120;0
20210329 064700;8.574180;8.577040;8.572730;8.572780;0
20210329 064800;8.572710;8.573720;8.571620;8.572120;0
20210329 064900;8.572060;8.572060;8.568560;8.571430;0
20210329 065000;8.571440;8.572910;8.568210;8.571630;0
20210329 065100;8.571430;8.571980;8.569570;8.569570;0
20210329 065200;8.569570;8.570810;8.566570;8.570140;0
20210329 065300;8.570160;8.571230;8.569980;8.571150;0
20210329 065400;8.571200;8.572630;8.571200;8.571560;0
20210329 065500;8.571550;8.571550;8.567420;8.569650;0
20210329 065600;8.569650;8.573180;8.569650;8.570540;0
20210329 065700;8.570580;8.573370;8.570580;8.571870;0
20210329 065800;8.571880;8.572090;8.568720;8.569430;0
20210329 065900;8.569510;8.569610;8.568420;8.568820;0
20210329 070000;8.568740;8.571280;8.568300;8.571200;0
20210329 070100;8.571250;8.573460;8.571250;8.573260;0
20210329 070200;8.573440;8.573440;8.571410;8.571790;0
20210329 070300;8.571790;8.573560;8.568720;8.570540;0
20210329 070400;8.570670;8.571690;8.570660;8.570680;0
20210329 070500;8.570560;8.571310;8.569390;8.569950;0
20210329 070600;8.569950;8.569950;8.567790;8.568020;0
20210329 070700;8.567950;8.574650;8.567950;8.574650;0
20210329 070800;8.574780;8.574910;8.571560;8.572970;0
20210329 070900;8.573010;8.576410;8.573010;8.573570;0
20210329 071000;8.573560;8.575480;8.572940;8.575230;0
20210329 071100;8.575230;8.577230;8.572350;8.572470;0
20210329 071200;8.572470;8.572730;8.569870;8.570060;0
20210329 071300;8.570060;8.571790;8.569990;8.571790;0
20210329 071400;8.571920;8.572270;8.570350;8.571460;0
20210329 071500;8.571570;8.571570;8.568280;8.568660;0
20210329 071600;8.568610;8.569220;8.567090;8.568240;0
20210329 071700;8.568260;8.568860;8.565750;8.567350;0
20210329 071800;8.567410;8.574070;8.567410;8.572760;0
20210329 071900;8.572620;8.573290;8.572020;8.572600;0
20210329 072000;8.572560;8.574540;8.571100;8.571130;0
20210329 072100;8.571100;8.572260;8.569590;8.570210;0
20210329 072200;8.570140;8.570330;8.567440;8.567440;0
20210329 072300;8.567260;8.571930;8.566790;8.569500;0
20210329 072400;8.569580;8.572500;8.569030;8.571480;0
20210329 072500;8.571530;8.572460;8.569060;8.572210;0
20210329 072600;8.572210;8.572210;8.567170;8.567700;0
20210329 072700;8.567720;8.568470;8.567720;8.568220;0
20210329 072800;8.568150;8.568150;8.566340;8.566500;0
20210329 072900;8.566590;8.573510;8.566590;8.571680;0
20210329 073000;8.571870;8.572560;8.568870;8.569060;0
20210329 073100;8.569070;8.569690;8.567470;8.569530;0
20210329 073200;8.569520;8.569580;8.567050;8.567150;0
20210329 073300;8.567150;8.567210;8.563620;8.563620;0
20210329 073400;8.563690;8.563730;8.559760;8.562140;0
20210329 073500;8.562150;8.562480;8.560470;8.561600;0
20210329 073600;8.561670;8.563050;8.560200;8.562020;0
20210329 073700;8.562050;8.563520;8.560560;8.562750;0
20210329 073800;8.562720;8.566540;8.561730;8.565360;0
20210329 073900;8.565010;8.565010;8.560840;8.563540;0
20210329 074000;8.563570;8.563570;8.559950;8.559950;0
20210329 074100;8.559970;8.561020;8.559380;8.560730;0
20210329 074200;8.560690;8.561650;8.560670;8.561650;0
20210329 074300;8.561670;8.561670;8.559120;8.559550;0
20210329 074400;8.559540;8.559930;8.558910;8.559440;0
20210329 074500;8.559490;8.566740;8.559490;8.563800;0
20210329 074600;8.563530;8.565540;8.563030;8.565330;0
20210329 074700;8.565320;8.565320;8.561800;8.561800;0
20210329 074800;8.561770;8.561770;8.560390;8.561030;0
20210329 074900;8.561090;8.561760;8.558950;8.559070;0
20210329 075000;8.558970;8.559230;8.557660;8.557660;0
20210329 075100;8.557660;8.561790;8.557320;8.557360;0
20210329 075200;8.557420;8.558910;8.554310;8.554900;0
20210329 075300;8.554790;8.555540;8.551550;8.551710;0
20210329 075400;8.551780;8.553420;8.550760;8.551690;0
20210329 075500;8.551420;8.551920;8.550260;8.551070;0
20210329 075600;8.551010;8.556120;8.550890;8.552840;0
20210329 075700;8.552720;8.552730;8.550450;8.552080;0
20210329 075800;8.552170;8.554110;8.552150;8.553450;0
20210329 075900;8.553480;8.554940;8.552470;8.553040;0
20210329 080000;8.553100;8.555330;8.551940;8.552050;0
20210329 080100;8.552050;8.553060;8.551800;8.552610;0
20210329 080200;8.552750;8.552750;8.550040;8.551980;0
20210329 080300;8.551970;8.553300;8.551070;8.553170;0
20210329 080400;8.553220;8.553910;8.550760;8.552470;0
20210329 080500;8.552360;8.553980;8.550470;8.552290;0
20210329 080600;8.552300;8.556680;8.552300;8.555990;0
20210329 080700;8.555910;8.560050;8.555620;8.558620;0
20210329 080800;8.558610;8.559250;8.557050;8.558850;0
20210329 080900;8.559040;8.561340;8.555500;8.557450;0
20210329 081000;8.557460;8.560050;8.557390;8.558680;0
20210329 081100;8.558680;8.559870;8.553870;8.555130;0
20210329 081200;8.555170;8.555490;8.549450;8.550720;0
20210329 081300;8.550720;8.551990;8.547930;8.550250;0
20210329 081400;8.550050;8.550360;8.547930;8.547970;0
20210329 081500;8.547970;8.547970;8.545490;8.546040;0
20210329 081600;8.546090;8.546950;8.544780;8.546840;0
20210329 081700;8.547290;8.547290;8.543840;8.545020;0
20210329 081800;8.545020;8.546320;8.541960;8.544860;0
20210329 081900;8.544860;8.547480;8.542150;8.547200;0
20210329 082000;8.547060;8.547060;8.543450;8.546140;0
20210329 082100;8.546150;8.546170;8.543520;8.545330;0
20210329 082200;8.545320;8.546260;8.544840;8.544860;0
20210329 082300;8.544770;8.544770;8.542610;8.544720;0
20210329 082400;8.544750;8.544750;8.541760;8.542880;0
20210329 082500;8.542670;8.542670;8.539080;8.539210;0
20210329 082600;8.539200;8.542770;8.538680;8.542630;0
20210329 082700;8.542710;8.545480;8.541930;8.545480;0
20210329 082800;8.545470;8.548450;8.541930;8.548020;0
20210329 082900;8.548020;8.549260;8.547630;8.548990;0
20210329 083000;8.548840;8.550730;8.548580;8.550290;0
20210329 083100;8.550450;8.553610;8.548250;8.553610;0
20210329 083200;8.553690;8.555780;8.549890;8.550950;0
20210329 083300;8.550890;8.551040;8.548560;8.549250;0
20210329 083400;8.549210;8.549740;8.546360;8.547750;0
20210329 083500;8.547940;8.548860;8.545840;8.547340;0
20210329 083600;8.547340;8.550940;8.547080;8.550430;0
20210329 083700;8.550430;8.553440;8.549130;8.552420;0
20210329 083800;8.552500;8.555280;8.551060;8.551520;0
20210329 083900;8.551300;8.553610;8.551180;8.553520;0
20210329 084000;8.553320;8.553860;8.548980;8.549590;0
20210329 084100;8.549650;8.550760;8.549290;8.549940;0
20210329 084200;8.549650;8.550430;8.549020;8.549020;0
20210329 084300;8.548950;8.549020;8.546170;8.547020;0
20210329 084400;8.547020;8.548720;8.546720;8.548330;0
20210329 084500;8.548930;8.550320;8.548230;8.550030;0
20210329 084600;8.550050;8.551440;8.549750;8.550760;0
20210329 084700;8.550540;8.551100;8.548400;8.549250;0
20210329 084800;8.549330;8.551410;8.549330;8.551190;0
20210329 084900;8.551260;8.552440;8.550840;8.552340;0
20210329 085000;8.552190;8.552260;8.548890;8.548900;0
20210329 085100;8.548970;8.549970;8.548180;8.549970;0
20210329 085200;8.550020;8.553510;8.549620;8.553230;0
20210329 085300;8.553280;8.554200;8.551140;8.551990;0
20210329 085400;8.552060;8.553810;8.549080;8.549090;0
20210329 085500;8.548870;8.550250;8.547720;8.547990;0
20210329 085600;8.547800;8.549140;8.547400;8.547400;0
20210329 085700;8.547460;8.549150;8.546420;8.546650;0
20210329 085800;8.546580;8.547190;8.542820;8.542870;0
20210329 085900;8.542730;8.543780;8.540400;8.540590;0
20210329 090000;8.540670;8.544450;8.540430;8.542260;0
20210329 090100;8.542300;8.542360;8.539710;8.540920;0
20210329 090200;8.541000;8.546770;8.541000;8.545370;0
20210329 090300;8.545370;8.545490;8.543270;8.543970;0
20210329 090400;8.543280;8.543790;8.542360;8.542380;0
20210329 090500;8.542380;8.545390;8.541420;8.545290;0
20210329 090600;8.545290;8.547300;8.544440;8.545730;0
20210329 090700;8.545740;8.548650;8.545740;8.547970;0
20210329 090800;8.548090;8.551140;8.548090;8.549660;0
20210329 090900;8.549670;8.551140;8.547210;8.548560;0
20210329 091000;8.548590;8.551460;8.548520;8.550020;0
20210329 091100;8.550180;8.553950;8.550180;8.553410;0
20210329 091200;8.553330;8.553330;8.550350;8.550830;0
20210329 091300;8.550800;8.550800;8.546540;8.546540;0
20210329 091400;8.545850;8.546180;8.542930;8.544320;0
20210329 091500;8.544420;8.545260;8.543820;8.545250;0
20210329 091600;8.545250;8.546570;8.543750;8.543750;0
20210329 091700;8.543750;8.545660;8.541730;8.541860;0
20210329 091800;8.541860;8.542110;8.539310;8.540720;0
20210329 091900;8.541050;8.544930;8.540530;8.542930;0
20210329 092000;8.542860;8.545130;8.542410;8.543770;0
20210329 092100;8.543740;8.543740;8.540120;8.540370;0
20210329 092200;8.540310;8.541440;8.537710;8.538040;0
20210329 092300;8.538050;8.539730;8.537130;8.539100;0
20210329 092400;8.539160;8.540460;8.538760;8.540250;0
20210329 092500;8.540250;8.540770;8.539150;8.539150;0
20210329 092600;8.539150;8.539790;8.538220;8.539790;0
20210329 092700;8.539740;8.539740;8.537900;8.538970;0
20210329 092800;8.538980;8.540820;8.538840;8.540220;0
20210329 092900;8.540150;8.540160;8.534790;8.534790;0
20210329 093000;8.534630;8.536630;8.530940;8.530960;0
20210329 093100;8.531100;8.534870;8.530890;8.533900;0
20210329 093200;8.533920;8.536920;8.532940;8.536820;0
20210329 093300;8.536700;8.539750;8.535980;8.537660;0
20210329 093400;8.537650;8.538550;8.536070;8.536680;0
20210329 093500;8.536630;8.537430;8.533670;8.534610;0
20210329 093600;8.534540;8.537810;8.534030;8.534400;0
20210329 093700;8.534430;8.536020;8.533120;8.535170;0
20210329 093800;8.535310;8.535310;8.533310;8.534080;0
20210329 093900;8.533920;8.534640;8.533370;8.534400;0
20210329 094000;8.534550;8.537920;8.533820;8.536910;0
20210329 094100;8.536780;8.536860;8.533180;8.536200;0
20210329 094200;8.535910;8.538620;8.535300;8.537280;0
20210329 094300;8.537690;8.538240;8.534260;8.534690;0
20210329 094400;8.534490;8.534900;8.533290;8.534530;0
20210329 094500;8.534470;8.538860;8.534470;8.537660;0
20210329 094600;8.537660;8.538380;8.536960;8.537540;0
20210329 094700;8.537740;8.539110;8.537640;8.539110;0
20210329 094800;8.539100;8.539250;8.534940;8.535620;0
20210329 094900;8.535760;8.540790;8.535760;8.539150;0
20210329 095000;8.539150;8.539720;8.537930;8.538470;0
20210329 095100;8.538540;8.539520;8.538540;8.539450;0
20210329 095200;8.539370;8.541450;8.538930;8.539330;0
20210329 095300;8.539190;8.543480;8.539190;8.541120;0
20210329 095400;8.541120;8.544460;8.540180;8.540370;0
20210329 095500;8.540510;8.544090;8.540510;8.541100;0
20210329 095600;8.540970;8.544970;8.539890;8.543770;0
20210329 095700;8.543760;8.545350;8.542780;8.544450;0
20210329 095800;8.544450;8.545300;8.542480;8.543460;0
20210329 095900;8.543420;8.544000;8.540870;8.541770;0
20210329 100000;8.541870;8.549180;8.541870;8.545020;0
20210329 100100;8.545530;8.545630;8.540420;8.544240;0
20210329 100200;8.544830;8.547250;8.543240;8.546940;0
20210329 100300;8.546940;8.548700;8.545980;8.546540;0
20210329 100400;8.546420;8.546420;8.540120;8.540130;0
20210329 100500;8.540280;8.545770;8.540280;8.543910;0
20210329 100600;8.544370;8.547220;8.541870;8.546140;0
20210329 100700;8.546140;8.546780;8.542240;8.542430;0
20210329 100800;8.542840;8.543030;8.538820;8.539110;0
20210329 100900;8.539520;8.544370;8.538820;8.539420;0
20210329 101000;8.539420;8.541970;8.536150;8.537230;0
20210329 101100;8.537460;8.540530;8.536990;8.538650;0
20210329 101500;8.541930;8.542290;8.540080;8.540080;0
20210329 101600;8.540130;8.540180;8.537080;8.537080;0
20210329 101700;8.537060;8.537990;8.535860;8.537450;0
20210329 101800;8.537330;8.538910;8.536050;8.537240;0
20210329 101900;8.537210;8.540240;8.536730;8.539930;0
20210329 102000;8.539620;8.540220;8.538520;8.539270;0
20210329 102100;8.539410;8.544580;8.537650;8.537650;0
20210329 102200;8.537910;8.540440;8.537590;8.538040;0
20210329 102300;8.538190;8.541730;8.537510;8.537790;0
20210329 102400;8.537880;8.539830;8.537680;8.539680;0
20210329 102500;8.539670;8.540620;8.538240;8.539960;0
20210329 102600;8.540080;8.541350;8.539690;8.539990;0
20210329 102700;8.540050;8.543770;8.538610;8.538870;0
20210329 102800;8.538800;8.538800;8.536610;8.537330;0
20210329 102900;8.537300;8.544550;8.537190;8.544410;0
20210329 103000;8.544540;8.547260;8.544540;8.545580;0
20210329 103100;8.545440;8.545950;8.540670;8.542030;0
20210329 103200;8.542030;8.544870;8.540740;8.544490;0
20210329 103300;8.544180;8.544860;8.542880;8.544390;0
20210329 103400;8.544330;8.545000;8.542220;8.544980;0
20210329 103500;8.544990;8.545630;8.543790;8.545580;0
20210329 103600;8.545450;8.545450;8.537820;8.537820;0
20210329 103700;8.537980;8.538530;8.534300;8.534700;0
20210329 103800;8.534760;8.537170;8.533080;8.534460;0
20210329 103900;8.534470;8.537790;8.533650;8.537250;0
20210329 104000;8.537260;8.541870;8.537030;8.541840;0
20210329 104100;8.541840;8.543180;8.540160;8.540160;0
20210329 104200;8.540160;8.540860;8.537140;8.538450;0
20210329 104300;8.538440;8.543070;8.538120;8.541040;0
20210329 104400;8.541030;8.541210;8.538510;8.539280;0
20210329 104500;8.539170;8.547010;8.539170;8.544040;0
20210329 104600;8.543930;8.546670;8.543460;8.545110;0
20210329 104700;8.545070;8.545440;8.542220;8.545060;0
20210329 104800;8.545250;8.547420;8.545250;8.546710;0
20210329 104900;8.546790;8.548090;8.546280;8.547690;0
20210329 105000;8.547690;8.551020;8.544820;8.547110;0
20210329 105100;8.547120;8.551920;8.546440;8.551860;0
20210329 105200;8.551850;8.555020;8.551210;8.552470;0
20210329 105300;8.552400;8.555220;8.550450;8.554810;0
20210329 105400;8.554610;8.559760;8.553450;8.559390;0
20210329 105500;8.559390;8.562530;8.559200;8.562530;0
20210329 105600;8.562530;8.562660;8.558610;8.561580;0
20210329 105700;8.561590;8.562820;8.560970;8.562160;0
20210329 105800;8.562300;8.562600;8.558050;8.558050;0
20210329 105900;8.558180;8.558180;8.554050;8.557230;0
20210329 110000;8.557140;8.558610;8.556730;8.557440;0
20210329 110100;8.557380;8.562530;8.557240;8.561440;0
20210329 110200;8.561570;8.561570;8.556640;8.559740;0
20210329 110300;8.559540;8.560270;8.555260;8.558660;0
20210329 110400;8.558590;8.563650;8.557100;8.562480;0
20210329 110500;8.562480;8.565010;8.559980;8.560020;0
20210329 110600;8.560050;8.564070;8.559590;8.563760;0
20210329 110700;8.563790;8.564440;8.563180;8.564440;0
20210329 110800;8.564440;8.565170;8.564270;8.564720;0
20210329 110900;8.564730;8.564730;8.561500;8.562050;0
20210329 111000;8.561880;8.561960;8.559000;8.561060;0
20210329 111100;8.561060;8.561920;8.560770;8.561770;0
20210329 111200;8.561860;8.563070;8.561850;8.562720;0
20210329 111300;8.562830;8.565820;8.562830;8.565680;0
20210329 111400;8.565610;8.565620;8.562450;8.562450;0
20210329 111500;8.562380;8.562600;8.555300;8.555710;0
20210329 111600;8.555650;8.559610;8.552670;8.558500;0
20210329 111700;8.558490;8.560710;8.557990;8.558710;0
20210329 111800;8.558640;8.558920;8.556720;8.558500;0
20210329 111900;8.558500;8.560210;8.556690;8.556690;0
20210329 112000;8.556650;8.558800;8.556150;8.558770;0
20210329 112100;8.558710;8.559850;8.556880;8.557450;0
20210329 112200;8.557380;8.558770;8.553710;8.553710;0
20210329 112300;8.553770;8.557030;8.551710;8.552590;0
20210329 112400;8.552870;8.554950;8.551540;8.554950;0
20210329 112500;8.554810;8.554810;8.547210;8.547770;0
20210329 112600;8.547630;8.550340;8.546610;8.548330;0
20210329 112700;8.548430;8.550830;8.545600;8.547100;0
20210329 112800;8.547120;8.547870;8.546830;8.547800;0
20210329 112900;8.547800;8.548010;8.543150;8.543310;0
20210329 113000;8.543390;8.545300;8.543310;8.544390;0
20210329 113100;8.544390;8.544480;8.542840;8.543990;0
20210329 113200;8.544110;8.544130;8.542210;8.542220;0
20210329 113300;8.542180;8.542590;8.541320;8.541320;0
20210329 113400;8.541450;8.541450;8.536150;8.538040;0
20210329 113500;8.538080;8.538630;8.535830;8.536740;0
20210329 113600;8.536660;8.536970;8.535300;8.535980;0
20210329 113700;8.535820;8.536570;8.534630;8.535090;0
20210329 113800;8.535090;8.535520;8.533940;8.534830;0
20210329 113900;8.534630;8.536000;8.534550;8.535640;0
20210329 114000;8.535400;8.535690;8.534750;8.535100;0
20210329 114100;8.535090;8.535100;8.533830;8.534060;0
20210329 114200;8.534190;8.534190;8.528720;8.528990;0
20210329 114300;8.528940;8.529220;8.528060;8.528300;0
20210329 114400;8.528300;8.528980;8.526590;8.526980;0
20210329 114500;8.526980;8.528040;8.526410;8.526840;0
20210329 114600;8.526840;8.528340;8.525790;8.528200;0
20210329 114700;8.528200;8.528970;8.525870;8.526880;0
20210329 114800;8.526670;8.529170;8.525450;8.527740;0
20210329 114900;8.527340;8.528070;8.527150;8.527790;0
20210329 115000;8.527790;8.528130;8.526550;8.527020;0
20210329 115100;8.526970;8.527500;8.526600;8.527400;0
20210329 115200;8.527400;8.527690;8.526830;8.527620;0
20210329 115300;8.527620;8.527850;8.526710;8.526740;0
20210329 115400;8.526710;8.526880;8.524430;8.525000;0
20210329 115500;8.525040;8.525560;8.524300;8.525550;0
20210329 115600;8.525520;8.525520;8.523960;8.523960;0
20210329 115700;8.523960;8.525370;8.521550;8.524980;0
20210329 115800;8.525060;8.525560;8.521190;8.523480;0
20210329 115900;8.523280;8.528170;8.523050;8.527970;0
20210329 120000;8.527890;8.528110;8.526460;8.527500;0
20210329 120100;8.527570;8.527980;8.526790;8.527600;0
20210329 120200;8.527530;8.527750;8.527030;8.527270;0
20210329 120300;8.527360;8.528010;8.526020;8.526020;0
20210329 120400;8.526020;8.526430;8.525600;8.526240;0
20210329 120500;8.526160;8.526580;8.526000;8.526330;0
20210329 120600;8.526470;8.527530;8.526050;8.526550;0
20210329 120700;8.526540;8.526750;8.526230;8.526510;0
20210329 120800;8.526530;8.528830;8.526230;8.528790;0
20210329 120900;8.528620;8.528900;8.527270;8.527620;0
20210329 121000;8.527540;8.527540;8.526770;8.526910;0
20210329 121100;8.526920;8.528970;8.526920;8.528970;0
20210329 121200;8.529190;8.530080;8.528640;8.529980;0
20210329 121300;8.529910;8.530080;8.528970;8.528970;0
20210329 121400;8.528970;8.529900;8.528970;8.529820;0
20210329 121500;8.529710;8.531050;8.529710;8.530950;0
20210329 121600;8.530940;8.532830;8.530940;8.532470;0
20210329 121700;8.532580;8.533080;8.532440;8.532670;0
20210329 121800;8.532590;8.532660;8.531860;8.532590;0
20210329 121900;8.532500;8.532960;8.532300;8.532880;0
20210329 122000;8.532880;8.532960;8.532080;8.532580;0
20210329 122100;8.532730;8.533770;8.532650;8.533710;0
20210329 122200;8.533710;8.533950;8.533360;8.533640;0
20210329 122300;8.533650;8.533970;8.533640;8.533960;0
20210329 122400;8.533960;8.534110;8.533680;8.534020;0
20210329 122500;8.534020;8.534390;8.533720;8.534240;0
20210329 122600;8.534250;8.534350;8.533350;8.534350;0
20210329 122700;8.534360;8.534810;8.533870;8.534080;0
20210329 122800;8.533990;8.534780;8.530700;8.530700;0
20210329 122900;8.530490;8.530550;8.529650;8.529650;0
20210329 123000;8.529570;8.531240;8.529490;8.531020;0
20210329 123100;8.531020;8.532690;8.531010;8.532670;0
20210329 123200;8.532670;8.533080;8.532350;8.532640;0
20210329 123300;8.532720;8.532720;8.532190;8.532400;0
20210329 123400;8.532400;8.532400;8.531730;8.531880;0
20210329 123500;8.531900;8.532290;8.531680;8.532290;0
20210329 123600;8.532330;8.532750;8.532330;8.532460;0
20210329 123700;8.532330;8.532990;8.531450;8.531450;0
20210329 123800;8.531410;8.531410;8.529330;8.529440;0
20210329 123900;8.529150;8.529150;8.526940;8.527380;0
20210329 124000;8.527290;8.528800;8.527290;8.528500;0
20210329 124100;8.528610;8.528740;8.527060;8.527130;0
20210329 124200;8.526960;8.527030;8.526780;8.526850;0
20210329 124300;8.526790;8.527510;8.526790;8.527330;0
20210329 124400;8.527320;8.529600;8.527320;8.528050;0
20210329 124500;8.527990;8.528170;8.527460;8.528060;0
20210329 124600;8.528050;8.528580;8.527750;8.528580;0
20210329 124700;8.528440;8.528600;8.527600;8.527850;0
20210329 124800;8.527990;8.529950;8.527990;8.529720;0
20210329 124900;8.529720;8.530020;8.529340;8.529890;0
20210329 125000;8.529990;8.530130;8.528960;8.529520;0
20210329 125100;8.529580;8.530070;8.529180;8.529610;0
20210329 125200;8.529600;8.529600;8.529060;8.529420;0
20210329 125300;8.529560;8.529860;8.528840;8.529200;0
20210329 125400;8.529150;8.529150;8.527610;8.527940;0
20210329 125500;8.527910;8.527980;8.524770;8.525130;0
20210329 125600;8.525170;8.525830;8.524890;8.525830;0
20210329 125700;8.525830;8.526550;8.525830;8.526400;0
20210329 125800;8.526460;8.526760;8.525990;8.526750;0
20210329 125900;8.526810;8.527600;8.526760;8.527150;0
20210329 130000;8.527140;8.527140;8.525380;8.525390;0
20210329 130100;8.525380;8.525480;8.524730;8.524750;0
20210329 130200;8.524700;8.524710;8.523950;8.524050;0
20210329 130300;8.523900;8.523900;8.519150;8.521040;0
20210329 130400;8.521150;8.522070;8.521000;8.521560;0
20210329 130500;8.521720;8.522770;8.521150;8.521150;0
20210329 130600;8.520840;8.521880;8.520840;8.521590;0
20210329 130700;8.521570;8.522220;8.521020;8.522210;0
20210329 130800;8.522290;8.523000;8.521930;8.522910;0
20210329 130900;8.522910;8.525160;8.522810;8.525060;0
20210329 131000;8.525320;8.525550;8.523560;8.524150;0
20210329 131100;8.524160;8.524760;8.523400;8.523600;0
20210329 131200;8.523390;8.525220;8.522950;8.524560;0
20210329 131300;8.524580;8.525530;8.523960;8.525210;0
20210329 131400;8.525260;8.526900;8.525260;8.526790;0
20210329 131500;8.526790;8.526790;8.525450;8.525810;0
20210329 131600;8.525810;8.525900;8.524500;8.524500;0
20210329 131700;8.524500;8.524500;8.523710;8.523710;0
20210329 131800;8.523610;8.523610;8.521870;8.522370;0
20210329 131900;8.523090;8.525970;8.523090;8.525760;0
20210329 132000;8.525780;8.526670;8.525260;8.525600;0
20210329 132100;8.525790;8.526180;8.525290;8.525940;0
20210329 132200;8.525820;8.527580;8.525800;8.526850;0
20210329 132300;8.526720;8.526720;8.525710;8.526300;0
20210329 132400;8.526480;8.526650;8.525070;8.526370;0
20210329 132500;8.526370;8.527620;8.526160;8.526720;0
20210329 132600;8.526730;8.530320;8.526710;8.529080;0
20210329 132700;8.529000;8.530800;8.529000;8.530800;0
20210329 132800;8.530680;8.531080;8.530240;8.530860;0
20210329 132900;8.530810;8.531240;8.530730;8.531240;0
20210329 133000;8.531380;8.531890;8.531120;8.531840;0
20210329 133100;8.531960;8.532130;8.531390;8.531630;0
20210329 133200;8.531630;8.531780;8.524390;8.526750;0
20210329 133300;8.526900;8.527380;8.524210;8.525350;0
20210329 133400;8.525330;8.525330;8.523970;8.523970;0
20210329 133500;8.524130;8.525550;8.523990;8.524600;0
20210329 133600;8.524730;8.525690;8.524730;8.525340;0
20210329 133700;8.525250;8.525790;8.525120;8.525630;0
20210329 133800;8.525490;8.526060;8.525390;8.526060;0
20210329 133900;8.526120;8.528190;8.526120;8.526850;0
20210329 134000;8.526650;8.527450;8.526500;8.527210;0
20210329 134100;8.527210;8.527220;8.526120;8.526130;0
20210329 134200;8.526140;8.526570;8.525770;8.525890;0
20210329 134300;8.525880;8.526020;8.525530;8.525820;0
20210329 134400;8.525820;8.526420;8.525560;8.526130;0
20210329 134500;8.526130;8.526670;8.525830;8.526090;0
20210329 134600;8.526080;8.526150;8.525020;8.525200;0
20210329 134700;8.525200;8.525420;8.525140;8.525280;0
20210329 134800;8.525250;8.526230;8.525250;8.525880;0
20210329 134900;8.525880;8.526170;8.525580;8.526030;0
20210329 135000;8.525930;8.527070;8.525850;8.526230;0
20210329 135100;8.526120;8.526780;8.526120;8.526590;0
20210329 135200;8.526590;8.527030;8.525890;8.525960;0
20210329 135300;8.525970;8.526560;8.525620;8.526560;0
20210329 135400;8.526520;8.530980;8.526520;8.527580;0
20210329 135500;8.527780;8.529620;8.527780;8.529240;0
20210329 135600;8.529250;8.529650;8.528750;8.529610;0
20210329 135700;8.529600;8.532570;8.526580;8.530400;0
20210329 135800;8.530390;8.532690;8.530140;8.532540;0
20210329 135900;8.532750;8.533390;8.532630;8.533270;0
20210329 140000;8.533350;8.534220;8.533100;8.534090;0
20210329 140100;8.534100;8.534540;8.533420;8.534190;0
20210329 140200;8.534120;8.534120;8.531740;8.531970;0
20210329 140300;8.531840;8.532400;8.531840;8.532400;0
20210329 140400;8.532470;8.535400;8.532380;8.534390;0
20210329 140500;8.534380;8.534390;8.534000;8.534350;0
20210329 140600;8.534350;8.536270;8.534350;8.536270;0
20210329 140700;8.536400;8.536540;8.535700;8.535960;0
20210329 140800;8.535950;8.535950;8.531940;8.532790;0
20210329 140900;8.532800;8.533830;8.532790;8.533250;0
20210329 141000;8.533250;8.534320;8.533250;8.534030;0
20210329 141100;8.533790;8.533790;8.533170;8.533170;0
20210329 141200;8.533170;8.534160;8.532880;8.533830;0
20210329 141300;8.533820;8.534280;8.533100;8.533120;0
20210329 141400;8.533100;8.533330;8.532770;8.532860;0
20210329 141500;8.532990;8.534700;8.532990;8.534120;0
20210329 141600;8.534080;8.536240;8.534080;8.536090;0
20210329 141700;8.536090;8.536170;8.535750;8.535750;0
20210329 141800;8.535520;8.537180;8.535360;8.535810;0
20210329 141900;8.535880;8.536310;8.535880;8.536120;0
20210329 142000;8.536370;8.537520;8.534510;8.536980;0
20210329 142100;8.537010;8.537430;8.536640;8.537270;0
20210329 142200;8.537290;8.537820;8.536770;8.537580;0
20210329 142300;8.537480;8.537480;8.536950;8.537460;0
20210329 142400;8.537620;8.538130;8.537540;8.537840;0
20210329 142500;8.537820;8.540380;8.537400;8.540240;0
20210329 142600;8.539200;8.540340;8.536780;8.536860;0
20210329 142700;8.536710;8.537480;8.536710;8.537480;0
20210329 142800;8.537370;8.538050;8.537220;8.537660;0
20210329 142900;8.537520;8.538240;8.537520;8.538240;0
20210329 143000;8.538390;8.541450;8.538380;8.540440;0
20210329 143100;8.540430;8.542600;8.540360;8.541670;0
20210329 143200;8.541880;8.544180;8.541580;8.543520;0
20210329 143300;8.543540;8.544720;8.543400;8.544240;0
20210329 143400;8.544240;8.546200;8.544080;8.545390;0
20210329 143500;8.545610;8.548210;8.545380;8.546460;0
20210329 143600;8.546310;8.547040;8.544820;8.546830;0
20210329 143700;8.546840;8.547230;8.546010;8.547020;0
20210329 143800;8.547240;8.547300;8.545600;8.546170;0
20210329 143900;8.546150;8.546950;8.545920;8.546470;0
20210329 144000;8.546310;8.546510;8.546170;8.546170;0
20210329 144100;8.546100;8.546190;8.545850;8.546010;0
20210329 144200;8.545920;8.546140;8.541330;8.542020;0
20210329 144300;8.542070;8.543380;8.542070;8.543380;0
20210329 144400;8.543620;8.545230;8.543620;8.545180;0
20210329 144500;8.545180;8.545180;8.545010;8.545130;0
20210329 144600;8.545030;8.545230;8.544840;8.544910;0
20210329 144700;8.544910;8.544910;8.541570;8.541880;0
20210329 144800;8.541920;8.542260;8.541730;8.541730;0
20210329 144900;8.542180;8.544270;8.541700;8.544060;0
20210329 145000;8.544080;8.545920;8.544000;8.545680;0
20210329 145100;8.545680;8.545720;8.545120;8.545290;0
20210329 145200;8.545290;8.545720;8.545220;8.545720;0
20210329 145300;8.545730;8.547790;8.545720;8.547630;0
20210329 145400;8.547630;8.547810;8.546340;8.546700;0
20210329 145500;8.546700;8.551710;8.546400;8.549720;0
20210329 145600;8.549720;8.550000;8.549600;8.549990;0
20210329 145700;8.549990;8.550300;8.549550;8.549700;0
20210329 145800;8.549700;8.549710;8.549160;8.549240;0
20210329 145900;8.549370;8.551700;8.548640;8.550700;0
20210329 150000;8.550550;8.550550;8.542280;8.544230;0
20210329 150100;8.544240;8.544240;8.542140;8.542220;0
20210329 150200;8.542190;8.544820;8.542170;8.542490;0
20210329 150300;8.542430;8.543980;8.542430;8.543670;0
20210329 150400;8.543560;8.543560;8.542550;8.542770;0
20210329 150500;8.542800;8.543270;8.542520;8.542870;0
20210329 150600;8.542680;8.543390;8.542680;8.543390;0
20210329 150700;8.543250;8.544100;8.543080;8.543940;0
20210329 150800;8.543860;8.543860;8.543150;8.543150;0
20210329 150900;8.543150;8.543210;8.543060;8.543060;0
20210329 151000;8.543080;8.544370;8.543080;8.543560;0
20210329 151100;8.543430;8.543580;8.543280;8.543290;0
20210329 151200;8.543110;8.543110;8.542080;8.542240;0
20210329 151300;8.542250;8.542420;8.542130;8.542190;0
20210329 151400;8.542210;8.542670;8.542210;8.542630;0
20210329 151500;8.542490;8.542490;8.541900;8.542140;0
20210329 151600;8.542070;8.542140;8.541760;8.541990;0
20210329 151700;8.541880;8.541950;8.541440;8.541560;0
20210329 151800;8.541540;8.541770;8.541320;8.541760;0
20210329 151900;8.541630;8.542570;8.541610;8.542570;0
20210329 152000;8.542570;8.542960;8.542570;8.542820;0
20210329 152100;8.542960;8.543380;8.542960;8.543100;0
20210329 152200;8.542980;8.543070;8.542200;8.543070;0
20210329 152300;8.542780;8.543290;8.542560;8.543150;0
20210329 152400;8.543220;8.543480;8.543200;8.543270;0
20210329 152500;8.543250;8.543670;8.543180;8.543670;0
20210329 152600;8.543740;8.544640;8.543740;8.544350;0
20210329 152700;8.544500;8.546030;8.544500;8.546030;0
20210329 152800;8.546390;8.546600;8.545390;8.545630;0
20210329 152900;8.545360;8.545630;8.544970;8.545010;0
20210329 153000;8.544940;8.545230;8.544940;8.545230;0
20210329 153100;8.545380;8.545380;8.544790;8.544840;0
20210329 153200;8.544690;8.544860;8.544410;8.544860;0
20210329 153300;8.544780;8.545170;8.544780;8.545170;0
20210329 153400;8.545230;8.545230;8.545020;8.545020;0
20210329 153500;8.545030;8.545030;8.539100;8.541340;0
20210329 153600;8.541360;8.542230;8.541260;8.541940;0
20210329 153700;8.542030;8.542530;8.541810;8.541820;0
20210329 153800;8.541770;8.541770;8.541030;8.541030;0
20210329 153900;8.541000;8.541000;8.540260;8.540420;0
20210329 154000;8.540540;8.540770;8.540490;8.540570;0
20210329 154100;8.540550;8.541360;8.540360;8.541040;0
20210329 154200;8.540890;8.541800;8.540330;8.541710;0
20210329 154300;8.541710;8.544590;8.541710;8.544590;0
20210329 154400;8.544410;8.547190;8.544200;8.546990;0
20210329 154500;8.547080;8.547360;8.546970;8.547270;0
20210329 154600;8.547200;8.548980;8.544770;8.545000;0
20210329 154700;8.545150;8.546020;8.544940;8.545370;0
20210329 154800;8.545370;8.545480;8.544990;8.545460;0
20210329 154900;8.545640;8.552450;8.543180;8.547410;0
20210329 155000;8.547500;8.547950;8.546630;8.546980;0
20210329 155100;8.546990;8.547360;8.546980;8.547280;0
20210329 155200;8.547440;8.549230;8.547440;8.549200;0
20210329 155300;8.549120;8.549260;8.549120;8.549260;0
20210329 155400;8.549280;8.549540;8.548670;8.548900;0
20210329 155500;8.548900;8.549330;8.547500;8.547500;0
20210329 155600;8.547280;8.547370;8.546150;8.546460;0
20210329 155700;8.546670;8.547200;8.546670;8.546910;0
20210329 155800;8.547080;8.547220;8.546250;8.546910;0
20210329 155900;8.547050;8.548150;8.546290;8.546600;0
20210329 160000;8.546600;8.547880;8.546000;8.547740;0
20210329 160100;8.547730;8.547730;8.547530;8.547600;0
20210329 160200;8.547640;8.551570;8.546350;8.551380;0
20210329 160300;8.551260;8.551260;8.550370;8.550810;0
20210329 160400;8.550880;8.550880;8.550800;8.550870;0
20210329 160500;8.550720;8.550870;8.550590;8.550650;0
20210329 160600;8.550720;8.550720;8.550650;8.550720;0
20210329 160700;8.550650;8.550650;8.550580;8.550580;0
20210329 160900;8.550800;8.550800;8.550570;8.550690;0
20210329 161000;8.550570;8.550570;8.544120;8.547210;0
20210329 161100;8.547060;8.547500;8.546920;8.547500;0
20210329 161200;8.547640;8.547790;8.547430;8.547430;0
20210329 161300;8.547570;8.547570;8.547120;8.547170;0
20210329 161400;8.547140;8.547140;8.547050;8.547130;0
20210329 161500;8.547270;8.547420;8.546840;8.547200;0
20210329 161700;8.547050;8.547050;8.546980;8.546980;0
20210329 161800;8.546920;8.546920;8.546690;8.546690;0
20210329 162000;8.546840;8.546980;8.546840;8.546980;0
20210329 162200;8.547060;8.547130;8.547060;8.547130;0
20210329 162300;8.547240;8.547240;8.547240;8.547240;0
20210329 162400;8.547240;8.547380;8.547010;8.547010;0
20210329 162500;8.546930;8.546930;8.545960;8.546100;0
20210329 162600;8.546080;8.546170;8.545810;8.546120;0
20210329 162700;8.546160;8.546160;8.545750;8.545800;0
20210329 162800;8.545820;8.546150;8.545480;8.545580;0
20210329 162900;8.545580;8.546250;8.545460;8.546060;0
20210329 163000;8.546360;8.550670;8.546360;8.550660;0
20210329 163100;8.550880;8.551180;8.550880;8.551120;0
20210329 163200;8.550680;8.550680;8.550560;8.550560;0
20210329 163300;8.550560;8.550630;8.550560;8.550630;0
20210329 163400;8.550640;8.550800;8.550640;8.550800;0
20210329 163500;8.550800;8.551080;8.550790;8.550990;0
20210329 163600;8.550990;8.551930;8.550060;8.551930;0
20210329 163700;8.551930;8.552180;8.546670;8.550550;0
20210329 163800;8.550550;8.551850;8.549850;8.550020;0
20210329 163900;8.550020;8.550260;8.550020;8.550250;0
20210329 164000;8.550250;8.550570;8.550250;8.550560;0
20210329 164100;8.550480;8.550480;8.550120;8.550130;0
20210329 164200;8.550120;8.550120;8.549610;8.549780;0
20210329 164300;8.549640;8.550120;8.549210;8.549210;0
20210329 164400;8.549380;8.549380;8.548760;8.548760;0
20210329 164500;8.548720;8.548830;8.548290;8.548390;0
20210329 164600;8.548450;8.548890;8.548400;8.548600;0
20210329 164700;8.548600;8.549100;8.548600;8.549070;0
20210329 164800;8.549070;8.549580;8.549070;8.549270;0
20210329 164900;8.549260;8.550570;8.549260;8.550340;0
20210329 165000;8.550340;8.550350;8.549600;8.549600;0
20210329 165100;8.549730;8.549730;8.549580;8.549670;0
20210329 165300;8.549540;8.549540;8.549390;8.549390;0
20210329 165400;8.549560;8.550050;8.549420;8.549680;0
20210329 165500;8.548750;8.549720;8.545560;8.547420;0
20210329 165600;8.547530;8.547530;8.546720;8.547160;0
20210329 165700;8.547480;8.547480;8.543900;8.547250;0
20210329 165800;8.547250;8.548120;8.544750;8.547820;0
20210329 165900;8.547630;8.548620;8.547320;8.548320;0
20210329 170000;8.548630;8.548630;8.539820;8.540320;0
20210329 170100;8.540120;8.540520;8.540120;8.540520;0
20210329 170200;8.540520;8.540520;8.539820;8.540120;0
20210329 170400;8.540420;8.541030;8.540420;8.541030;0
20210329 170500;8.540820;8.540830;8.539520;8.539520;0
20210329 170600;8.539320;8.539520;8.539320;8.539520;0
20210329 170700;8.539530;8.539530;8.539220;8.539220;0
20210329 170800;8.539230;8.539320;8.539220;8.539220;0
20210329 170900;8.539130;8.539330;8.539120;8.539330;0
20210329 171000;8.539530;8.539620;8.539520;8.539620;0
20210329 171100;8.539520;8.539520;8.539420;8.539420;0
20210329 171200;8.539520;8.539920;8.534120;8.539620;0
20210329 171300;8.539720;8.539720;8.539720;8.539720;0
20210329 171400;8.539620;8.539620;8.539620;8.539620;0
20210329 171500;8.540230;8.540230;8.539620;8.539820;0
20210329 171600;8.540330;8.540330;8.539830;8.539830;0
20210329 171700;8.539720;8.539720;8.539720;8.539720;0
20210329 172000;8.539620;8.539720;8.539620;8.539720;0
20210329 172500;8.539620;8.539620;8.539620;8.539620;0
20210329 172600;8.539730;8.539730;8.539730;8.539730;0
20210329 173000;8.539620;8.539620;8.539620;8.539620;0
20210329 173200;8.540720;8.540720;8.539630;8.539630;0
20210329 173300;8.540730;8.540730;8.539820;8.539820;0
20210329 173600;8.539730;8.539730;8.539730;8.539730;0
20210329 173900;8.539430;8.539430;8.539430;8.539430;0
20210329 174000;8.539420;8.539420;8.539420;8.539420;0
20210329 174500;8.539420;8.539420;8.539420;8.539420;0
20210329 174600;8.539520;8.539520;8.539520;8.539520;0
20210329 174700;8.539420;8.539420;8.539420;8.539420;0
20210329 174800;8.539320;8.539420;8.539320;8.539420;0
20210329 174900;8.540230;8.540620;8.540230;8.540620;0
20210329 175300;8.536920;8.539420;8.531930;8.539320;0
20210329 175500;8.539220;8.539220;8.539120;8.539120;0
20210329 175600;8.539320;8.540120;8.539320;8.540120;0
20210329 175700;8.539420;8.539820;8.539420;8.539620;0
20210329 175800;8.539830;8.539830;8.539830;8.539830;0
20210329 175900;8.540020;8.540430;8.539820;8.539820;0
20210329 180000;8.539820;8.541120;8.538720;8.539120;0
20210329 180100;8.539130;8.539370;8.538320;8.538820;0
20210329 180200;8.537920;8.539200;8.537520;8.538400;0
20210329 180300;8.537620;8.538880;8.537030;8.537590;0
20210329 180400;8.537220;8.538660;8.537220;8.537980;0
20210329 180500;8.536820;8.536820;8.536720;8.536720;0
20210329 180600;8.536820;8.538790;8.536430;8.536730;0
20210329 180700;8.537130;8.543820;8.535850;8.542730;0
20210329 180800;8.542920;8.543220;8.539980;8.541120;0
20210329 180900;8.541320;8.542120;8.538030;8.541020;0
20210329 181000;8.541120;8.542120;8.539720;8.541720;0
20210329 181100;8.541620;8.542850;8.537390;8.540720;0
20210329 181200;8.540520;8.541620;8.538420;8.539320;0
20210329 181300;8.539220;8.540320;8.537720;8.539320;0
20210329 181400;8.539520;8.540820;8.536880;8.539620;0
20210329 181500;8.539920;8.541020;8.537130;8.539320;0
20210329 181600;8.539820;8.540920;8.536700;8.540030;0
20210329 181700;8.540320;8.541570;8.537660;8.540220;0
20210329 181800;8.540320;8.541770;8.537940;8.539120;0
20210329 181900;8.539220;8.541880;8.536800;8.541880;0
20210329 182000;8.541880;8.542920;8.537430;8.539920;0
20210329 182100;8.540720;8.541230;8.539620;8.539720;0
20210329 182200;8.539820;8.542360;8.539220;8.539220;0
20210329 182300;8.539320;8.542740;8.538720;8.542680;0
20210329 182400;8.541660;8.542800;8.538730;8.539720;0
20210329 182500;8.539820;8.542600;8.539430;8.541120;0
20210329 182600;8.541410;8.542630;8.537940;8.541440;0
20210329 182700;8.541440;8.543230;8.539320;8.542680;0
20210329 182800;8.542910;8.543830;8.541700;8.543680;0
20210329 182900;8.543680;8.544190;8.542820;8.543550;0
20210329 183000;8.543650;8.545020;8.543320;8.544150;0
20210329 183100;8.544100;8.545080;8.543960;8.545050;0
20210329 183200;8.544180;8.545410;8.544040;8.545380;0
20210329 183300;8.545380;8.545390;8.539930;8.543320;0
20210329 183400;8.543320;8.545210;8.541130;8.541520;0
20210329 183500;8.540950;8.544930;8.540320;8.544900;0
20210329 183600;8.545050;8.545580;8.544490;8.545540;0
20210329 183700;8.545160;8.545720;8.544200;8.545490;0
20210329 183800;8.545560;8.545610;8.542100;8.545060;0
20210329 183900;8.545190;8.545740;8.540180;8.541430;0
20210329 184000;8.541220;8.545570;8.541020;8.545530;0
20210329 184100;8.545530;8.546360;8.544100;8.546360;0
20210329 184200;8.545880;8.546320;8.543090;8.545720;0
20210329 184300;8.545810;8.546080;8.543350;8.545760;0
20210329 184400;8.545850;8.546410;8.538500;8.543400;0
20210329 184500;8.543540;8.544480;8.542930;8.544030;0
20210329 184600;8.544160;8.544690;8.541320;8.544180;0
20210329 184700;8.543120;8.545030;8.542140;8.545030;0
20210329 184800;8.545030;8.545070;8.539900;8.543000;0
20210329 184900;8.543230;8.544300;8.542230;8.543720;0
20210329 185000;8.542720;8.544460;8.541760;8.542600;0
20210329 185100;8.542920;8.543620;8.539330;8.541820;0
20210329 185200;8.541720;8.545060;8.541620;8.544330;0
20210329 185300;8.544280;8.544430;8.541920;8.543880;0
20210329 185400;8.543880;8.544870;8.541820;8.544790;0
20210329 185500;8.544800;8.545820;8.543980;8.545380;0
20210329 185600;8.545380;8.545830;8.544590;8.545690;0
20210329 185700;8.545930;8.546180;8.544780;8.545830;0
20210329 185800;8.544620;8.544930;8.542750;8.544020;0
20210329 185900;8.544130;8.544620;8.542850;8.544020;0
20210329 190000;8.543720;8.544430;8.543630;8.544420;0
20210329 190100;8.544420;8.545130;8.544020;8.544630;0
20210329 190200;8.544830;8.545420;8.544420;8.544820;0
20210329 190300;8.544820;8.545530;8.544420;8.545120;0
20210329 190400;8.545120;8.545220;8.544220;8.544530;0
20210329 190500;8.544820;8.545230;8.544420;8.544520;0
20210329 190600;8.544530;8.545120;8.544220;8.544720;0
20210329 190700;8.544720;8.544930;8.544420;8.544920;0
20210329 190800;8.544620;8.544820;8.544020;8.544620;0
20210329 190900;8.544620;8.544730;8.544320;8.544520;0
20210329 191000;8.544620;8.546220;8.544620;8.545530;0
20210329 191100;8.545450;8.546190;8.545420;8.546190;0
20210329 191200;8.546410;8.546420;8.545370;8.546110;0
20210329 191300;8.545770;8.546250;8.544680;8.545810;0
20210329 191400;8.546000;8.546110;8.545030;8.545800;0
20210329 191500;8.546060;8.546090;8.543490;8.545110;0
20210329 191600;8.545290;8.545860;8.545090;8.545410;0
20210329 191700;8.545610;8.546280;8.545330;8.545620;0
20210329 191800;8.545620;8.546080;8.545060;8.545610;0
20210329 191900;8.545710;8.546100;8.543880;8.543880;0
20210329 192000;8.541450;8.543510;8.539090;8.543200;0
20210329 192100;8.543330;8.544270;8.543110;8.544040;0
20210329 192200;8.544030;8.544210;8.542890;8.543790;0
20210329 192300;8.543910;8.544730;8.543480;8.543910;0
20210329 192400;8.544250;8.544430;8.543420;8.544220;0
20210329 192500;8.544330;8.544470;8.543230;8.543520;0
20210329 192600;8.543670;8.543760;8.543190;8.543460;0
20210329 192700;8.543310;8.543820;8.543220;8.543650;0
20210329 192800;8.543600;8.544230;8.543240;8.543810;0
20210329 192900;8.543820;8.545480;8.540920;8.542920;0
20210329 193000;8.543020;8.545780;8.543020;8.545780;0
20210329 193100;8.545770;8.546280;8.545330;8.546070;0
20210329 193200;8.546070;8.546530;8.544470;8.545000;0
20210329 193300;8.545000;8.545960;8.544390;8.545950;0
20210329 193400;8.545950;8.546090;8.543730;8.544810;0
20210329 193500;8.544810;8.545980;8.544490;8.545160;0
20210329 193600;8.545460;8.546070;8.544650;8.545730;0
20210329 193700;8.545090;8.546280;8.544940;8.545640;0
20210329 193800;8.545910;8.546460;8.545120;8.545400;0
20210329 193900;8.545490;8.545970;8.540830;8.544100;0
20210329 194000;8.544100;8.545460;8.543190;8.545070;0
20210329 194100;8.545090;8.545120;8.544550;8.545110;0
20210329 194200;8.544760;8.545120;8.544410;8.544790;0
20210329 194300;8.544650;8.544980;8.544260;8.544720;0
20210329 194400;8.544650;8.546010;8.544510;8.546010;0
20210329 194500;8.545930;8.546270;8.545290;8.546120;0
20210329 194600;8.546240;8.546240;8.545160;8.545760;0
20210329 194700;8.545870;8.546180;8.545510;8.545910;0
20210329 194800;8.545790;8.545900;8.545220;8.545420;0
20210329 194900;8.545550;8.545770;8.544920;8.545600;0
20210329 195000;8.545380;8.545920;8.544930;8.545600;0
20210329 195100;8.545490;8.545570;8.545090;8.545420;0
20210329 195200;8.545270;8.545360;8.544540;8.545020;0
20210329 195300;8.545030;8.545070;8.544460;8.545030;0
20210329 195400;8.545050;8.545470;8.544490;8.545310;0
20210329 195500;8.545440;8.545700;8.544760;8.545650;0
20210329 195600;8.545660;8.547030;8.544840;8.546250;0
20210329 195700;8.545940;8.546450;8.545720;8.546330;0
20210329 195800;8.546450;8.546560;8.545770;8.546080;0
20210329 195900;8.546200;8.546200;8.545250;8.545610;0
20210329 200000;8.545610;8.546830;8.544520;8.545170;0
20210329 200100;8.545030;8.545030;8.544590;8.544830;0
20210329 200200;8.544980;8.544980;8.544510;8.544640;0
20210329 200300;8.544640;8.545160;8.544640;8.545160;0
20210329 200500;8.544870;8.544870;8.543450;8.543450;0
20210329 200600;8.543250;8.543450;8.542580;8.543450;0
20210329 200700;8.543530;8.544180;8.543530;8.544180;0
20210329 200800;8.544240;8.549120;8.544240;8.547650;0
20210329 200900;8.547860;8.548300;8.545830;8.546190;0
20210329 201000;8.546040;8.547120;8.544800;8.545050;0
20210329 201100;8.545180;8.545210;8.544960;8.545210;0
20210329 201200;8.545190;8.547370;8.545190;8.547370;0
20210329 201300;8.547520;8.547520;8.547010;8.547390;0
20210329 201400;8.547390;8.552120;8.547340;8.552120;0
20210329 201500;8.552190;8.552740;8.546540;8.550180;0
20210329 201600;8.550180;8.550790;8.549000;8.549670;0
20210329 201700;8.549670;8.549670;8.548300;8.548910;0
20210329 201800;8.549110;8.550340;8.545650;8.546060;0
20210329 201900;8.546360;8.549170;8.545760;8.548260;0
20210329 202000;8.548260;8.548760;8.545120;8.547300;0
20210329 202100;8.547040;8.548030;8.546400;8.548020;0
20210329 202200;8.548020;8.548660;8.547270;8.547270;0
20210329 202300;8.547460;8.548270;8.546430;8.548270;0
20210329 202400;8.548020;8.548660;8.547620;8.547680;0
20210329 202500;8.547680;8.549420;8.547210;8.549090;0
20210329 202600;8.548880;8.549920;8.548860;8.549920;0
20210329 202700;8.550150;8.551300;8.548920;8.551040;0
20210329 202800;8.551150;8.551150;8.549960;8.550820;0
20210329 202900;8.550970;8.551400;8.547300;8.549100;0
20210329 203000;8.549230;8.549830;8.548240;8.549660;0
20210329 203100;8.549680;8.550580;8.549430;8.550480;0
20210329 203200;8.550580;8.550590;8.547100;8.548060;0
20210329 203300;8.548350;8.549350;8.547930;8.548780;0
20210329 203400;8.549040;8.549890;8.546190;8.547250;0
20210329 203500;8.547530;8.547900;8.546210;8.547170;0
20210329 203600;8.546950;8.547430;8.546170;8.547240;0
20210329 203700;8.547250;8.548060;8.545420;8.547650;0
20210329 203800;8.547140;8.548500;8.545340;8.547850;0
20210329 203900;8.547750;8.547940;8.546420;8.547480;0
20210329 204000;8.547720;8.550830;8.547360;8.550820;0
20210329 204100;8.550690;8.550760;8.547650;8.548760;0
20210329 204200;8.548760;8.549640;8.548130;8.549640;0
20210329 204300;8.549640;8.550560;8.549640;8.550470;0
20210329 204400;8.550460;8.550760;8.549570;8.549870;0
20210329 204500;8.549730;8.549880;8.548820;8.549660;0
20210329 204600;8.549810;8.551360;8.549340;8.551360;0
20210329 204700;8.551500;8.554920;8.546710;8.551620;0
20210329 204800;8.551630;8.558740;8.550520;8.554700;0
20210329 204900;8.554700;8.555520;8.553970;8.555520;0
20210329 205000;8.555510;8.555560;8.554540;8.555320;0
20210329 205100;8.555320;8.555330;8.554460;8.554740;0
20210329 205200;8.554740;8.554770;8.553650;8.554270;0
20210329 205300;8.554270;8.554890;8.553970;8.554810;0
20210329 205400;8.554810;8.554820;8.553120;8.554650;0
20210329 205500;8.554650;8.554770;8.548010;8.550420;0
20210329 205600;8.550520;8.550520;8.548030;8.549290;0
20210329 205700;8.549300;8.552320;8.547960;8.550620;0
20210329 205800;8.550520;8.550740;8.549670;8.550320;0
20210329 205900;8.550220;8.551310;8.549620;8.550120;0
20210329 210000;8.549670;8.554980;8.548030;8.553670;0
20210329 210100;8.553670;8.554680;8.548530;8.552570;0
20210329 210200;8.553170;8.553320;8.546320;8.549210;0
20210329 210300;8.549400;8.552610;8.548580;8.551290;0
20210329 210400;8.551490;8.552120;8.547120;8.550970;0
20210329 210500;8.551040;8.553300;8.549370;8.552110;0
20210329 210600;8.552110;8.554810;8.550740;8.554080;0
20210329 210700;8.554350;8.555200;8.552560;8.553630;0
20210329 210800;8.554110;8.555670;8.553040;8.554590;0
20210329 210900;8.554650;8.554950;8.550860;8.554150;0
20210329 211000;8.554060;8.554830;8.549890;8.552670;0
20210329 211100;8.553070;8.553700;8.550050;8.552260;0
20210329 211200;8.551530;8.552660;8.548970;8.551550;0
20210329 211300;8.551700;8.553460;8.548550;8.553460;0
20210329 211400;8.553240;8.555410;8.553240;8.555190;0
20210329 211500;8.555190;8.555550;8.549020;8.551430;0
20210329 211600;8.551420;8.554600;8.551420;8.553800;0
20210329 211700;8.553800;8.555600;8.549410;8.552950;0
20210329 211800;8.552950;8.554950;8.549220;8.552060;0
20210329 211900;8.553020;8.555240;8.551230;8.553310;0
20210329 212000;8.553420;8.555780;8.551910;8.554470;0
20210329 212100;8.554700;8.555850;8.553270;8.553580;0
20210329 212200;8.553610;8.554690;8.550920;8.553360;0
20210329 212300;8.553680;8.554940;8.552040;8.553420;0
20210329 212400;8.553520;8.554530;8.549860;8.552250;0
20210329 212500;8.552580;8.553380;8.549390;8.553010;0
20210329 212600;8.553190;8.554680;8.551650;8.554450;0
20210329 212700;8.553770;8.554860;8.549320;8.553490;0
20210329 212800;8.553670;8.553710;8.548190;8.552310;0
20210329 212900;8.552550;8.553610;8.548720;8.551880;0
20210329 213000;8.552110;8.554340;8.550480;8.553800;0
20210329 213100;8.554070;8.554650;8.550640;8.553210;0
20210329 213200;8.553280;8.554330;8.550860;8.552580;0
20210329 213300;8.552580;8.555930;8.552370;8.555680;0
20210329 213400;8.555820;8.555990;8.549530;8.551930;0
20210329 213500;8.551920;8.553840;8.550820;8.552650;0
20210329 213600;8.552500;8.554160;8.549720;8.554080;0
20210329 213700;8.553810;8.555120;8.552680;8.554970;0
20210329 213800;8.554700;8.555090;8.550970;8.551520;0
20210329 213900;8.551230;8.555410;8.551230;8.553890;0
20210329 214000;8.554270;8.554270;8.549420;8.551760;0
20210329 214100;8.551870;8.554210;8.551280;8.554210;0
20210329 214200;8.554120;8.554490;8.549180;8.551430;0
20210329 214300;8.551840;8.553420;8.549580;8.553420;0
20210329 214400;8.552640;8.553350;8.547920;8.552700;0
20210329 214500;8.551940;8.551940;8.544520;8.550800;0
20210329 214600;8.550940;8.552340;8.549350;8.551840;0
20210329 214700;8.551960;8.552510;8.551250;8.552210;0
20210329 214800;8.552060;8.552730;8.545240;8.549680;0
20210329 214900;8.550010;8.551490;8.549820;8.551340;0
20210329 215000;8.550570;8.551670;8.546220;8.549040;0
20210329 215100;8.549040;8.551180;8.548060;8.551030;0
20210329 215200;8.551190;8.551950;8.549240;8.551920;0
20210329 215300;8.551660;8.552250;8.549800;8.551250;0
20210329 215400;8.551390;8.551390;8.542520;8.545420;0
20210329 215500;8.545210;8.545740;8.544750;8.545360;0
20210329 215600;8.544680;8.545190;8.543290;8.544400;0
20210329 215700;8.543930;8.544780;8.542980;8.543580;0
20210329 215800;8.543740;8.544600;8.543490;8.544430;0
20210329 215900;8.544660;8.545130;8.544030;8.544890;0
20210329 220000;8.545190;8.547300;8.545190;8.546780;0
20210329 220100;8.546980;8.548090;8.546420;8.547820;0
20210329 220200;8.547820;8.548120;8.547180;8.547650;0
20210329 220300;8.547580;8.547580;8.546270;8.547110;0
20210329 220400;8.547180;8.547370;8.546500;8.546980;0
20210329 220500;8.546910;8.547030;8.546330;8.546860;0
20210329 220600;8.546940;8.547740;8.546710;8.547180;0
20210329 220700;8.547080;8.547700;8.546870;8.547450;0
20210329 220800;8.547520;8.547870;8.543840;8.547480;0
20210329 220900;8.547600;8.548310;8.547410;8.548180;0
20210329 221000;8.548330;8.548540;8.547760;8.548450;0
20210329 221100;8.548310;8.549480;8.548120;8.549410;0
20210329 221200;8.549270;8.549660;8.549020;8.549110;0
20210329 221300;8.549110;8.549110;8.541520;8.547370;0
20210329 221400;8.547370;8.547640;8.546200;8.547640;0
20210329 221500;8.547400;8.547980;8.546870;8.547860;0
20210329 221600;8.547750;8.548310;8.547120;8.548310;0
20210329 221700;8.548400;8.548400;8.547300;8.547700;0
20210329 221800;8.547580;8.547750;8.543420;8.547500;0
20210329 221900;8.547390;8.547550;8.546990;8.547260;0
20210329 222000;8.547250;8.547250;8.540880;8.544840;0
20210329 222100;8.544680;8.544680;8.539320;8.543980;0
20210329 222200;8.544080;8.546310;8.543800;8.545740;0
20210329 222300;8.545740;8.546310;8.544350;8.545410;0
20210329 222400;8.545600;8.545980;8.543700;8.545690;0
20210329 222500;8.545690;8.545710;8.543800;8.544380;0
20210329 222600;8.544380;8.544790;8.538430;8.541130;0
20210329 222700;8.541010;8.543980;8.539220;8.542100;0
20210329 222800;8.542030;8.544150;8.539620;8.539700;0
20210329 222900;8.540620;8.544020;8.539480;8.542190;0
20210329 223000;8.542460;8.543280;8.538990;8.541700;0
20210329 223100;8.541730;8.543360;8.538930;8.541210;0
20210329 223200;8.541230;8.543930;8.540890;8.543930;0
20210329 223300;8.543930;8.544290;8.539020;8.541850;0
20210329 223400;8.541860;8.543620;8.540560;8.541780;0
20210329 223500;8.541770;8.543970;8.540460;8.543030;0
20210329 223600;8.542990;8.545500;8.542770;8.545260;0
20210329 223700;8.545370;8.546110;8.541620;8.543990;0
20210329 223800;8.544270;8.545090;8.542010;8.543740;0
20210329 223900;8.544010;8.545310;8.542720;8.543730;0
20210329 224000;8.543730;8.544580;8.540950;8.543460;0
20210329 224100;8.543450;8.544720;8.539120;8.540370;0
20210329 224200;8.540880;8.544280;8.540420;8.544080;0
20210329 224300;8.544280;8.545750;8.543070;8.545230;0
20210329 224400;8.545350;8.545660;8.543270;8.544990;0
20210329 224500;8.545030;8.545210;8.537520;8.541700;0
20210329 224600;8.541850;8.542080;8.539920;8.541380;0
20210329 224700;8.541380;8.541940;8.540610;8.541030;0
20210329 224800;8.541100;8.543370;8.540620;8.543370;0
20210329 224900;8.543560;8.543610;8.542660;8.542810;0
20210329 225000;8.542760;8.543440;8.542600;8.542600;0
20210329 225100;8.542780;8.544510;8.542510;8.544290;0
20210329 225200;8.544300;8.545130;8.542700;8.544670;0
20210329 225300;8.544820;8.545890;8.544320;8.545690;0
20210329 225400;8.545840;8.545860;8.544750;8.545180;0
20210329 225500;8.545090;8.545410;8.544620;8.545290;0
20210329 225600;8.545400;8.546170;8.545140;8.545790;0
20210329 225700;8.545970;8.550210;8.545760;8.550210;0
20210329 225800;8.549600;8.552050;8.549310;8.551810;0
20210329 225900;8.551960;8.552510;8.551440;8.551680;0
20210329 230000;8.551850;8.552760;8.550250;8.551130;0
20210329 230100;8.550740;8.552440;8.550190;8.552090;0
20210329 230200;8.552080;8.557020;8.551480;8.551480;0
20210329 230300;8.551330;8.551330;8.547120;8.548270;0
20210329 230400;8.548460;8.549750;8.548210;8.549630;0
20210329 230500;8.549720;8.550450;8.548610;8.549650;0
20210329 230600;8.549420;8.549420;8.547950;8.547980;0
20210329 230700;8.547920;8.549130;8.547630;8.548500;0
20210329 230800;8.548480;8.549740;8.548420;8.549530;0
20210329 230900;8.549360;8.549770;8.548360;8.548610;0
20210329 231000;8.548770;8.548770;8.548290;8.548330;0
20210329 231100;8.548380;8.548490;8.547050;8.547650;0
20210329 231200;8.547640;8.547920;8.547380;8.547620;0
20210329 231300;8.547610;8.548380;8.547470;8.547930;0
20210329 231400;8.547940;8.548260;8.547500;8.547680;0
20210329 231500;8.547630;8.548080;8.546920;8.546940;0
20210329 231600;8.546850;8.547250;8.546740;8.546900;0
20210329 231700;8.547000;8.547690;8.546720;8.546890;0
20210329 231800;8.546950;8.547560;8.539250;8.540970;0
20210329 231900;8.540940;8.542430;8.540940;8.541300;0
20210329 232000;8.541230;8.542640;8.541040;8.542550;0
20210329 232100;8.542600;8.542650;8.541780;8.542120;0
20210329 232200;8.542360;8.542420;8.541750;8.542050;0
20210329 232300;8.541870;8.543120;8.541690;8.542570;0
20210329 232400;8.542910;8.543760;8.542470;8.543140;0
20210329 232500;8.543340;8.544280;8.543130;8.543690;0
20210329 232600;8.543630;8.545480;8.543630;8.545330;0
20210329 232700;8.545210;8.546600;8.544560;8.545150;0
20210329 232800;8.544990;8.545040;8.543600;8.544250;0
20210329 232900;8.544410;8.546530;8.544220;8.545090;0
20210329 233000;8.544590;8.546250;8.542700;8.545780;0
20210329 233100;8.545810;8.546100;8.543470;8.544690;0
20210329 233200;8.544850;8.545060;8.541550;8.542040;0
20210329 233300;8.542030;8.542770;8.541280;8.542640;0
20210329 233400;8.542920;8.543510;8.541540;8.541980;0
20210329 233500;8.541990;8.542430;8.540860;8.542150;0
20210329 233600;8.542050;8.542360;8.540920;8.541550;0
20210329 233700;8.541750;8.543310;8.541380;8.542680;0
20210329 233800;8.542940;8.543830;8.541300;8.541830;0
20210329 233900;8.541940;8.542720;8.541110;8.541560;0
20210329 234000;8.541560;8.542410;8.540930;8.541870;0
20210329 234100;8.541700;8.542410;8.541070;8.541930;0
20210329 234200;8.542100;8.542580;8.541110;8.542580;0
20210329 234300;8.542580;8.543170;8.541430;8.541710;0
20210329 234400;8.541880;8.542450;8.540970;8.541700;0
20210329 234500;8.541940;8.542620;8.540640;8.542000;0
20210329 234600;8.541780;8.542710;8.541480;8.542550;0
20210329 234700;8.542460;8.543370;8.541640;8.542740;0
20210329 234800;8.543090;8.543350;8.541570;8.542850;0
20210329 234900;8.542600;8.543300;8.542220;8.542850;0
20210329 235000;8.542930;8.543580;8.541980;8.543180;0
20210329 235100;8.543080;8.543490;8.542120;8.542270;0
20210329 235200;8.542530;8.543120;8.542180;8.542930;0
20210329 235300;8.542810;8.543720;8.542220;8.542970;0
20210329 235400;8.543120;8.543680;8.541930;8.542940;0
20210329 235500;8.543030;8.543730;8.542550;8.542640;0
20210329 235600;8.543020;8.543640;8.541580;8.542160;0
20210329 235700;8.542080;8.544500;8.542080;8.543650;0
20210329 235800;8.543400;8.544250;8.543090;8.543820;0
20210329 235900;8.543660;8.544640;8.543120;8.543410;0
20210330 000000;8.543430;8.544200;8.541640;8.544060;0
20210330 000100;8.544220;8.545070;8.542880;8.544330;0
20210330 000200;8.544480;8.545050;8.543930;8.544620;0
20210330 000300;8.544850;8.544920;8.543770;8.544030;0
20210330 000400;8.544360;8.545470;8.543240;8.544490;0
20210330 000500;8.544500;8.545600;8.543710;8.544650;0
20210330 000600;8.544660;8.545790;8.543260;8.544860;0
20210330 000700;8.544740;8.546710;8.544740;8.545650;0
20210330 000800;8.545730;8.546460;8.544820;8.545310;0
20210330 000900;8.544970;8.547090;8.544970;8.545910;0
20210330 001000;8.546090;8.547310;8.545900;8.547200;0
20210330 001100;8.547340;8.547730;8.545070;8.546850;0
20210330 001200;8.547050;8.548510;8.546090;8.546680;0
20210330 001300;8.546980;8.548360;8.546930;8.547990;0
20210330 001400;8.547880;8.548810;8.545440;8.548360;0
20210330 001500;8.548360;8.548500;8.545960;8.548230;0
20210330 001600;8.548230;8.549190;8.546480;8.548390;0
20210330 001700;8.548470;8.551450;8.547820;8.550680;0
20210330 001800;8.550680;8.551340;8.549310;8.551250;0
20210330 001900;8.551020;8.551130;8.549020;8.550110;0
20210330 002000;8.550260;8.550970;8.548120;8.549600;0
20210330 002100;8.549700;8.550680;8.547640;8.550680;0
20210330 002200;8.550850;8.551360;8.548540;8.549840;0
20210330 002300;8.549530;8.549530;8.547510;8.547510;0
20210330 002400;8.547640;8.548070;8.547280;8.547860;0
20210330 002500;8.548200;8.549580;8.547930;8.549260;0
20210330 002600;8.549410;8.550000;8.548600;8.549360;0
20210330 002700;8.549310;8.550310;8.548180;8.550260;0
20210330 002800;8.550310;8.550500;8.550010;8.550390;0
20210330 002900;8.550490;8.550710;8.549620;8.550540;0
20210330 003000;8.550420;8.550580;8.548870;8.549370;0
20210330 003100;8.549200;8.549400;8.548830;8.549300;0
20210330 003200;8.549540;8.551430;8.548130;8.551110;0
20210330 003300;8.551310;8.551940;8.550850;8.551130;0
20210330 003400;8.551020;8.551320;8.549160;8.549360;0
20210330 003500;8.549360;8.549450;8.548520;8.548990;0
20210330 003600;8.549170;8.549170;8.546940;8.547220;0
20210330 003700;8.547220;8.547550;8.546430;8.547330;0
20210330 003800;8.547330;8.548100;8.547020;8.547270;0
20210330 003900;8.547230;8.548000;8.546040;8.547060;0
20210330 004000;8.547270;8.547910;8.546750;8.547790;0
20210330 004100;8.548010;8.549240;8.545530;8.545530;0
20210330 004200;8.545640;8.546410;8.544760;8.546260;0
20210330 004300;8.546340;8.547570;8.544290;8.544500;0
20210330 004400;8.544620;8.544910;8.543680;8.544560;0
20210330 004500;8.544770;8.545550;8.543370;8.543790;0
20210330 004600;8.543540;8.544950;8.542990;8.544950;0
20210330 004700;8.545180;8.548060;8.545070;8.548020;0
20210330 004800;8.547910;8.549300;8.546370;8.549260;0
20210330 004900;8.549350;8.549380;8.545350;8.545630;0
20210330 005000;8.545630;8.548160;8.544090;8.545170;0
20210330 005100;8.545390;8.547420;8.545220;8.546710;0
20210330 005200;8.546870;8.547160;8.545530;8.546650;0
20210330 005300;8.546380;8.547410;8.544200;8.544660;0
20210330 005400;8.544460;8.546350;8.544000;8.545910;0
20210330 005500;8.546110;8.546940;8.545500;8.546800;0
20210330 005600;8.546870;8.547750;8.546680;8.547540;0
20210330 005700;8.547740;8.548230;8.546220;8.547550;0
20210330 005800;8.547720;8.548300;8.547650;8.548270;0
20210330 005900;8.547560;8.548940;8.546960;8.547960;0
20210330 010000;8.548150;8.548840;8.547770;8.548170;0
20210330 010100;8.548180;8.548180;8.547610;8.547800;0
20210330 010200;8.547620;8.548530;8.547620;8.547770;0
20210330 010300;8.547580;8.548060;8.546630;8.547920;0
20210330 010400;8.547740;8.547740;8.546490;8.546710;0
20210330 010500;8.546960;8.547970;8.546500;8.547970;0
20210330 010600;8.547750;8.548640;8.547750;8.548280;0
20210330 010700;8.548200;8.548800;8.547890;8.548800;0
20210330 010800;8.549120;8.549570;8.549030;8.549220;0
20210330 010900;8.549340;8.549340;8.548670;8.548930;0
20210330 011000;8.549140;8.549140;8.548210;8.548700;0
20210330 011100;8.548890;8.550410;8.547920;8.549030;0
20210330 011200;8.549250;8.549760;8.549220;8.549690;0
20210330 011300;8.549920;8.550390;8.549350;8.549600;0
20210330 011400;8.549430;8.549530;8.548720;8.548920;0
20210330 011500;8.548720;8.548830;8.548420;8.548520;0
20210330 011600;8.548520;8.551830;8.548520;8.551410;0
20210330 011700;8.551300;8.551350;8.550260;8.551050;0
20210330 011800;8.550890;8.550910;8.550140;8.550700;0
20210330 011900;8.550570;8.550570;8.549070;8.549480;0
20210330 012000;8.548960;8.550820;8.548960;8.550570;0
20210330 012100;8.551100;8.551440;8.550590;8.551190;0
20210330 012200;8.551560;8.552670;8.551560;8.552520;0
20210330 012300;8.552510;8.553390;8.552220;8.553390;0
20210330 012400;8.553380;8.553990;8.553290;8.553470;0
20210330 012500;8.553630;8.553880;8.551650;8.551650;0
20210330 012600;8.551460;8.551460;8.549540;8.550400;0
20210330 012700;8.550620;8.550620;8.550500;8.550500;0
20210330 012800;8.550610;8.550610;8.549560;8.549640;0
20210330 012900;8.549660;8.549860;8.549070;8.549220;0
20210330 013000;8.549440;8.549820;8.549200;8.549410;0
20210330 013100;8.549200;8.549200;8.548230;8.548400;0
20210330 013200;8.548590;8.548590;8.548440;8.548440;0
20210330 013300;8.548590;8.549090;8.548170;8.548320;0
20210330 013400;8.548420;8.548480;8.547110;8.547280;0
20210330 013500;8.547140;8.547140;8.546630;8.546700;0
20210330 013600;8.546650;8.548210;8.546350;8.547850;0
20210330 013700;8.547930;8.548050;8.547580;8.547990;0
20210330 013800;8.548060;8.548120;8.547490;8.547620;0
20210330 013900;8.547520;8.547620;8.547330;8.547330;0
20210330 014000;8.547620;8.548030;8.547620;8.547800;0
20210330 014100;8.547800;8.550190;8.547420;8.549500;0
20210330 014200;8.549630;8.549810;8.549280;8.549680;0
20210330 014300;8.549950;8.551000;8.549950;8.550610;0
20210330 014400;8.550400;8.552130;8.550400;8.551910;0
20210330 014500;8.551910;8.552360;8.551510;8.551510;0
20210330 014600;8.551050;8.553850;8.551050;8.553850;0
20210330 014700;8.554000;8.554820;8.554000;8.554210;0
20210330 014800;8.554280;8.555820;8.554020;8.555480;0
20210330 014900;8.555480;8.556520;8.555480;8.556400;0
20210330 015000;8.556400;8.556400;8.555310;8.555310;0
20210330 015100;8.555100;8.555100;8.554550;8.555000;0
20210330 015200;8.555220;8.555670;8.555220;8.555530;0
20210330 015300;8.555570;8.556020;8.555210;8.556020;0
20210330 015400;8.556440;8.556440;8.556050;8.556340;0
20210330 015500;8.556120;8.557780;8.556040;8.557260;0
20210330 015600;8.557260;8.557500;8.556450;8.556450;0
20210330 015700;8.556450;8.556530;8.555580;8.556020;0
20210330 015800;8.556110;8.556390;8.555710;8.555740;0
20210330 015900;8.555900;8.557900;8.547900;8.550860;0
20210330 020000;8.551590;8.551740;8.547200;8.549650;0
20210330 020100;8.549650;8.551690;8.549050;8.550200;0
20210330 020200;8.550210;8.554130;8.549820;8.552810;0
20210330 020300;8.552910;8.553020;8.551030;8.551210;0
20210330 020400;8.551150;8.551150;8.548780;8.549800;0
20210330 020500;8.549890;8.554010;8.549890;8.553770;0
20210330 020600;8.553610;8.554180;8.552470;8.552690;0
20210330 020700;8.552650;8.553050;8.551410;8.552980;0
20210330 020800;8.552980;8.553540;8.551280;8.551430;0
20210330 020900;8.551440;8.552060;8.551070;8.551080;0
20210330 021000;8.551070;8.551310;8.549540;8.550170;0
20210330 021100;8.550170;8.552190;8.549650;8.552190;0
20210330 021200;8.551970;8.551970;8.549490;8.549490;0
20210330 021300;8.549400;8.549460;8.547870;8.548910;0
20210330 021400;8.548920;8.548920;8.544960;8.545350;0
20210330 021500;8.544950;8.545250;8.543770;8.543950;0
20210330 021600;8.543960;8.547230;8.543500;8.547230;0
20210330 021700;8.547330;8.547470;8.545110;8.545750;0
20210330 021800;8.545540;8.546360;8.542720;8.544330;0
20210330 021900;8.544440;8.546800;8.541810;8.545010;0
20210330 022000;8.545120;8.545120;8.543080;8.544280;0
20210330 022100;8.544270;8.545300;8.544090;8.544160;0
20210330 022200;8.544200;8.545580;8.543280;8.545580;0
20210330 022300;8.545170;8.546470;8.544440;8.546070;0
20210330 022400;8.546120;8.549580;8.546040;8.549530;0
20210330 022500;8.549530;8.550320;8.549350;8.549720;0
20210330 022600;8.549740;8.550570;8.549440;8.550120;0
20210330 022700;8.550130;8.550560;8.549560;8.550560;0
20210330 022800;8.550620;8.555350;8.550250;8.554030;0
20210330 022900;8.554030;8.554970;8.552660;8.553080;0
20210330 023000;8.553130;8.553260;8.549390;8.551360;0
20210330 023100;8.551370;8.552190;8.549840;8.549900;0
20210330 023200;8.549750;8.553890;8.545700;8.553820;0
20210330 023300;8.553810;8.553810;8.547510;8.553030;0
20210330 023400;8.553050;8.557060;8.548340;8.554620;0
20210330 023500;8.554480;8.554480;8.550150;8.550510;0
20210330 023600;8.550440;8.553030;8.548810;8.551150;0
20210330 023700;8.551140;8.551140;8.545240;8.550150;0
20210330 023800;8.550150;8.550870;8.547440;8.548980;0
20210330 023900;8.548990;8.551490;8.547880;8.551490;0
20210330 024000;8.551210;8.556740;8.549110;8.555190;0
20210330 024100;8.555110;8.557670;8.554060;8.557420;0
20210330 024200;8.557400;8.559300;8.555810;8.556850;0
20210330 024300;8.556900;8.556950;8.555580;8.555730;0
20210330 024400;8.555690;8.556100;8.550540;8.552380;0
20210330 024500;8.552480;8.557520;8.551690;8.556450;0
20210330 024600;8.556310;8.564340;8.552690;8.559650;0
20210330 024700;8.559450;8.561020;8.555990;8.560030;0
20210330 024800;8.560040;8.560040;8.555790;8.559480;0
20210330 024900;8.559520;8.559590;8.555610;8.559240;0
20210330 025000;8.559540;8.560610;8.556950;8.557820;0
20210330 025100;8.558090;8.559280;8.554590;8.558820;0
20210330 025200;8.559000;8.560100;8.558500;8.559080;0
20210330 025300;8.558890;8.559990;8.555100;8.557140;0
20210330 025400;8.557140;8.559850;8.557020;8.559710;0
20210330 025500;8.559650;8.562050;8.558060;8.561970;0
20210330 025600;8.561830;8.562130;8.561510;8.561590;0
20210330 025700;8.561590;8.563940;8.561150;8.563330;0
20210330 025800;8.563330;8.565820;8.562820;8.564770;0
20210330 025900;8.564770;8.567510;8.563040;8.567040;0
20210330 030000;8.566880;8.566880;8.557000;8.559540;0
20210330 030100;8.559540;8.561640;8.558500;8.561350;0
20210330 030200;8.561350;8.563020;8.559270;8.559330;0
20210330 030300;8.559330;8.561340;8.557320;8.561340;0
20210330 030400;8.561280;8.562150;8.560110;8.561500;0
20210330 030500;8.561310;8.561990;8.559820;8.560440;0
20210330 030600;8.560510;8.562230;8.558130;8.560130;0
20210330 030700;8.560130;8.562600;8.556400;8.556810;0
20210330 030800;8.556790;8.556870;8.552550;8.555620;0
20210330 030900;8.555830;8.555830;8.551920;8.554250;0
20210330 031000;8.554330;8.555590;8.547810;8.548910;0
20210330 031100;8.549050;8.554410;8.548220;8.550180;0
20210330 031200;8.550410;8.552870;8.543960;8.549000;0
20210330 031300;8.549210;8.549260;8.542990;8.543480;0
20210330 031400;8.543610;8.548540;8.542590;8.544410;0
20210330 031500;8.544540;8.549160;8.543810;8.546480;0
20210330 031600;8.546480;8.547320;8.545120;8.546940;0
20210330 031700;8.546940;8.546990;8.541140;8.542890;0
20210330 031800;8.542890;8.545900;8.541380;8.544650;0
20210330 031900;8.544300;8.544660;8.543210;8.544310;0
20210330 032000;8.544420;8.544820;8.542220;8.542610;0
20210330 032100;8.542510;8.545810;8.542430;8.545100;0
20210330 032200;8.545460;8.549400;8.542470;8.542470;0
20210330 032300;8.542330;8.545110;8.541880;8.542010;0
20210330 032400;8.541720;8.544610;8.538560;8.542930;0
20210330 032500;8.542890;8.545660;8.541580;8.543570;0
20210330 032600;8.543490;8.547620;8.542530;8.547530;0
20210330 032700;8.547530;8.549990;8.547510;8.549750;0
20210330 032800;8.549740;8.550330;8.549500;8.550040;0
20210330 032900;8.550030;8.550040;8.547000;8.549520;0
20210330 033000;8.549450;8.551430;8.546500;8.551430;0
20210330 033100;8.551430;8.551600;8.549140;8.551440;0
20210330 033200;8.551440;8.551440;8.548700;8.549130;0
20210330 033300;8.549130;8.551070;8.541540;8.541540;0
20210330 033400;8.541780;8.546820;8.541600;8.541970;0
20210330 033500;8.541970;8.544590;8.540870;8.544570;0
20210330 033600;8.544610;8.546830;8.544570;8.546220;0
20210330 033700;8.546230;8.548700;8.544910;8.547530;0
20210330 033800;8.547530;8.548160;8.546130;8.547910;0
20210330 033900;8.547900;8.551540;8.547900;8.549820;0
20210330 034000;8.550090;8.552670;8.550030;8.551170;0
20210330 034100;8.551180;8.554300;8.551020;8.552980;0
20210330 034200;8.552970;8.555690;8.551770;8.555370;0
20210330 034300;8.555370;8.559110;8.555370;8.559110;0
20210330 034400;8.559120;8.559120;8.556050;8.557890;0
20210330 034500;8.557890;8.558210;8.555510;8.555610;0
20210330 034600;8.555450;8.555950;8.553100;8.555890;0
20210330 034700;8.555890;8.558270;8.554990;8.557220;0
20210330 034800;8.557220;8.558210;8.556830;8.557020;0
20210330 034900;8.556820;8.557280;8.554320;8.554470;0
20210330 035000;8.554400;8.556920;8.553620;8.554190;0
20210330 035100;8.554110;8.557000;8.553000;8.556680;0
20210330 035200;8.556670;8.558240;8.555950;8.557610;0
20210330 035300;8.557530;8.557530;8.554920;8.555050;0
20210330 035400;8.554880;8.555880;8.554740;8.555530;0
20210330 035500;8.555450;8.555690;8.553600;8.554370;0
20210330 035600;8.554510;8.555820;8.553430;8.553700;0
20210330 035700;8.553700;8.555340;8.552850;8.553090;0
20210330 035800;8.552950;8.553180;8.552300;8.552300;0
20210330 035900;8.552400;8.555390;8.552060;8.554800;0
20210330 040000;8.554760;8.556470;8.553110;8.553190;0
20210330 040100;8.553240;8.553340;8.550790;8.552030;0
20210330 040200;8.552030;8.552320;8.550880;8.551080;0
20210330 040300;8.550960;8.551160;8.550560;8.550760;0
20210330 040400;8.550760;8.553760;8.550720;8.552390;0
20210330 040500;8.552670;8.554200;8.552140;8.552590;0
20210330 040600;8.552590;8.552590;8.551660;8.551770;0
20210330 040700;8.551800;8.552150;8.550110;8.551810;0
20210330 040800;8.551680;8.551990;8.550210;8.551730;0
20210330 040900;8.551680;8.553990;8.550430;8.553680;0
20210330 041000;8.553720;8.555830;8.552700;8.555830;0
20210330 041100;8.555850;8.557000;8.552950;8.552950;0
20210330 041200;8.552970;8.554950;8.552970;8.554930;0
20210330 041300;8.555060;8.557350;8.555060;8.557320;0
20210330 041400;8.557140;8.558380;8.555030;8.558180;0
20210330 041500;8.558170;8.559940;8.558170;8.558880;0
20210330 041600;8.559010;8.560520;8.556830;8.556830;0
20210330 041700;8.556470;8.558040;8.554580;8.557460;0
20210330 041800;8.557280;8.560870;8.556380;8.560380;0
20210330 041900;8.560380;8.560950;8.558370;8.558590;0
20210330 042000;8.558600;8.558600;8.557400;8.557830;0
20210330 042100;8.557830;8.559500;8.557780;8.559220;0
20210330 042200;8.559220;8.562220;8.558560;8.561500;0
20210330 042300;8.561560;8.563920;8.557660;8.557670;0
20210330 042400;8.557730;8.564930;8.557730;8.562960;0
20210330 042500;8.563040;8.564190;8.562370;8.563310;0
20210330 042600;8.563320;8.563320;8.558560;8.559190;0
20210330 042700;8.559280;8.562320;8.559280;8.560630;0
20210330 042800;8.560290;8.562200;8.560100;8.562200;0
20210330 042900;8.562160;8.563620;8.560910;8.562920;0
20210330 043000;8.563070;8.564760;8.562670;8.563700;0
20210330 043100;8.563680;8.564800;8.563200;8.563650;0
20210330 043200;8.563380;8.563380;8.560270;8.561900;0
20210330 043300;8.561810;8.563680;8.561810;8.563060;0
20210330 043400;8.563050;8.563050;8.560000;8.560040;0
20210330 043500;8.560010;8.560850;8.557590;8.560670;0
20210330 043600;8.560670;8.561510;8.557650;8.559340;0
20210330 043700;8.559410;8.560670;8.559190;8.559340;0
20210330 043800;8.559380;8.560200;8.558060;8.558140;0
20210330 043900;8.558360;8.558850;8.555960;8.556090;0
20210330 044000;8.556180;8.558400;8.556180;8.557160;0
20210330 044100;8.557170;8.557310;8.555280;8.555310;0
20210330 044200;8.555310;8.555420;8.554120;8.554270;0
20210330 044300;8.554270;8.558100;8.554180;8.558040;0
20210330 044400;8.558250;8.558890;8.555590;8.555590;0
20210330 044500;8.555540;8.557770;8.555250;8.557680;0
20210330 044600;8.557640;8.558970;8.554690;8.554690;0
20210330 044700;8.554640;8.556280;8.554380;8.554750;0
20210330 044800;8.555000;8.556180;8.553880;8.554070;0
20210330 044900;8.554070;8.554480;8.552550;8.552580;0
20210330 045000;8.552610;8.555820;8.552610;8.554750;0
20210330 045100;8.554670;8.557960;8.554630;8.557550;0
20210330 045200;8.557550;8.557850;8.555310;8.555350;0
20210330 045300;8.555250;8.556670;8.553610;8.553840;0
20210330 045400;8.553840;8.554860;8.551670;8.552030;0
20210330 045500;8.552250;8.553550;8.551890;8.551930;0
20210330 045600;8.551950;8.554930;8.551950;8.552700;0
20210330 045700;8.552700;8.553140;8.552100;8.552100;0
20210330 045800;8.552090;8.553790;8.551910;8.553470;0
20210330 045900;8.553710;8.554490;8.553570;8.554420;0
20210330 050000;8.554330;8.554690;8.552990;8.554100;0
20210330 050100;8.554040;8.554660;8.553720;8.554250;0
20210330 050200;8.554040;8.554040;8.552990;8.553510;0
20210330 050300;8.553670;8.553780;8.550490;8.550540;0
20210330 050400;8.550450;8.550910;8.549530;8.549830;0
20210330 050500;8.549830;8.551180;8.549810;8.550850;0
20210330 050600;8.550860;8.553270;8.549900;8.550010;0
20210330 050700;8.550090;8.550650;8.548090;8.548090;0
20210330 050800;8.548150;8.548750;8.548100;8.548750;0
20210330 050900;8.548750;8.553200;8.548250;8.552730;0
20210330 051000;8.552600;8.553240;8.551960;8.552650;0
20210330 051100;8.552630;8.553610;8.552470;8.552820;0
20210330 051200;8.552820;8.554980;8.552620;8.554920;0
20210330 051300;8.554800;8.555800;8.553150;8.555280;0
20210330 051400;8.555360;8.555500;8.554270;8.554800;0
20210330 051500;8.554730;8.555730;8.552910;8.554150;0
20210330 051600;8.554290;8.556380;8.553970;8.554970;0
20210330 051700;8.555110;8.555290;8.554740;8.554860;0
20210330 051800;8.554690;8.555100;8.553900;8.554150;0
20210330 051900;8.554140;8.555360;8.553920;8.554070;0
20210330 052000;8.554280;8.555700;8.554060;8.555690;0
20210330 052100;8.555680;8.557420;8.555680;8.556970;0
20210330 052200;8.556970;8.557110;8.555660;8.556030;0
20210330 052300;8.555900;8.555900;8.553280;8.553280;0
20210330 052400;8.553280;8.555910;8.552600;8.555720;0
20210330 052500;8.555720;8.556130;8.554300;8.554380;0
20210330 052600;8.554240;8.554810;8.553250;8.554270;0
20210330 052700;8.554310;8.554790;8.553380;8.553540;0
20210330 052800;8.553450;8.553810;8.551090;8.552950;0
20210330 052900;8.553350;8.555700;8.553100;8.553780;0
20210330 053000;8.553710;8.554960;8.553680;8.554590;0
20210330 053100;8.554580;8.556360;8.553010;8.555660;0
20210330 053200;8.556310;8.556310;8.552790;8.552790;0
20210330 053300;8.552710;8.554440;8.551940;8.553700;0
20210330 053400;8.553790;8.557110;8.553790;8.556930;0
20210330 053500;8.556920;8.556920;8.554240;8.556390;0
20210330 053600;8.556390;8.558690;8.555870;8.557540;0
20210330 053700;8.557550;8.558410;8.557370;8.558110;0
20210330 053800;8.557910;8.559070;8.557910;8.558530;0
20210330 053900;8.558450;8.558690;8.557500;8.557550;0
20210330 054000;8.557550;8.559160;8.557550;8.558470;0
20210330 054100;8.558560;8.559390;8.556120;8.556120;0
20210330 054200;8.556040;8.559500;8.555610;8.559260;0
20210330 054300;8.559260;8.559260;8.557730;8.557730;0
20210330 054400;8.557640;8.558770;8.556770;8.558680;0
20210330 054500;8.558690;8.559300;8.558620;8.559230;0
20210330 054600;8.559260;8.559790;8.558950;8.559180;0
20210330 054700;8.559060;8.559950;8.558820;8.559950;0
20210330 054800;8.560070;8.560310;8.559620;8.559810;0
20210330 054900;8.560020;8.563110;8.560020;8.562020;0
20210330 055000;8.562090;8.562150;8.559390;8.560940;0
20210330 055100;8.561000;8.561000;8.553720;8.554070;0
20210330 055200;8.554170;8.555920;8.554170;8.554820;0
20210330 055300;8.554840;8.558650;8.554840;8.557910;0
20210330 055400;8.557840;8.559110;8.557840;8.559110;0
20210330 055500;8.559150;8.559710;8.554900;8.555620;0
20210330 055600;8.555330;8.556720;8.554390;8.556580;0
20210330 055700;8.556580;8.556580;8.553750;8.555380;0
20210330 055800;8.555420;8.556180;8.555270;8.555490;0
20210330 055900;8.555610;8.556180;8.551950;8.555880;0
20210330 060000;8.555880;8.557510;8.555880;8.557140;0
20210330 060100;8.557140;8.557860;8.556540;8.557860;0
20210330 060200;8.557860;8.558490;8.554170;8.556990;0
20210330 060300;8.557290;8.557560;8.556300;8.556580;0
20210330 060400;8.556570;8.556670;8.553360;8.554320;0
20210330 060500;8.554460;8.556470;8.554460;8.554640;0
20210330 060600;8.554790;8.554790;8.551490;8.551500;0
20210330 060700;8.551510;8.555340;8.551500;8.555340;0
20210330 060800;8.555450;8.556230;8.555360;8.555410;0
20210330 060900;8.555570;8.556770;8.555440;8.555460;0
20210330 061000;8.555220;8.555590;8.554360;8.554360;0
20210330 061100;8.554180;8.554180;8.551050;8.552300;0
20210330 061200;8.552180;8.552340;8.550160;8.551210;0
20210330 061300;8.551320;8.553000;8.551320;8.552510;0
20210330 061400;8.552350;8.552350;8.550980;8.551420;0
20210330 061500;8.551450;8.554980;8.551450;8.554630;0
20210330 061600;8.554630;8.555260;8.553430;8.554270;0
20210330 061700;8.554270;8.556130;8.554200;8.554320;0
20210330 061800;8.554320;8.556490;8.554280;8.556490;0
20210330 061900;8.556420;8.556560;8.554680;8.556140;0
20210330 062000;8.556140;8.557850;8.556140;8.556730;0
20210330 062100;8.556720;8.557030;8.555320;8.555620;0
20210330 062200;8.555620;8.556390;8.554630;8.555830;0
20210330 062300;8.555830;8.558100;8.555820;8.557080;0
20210330 062400;8.557080;8.559230;8.557080;8.558360;0
20210330 062500;8.558350;8.558770;8.556710;8.557340;0
20210330 062600;8.557320;8.558150;8.553780;8.555680;0
20210330 062700;8.555660;8.556920;8.555660;8.556720;0
20210330 062800;8.556820;8.557030;8.556420;8.556960;0
20210330 062900;8.556910;8.557490;8.556520;8.556560;0
20210330 063000;8.556600;8.556710;8.555030;8.555100;0
20210330 063100;8.555220;8.556250;8.553950;8.554310;0
20210330 063200;8.554310;8.555180;8.551490;8.551490;0
20210330 063300;8.551390;8.552490;8.549860;8.552030;0
20210330 063400;8.552020;8.555610;8.552020;8.555610;0
20210330 063500;8.555840;8.556610;8.553020;8.556610;0
20210330 063600;8.556680;8.556680;8.552710;8.555480;0
20210330 063700;8.555490;8.557520;8.555040;8.557020;0
20210330 063800;8.557020;8.558020;8.556780;8.558020;0
20210330 063900;8.558020;8.558260;8.556880;8.558260;0
20210330 064000;8.558260;8.558470;8.557440;8.557560;0
20210330 064100;8.557600;8.558030;8.556890;8.558030;0
20210330 064200;8.558200;8.561670;8.558200;8.561420;0
20210330 064300;8.561300;8.561300;8.555840;8.556030;0
20210330 064400;8.556080;8.559700;8.556080;8.559690;0
20210330 064500;8.559610;8.559900;8.557980;8.557980;0
20210330 064600;8.557980;8.558550;8.557470;8.558310;0
20210330 064700;8.558350;8.558810;8.557790;8.558370;0
20210330 064800;8.558370;8.558570;8.556330;8.556370;0
20210330 064900;8.556350;8.558580;8.556350;8.558580;0
20210330 065000;8.558720;8.561420;8.558720;8.560980;0
20210330 065100;8.561110;8.564040;8.559770;8.562420;0
20210330 065200;8.562230;8.562830;8.561020;8.562620;0
20210330 065300;8.562620;8.563700;8.561780;8.563340;0
20210330 065400;8.563330;8.567490;8.563180;8.567490;0
20210330 065500;8.567490;8.568630;8.567080;8.568190;0
20210330 065600;8.568330;8.569600;8.567310;8.567660;0
20210330 065700;8.567650;8.573380;8.567380;8.571060;0
20210330 065800;8.570770;8.570770;8.567780;8.567990;0
20210330 065900;8.567990;8.570480;8.567470;8.567470;0
20210330 070000;8.567470;8.570270;8.565780;8.566690;0
20210330 070100;8.566700;8.567990;8.565460;8.567990;0
20210330 070200;8.568020;8.569750;8.567890;8.569540;0
20210330 070300;8.569150;8.570370;8.566980;8.569700;0
20210330 070400;8.569630;8.572290;8.569210;8.570700;0
20210330 070500;8.570740;8.575110;8.570670;8.573790;0
20210330 070600;8.573630;8.574530;8.571520;8.574520;0
20210330 070700;8.574520;8.578000;8.574020;8.577980;0
20210330 070800;8.577760;8.577980;8.574470;8.574620;0
20210330 070900;8.574630;8.574990;8.572030;8.572710;0
20210330 071000;8.572610;8.572960;8.571480;8.572700;0
20210330 071100;8.572690;8.574330;8.570830;8.574190;0
20210330 071200;8.574260;8.574390;8.572030;8.572720;0
20210330 071300;8.572620;8.575760;8.571200;8.575340;0
20210330 071400;8.575300;8.577030;8.574390;8.576520;0
20210330 071500;8.576610;8.577600;8.574580;8.576380;0
20210330 071600;8.576550;8.579530;8.576370;8.579200;0
20210330 071700;8.579280;8.580220;8.575300;8.577290;0
20210330 071800;8.577290;8.578760;8.577140;8.578370;0
20210330 071900;8.578340;8.578350;8.574180;8.574930;0
20210330 072000;8.575370;8.578240;8.573770;8.577320;0
20210330 072100;8.577320;8.578640;8.574880;8.577300;0
20210330 072200;8.577150;8.578040;8.575060;8.578040;0
20210330 072300;8.578040;8.578820;8.574970;8.574970;0
20210330 072400;8.575110;8.576310;8.575110;8.576060;0
20210330 072500;8.576200;8.578250;8.576200;8.578240;0
20210330 072600;8.578400;8.578580;8.575440;8.575590;0
20210330 072700;8.575720;8.579050;8.574390;8.574690;0
20210330 072800;8.574730;8.578420;8.574660;8.577180;0
20210330 072900;8.576970;8.576970;8.573550;8.573550;0
20210330 073000;8.573420;8.576660;8.573420;8.574510;0
20210330 073100;8.574520;8.577000;8.574520;8.574720;0
20210330 073200;8.574580;8.577480;8.574580;8.577480;0
20210330 073300;8.577430;8.577650;8.573820;8.574050;0
20210330 073400;8.574120;8.577100;8.574120;8.576790;0
20210330 073500;8.576790;8.580770;8.576790;8.580030;0
20210330 073600;8.580030;8.583410;8.580030;8.581240;0
20210330 073700;8.581300;8.586850;8.581300;8.583500;0
20210330 073800;8.583500;8.587210;8.583250;8.587210;0
20210330 073900;8.587210;8.587570;8.586240;8.587090;0
20210330 074000;8.587230;8.587980;8.586610;8.587810;0
20210330 074100;8.587960;8.589810;8.587810;8.589640;0
20210330 074200;8.589500;8.589570;8.587310;8.587570;0
20210330 074300;8.587480;8.588210;8.583250;8.584670;0
20210330 074400;8.584760;8.585770;8.581830;8.584230;0
20210330 074500;8.584320;8.584650;8.580370;8.584500;0
20210330 074600;8.584360;8.584590;8.577190;8.577300;0
20210330 074700;8.577300;8.582470;8.577230;8.582470;0
20210330 074800;8.582640;8.584620;8.582050;8.583690;0
20210330 074900;8.583710;8.583730;8.579950;8.579950;0
20210330 075000;8.579950;8.581790;8.576680;8.578260;0
20210330 075100;8.578260;8.583130;8.578260;8.581810;0
20210330 075200;8.581800;8.581880;8.575860;8.577320;0
20210330 075300;8.577250;8.577640;8.574450;8.574450;0
20210330 075400;8.574270;8.574960;8.571880;8.573610;0
20210330 075500;8.573690;8.574850;8.570480;8.573000;0
20210330 075600;8.572690;8.572900;8.571420;8.571610;0
20210330 075700;8.571550;8.572560;8.571280;8.572110;0
20210330 075800;8.572050;8.573180;8.570980;8.573090;0
20210330 075900;8.573240;8.575440;8.572860;8.573800;0
20210330 080000;8.573720;8.581980;8.573710;8.578680;0
20210330 080100;8.578660;8.578660;8.575170;8.575190;0
20210330 080200;8.575160;8.575910;8.566880;8.568660;0
20210330 080300;8.568630;8.569130;8.566010;8.568290;0
20210330 080400;8.568300;8.570650;8.568300;8.569480;0
20210330 080500;8.569480;8.570140;8.567000;8.569390;0
20210330 080600;8.569260;8.569270;8.566630;8.566820;0
20210330 080700;8.566850;8.568270;8.565250;8.567120;0
20210330 080800;8.567000;8.569660;8.566860;8.568210;0
20210330 080900;8.568210;8.572380;8.568160;8.572380;0
20210330 081000;8.572340;8.574250;8.566990;8.567170;0
20210330 081100;8.567010;8.567110;8.564600;8.564880;0
20210330 081200;8.564880;8.565960;8.562290;8.562700;0
20210330 081300;8.562630;8.563630;8.560680;8.562490;0
20210330 081400;8.562690;8.567680;8.562430;8.565780;0
20210330 081500;8.565780;8.568560;8.565730;8.567290;0
20210330 081600;8.567340;8.567820;8.566430;8.566530;0
20210330 081700;8.566490;8.567820;8.565520;8.567320;0
20210330 081800;8.567280;8.567280;8.564520;8.565820;0
20210330 081900;8.566030;8.566970;8.564590;8.564990;0
20210330 082000;8.564990;8.569810;8.564990;8.569810;0
20210330 082100;8.569740;8.569740;8.565240;8.565990;0
20210330 082200;8.566040;8.567050;8.562930;8.566680;0
20210330 082300;8.566670;8.567250;8.563090;8.564920;0
20210330 082400;8.564920;8.565490;8.561990;8.565240;0
20210330 082500;8.565260;8.567150;8.565000;8.565670;0
20210330 082600;8.565700;8.568600;8.564010;8.567920;0
20210330 082700;8.567780;8.567910;8.566600;8.567180;0
20210330 082800;8.566960;8.569430;8.566240;8.568670;0
20210330 082900;8.568680;8.570910;8.568270;8.570850;0
20210330 083000;8.570650;8.572110;8.568840;8.570820;0
20210330 083100;8.570750;8.573780;8.570660;8.571210;0
20210330 083200;8.571160;8.572220;8.568560;8.571250;0
20210330 083300;8.571250;8.577490;8.571250;8.576470;0
20210330 083400;8.576300;8.579590;8.575600;8.578850;0
20210330 083500;8.578860;8.579550;8.578010;8.578150;0
20210330 083600;8.578130;8.578350;8.572070;8.573510;0
20210330 083700;8.573510;8.574270;8.570750;8.572920;0
20210330 083800;8.572880;8.577020;8.570460;8.575690;0
20210330 083900;8.575830;8.576990;8.574030;8.574030;0
20210330 084000;8.574150;8.578440;8.574060;8.576060;0
20210330 084100;8.576150;8.576240;8.571090;8.571410;0
20210330 084200;8.571250;8.572330;8.570280;8.570500;0
20210330 084300;8.570480;8.572830;8.569610;8.572830;0
20210330 084400;8.572650;8.575770;8.572650;8.573620;0
20210330 084500;8.573680;8.576630;8.573250;8.575530;0
20210330 084600;8.576030;8.580160;8.575760;8.577330;0
20210330 084700;8.577570;8.579550;8.576420;8.576900;0
20210330 084800;8.577040;8.581930;8.576870;8.581800;0
20210330 084900;8.581680;8.582520;8.576790;8.579530;0
20210330 085000;8.579400;8.583840;8.578440;8.582820;0
20210330 085100;8.582670;8.582830;8.577930;8.578220;0
20210330 085200;8.578060;8.581590;8.577540;8.581430;0
20210330 085300;8.581320;8.583090;8.579070;8.579640;0
20210330 085400;8.579870;8.580360;8.578070;8.578650;0
20210330 085500;8.578620;8.579230;8.577050;8.578420;0
20210330 085600;8.578420;8.580770;8.578220;8.579990;0
20210330 085700;8.579830;8.579830;8.578560;8.579360;0
20210330 085800;8.579360;8.579490;8.574320;8.575270;0
20210330 085900;8.575380;8.575690;8.573990;8.575470;0
20210330 090000;8.575560;8.575880;8.574010;8.574010;0
20210330 090100;8.574130;8.574500;8.572290;8.573830;0
20210330 090200;8.573750;8.575720;8.569480;8.570250;0
20210330 090300;8.570410;8.575430;8.570410;8.575430;0
20210330 090400;8.575290;8.575290;8.570680;8.573670;0
20210330 090500;8.573730;8.576780;8.573670;8.575630;0
20210330 090600;8.575910;8.576450;8.568980;8.569880;0
20210330 090700;8.569870;8.571220;8.566730;8.566740;0
20210330 090800;8.566730;8.568820;8.565780;8.568110;0
20210330 090900;8.568200;8.568320;8.564000;8.565200;0
20210330 091000;8.565290;8.565480;8.562130;8.563060;0
20210330 091100;8.563060;8.563420;8.560870;8.561540;0
20210330 091200;8.561500;8.562720;8.560600;8.560700;0
20210330 091300;8.560580;8.560580;8.556300;8.557450;0
20210330 091400;8.557440;8.558420;8.555230;8.555760;0
20210330 091500;8.555770;8.557810;8.554590;8.556030;0
20210330 091600;8.556180;8.556180;8.551380;8.552760;0
20210330 091700;8.552850;8.553350;8.552300;8.553210;0
20210330 091800;8.553220;8.553380;8.551000;8.551310;0
20210330 091900;8.551310;8.551930;8.550280;8.551930;0
20210330 092000;8.552020;8.555740;8.552020;8.555340;0
20210330 092100;8.555430;8.558850;8.555340;8.558770;0
20210330 092200;8.558820;8.560370;8.558730;8.560370;0
20210330 092300;8.560230;8.562300;8.559790;8.562200;0
20210330 092400;8.562080;8.562920;8.560320;8.562820;0
20210330 092500;8.562830;8.563640;8.561820;8.563190;0
20210330 092600;8.563190;8.566060;8.563190;8.565770;0
20210330 092700;8.565910;8.570780;8.565910;8.568030;0
20210330 092800;8.568000;8.569920;8.567430;8.568290;0
20210330 092900;8.568230;8.568460;8.567630;8.567750;0
20210330 093000;8.567670;8.570020;8.560410;8.561680;0
20210330 093100;8.561730;8.566030;8.561730;8.565330;0
20210330 093200;8.565470;8.567840;8.563600;8.566000;0
20210330 093300;8.565990;8.570870;8.565990;8.567320;0
20210330 093400;8.567360;8.567360;8.562800;8.566310;0
20210330 093500;8.566390;8.568650;8.566290;8.567740;0
20210330 093600;8.567670;8.570690;8.567670;8.569980;0
20210330 093700;8.569940;8.570060;8.565990;8.566670;0
20210330 093800;8.566680;8.566830;8.565270;8.566740;0
20210330 093900;8.566820;8.567100;8.564060;8.565430;0
20210330 094000;8.565460;8.567170;8.564010;8.567000;0
20210330 094100;8.566990;8.568220;8.565660;8.567630;0
20210330 094200;8.567630;8.572270;8.567630;8.569110;0
20210330 094300;8.569200;8.570860;8.567310;8.570650;0
20210330 094400;8.570630;8.571520;8.568560;8.568750;0
20210330 094500;8.568590;8.570220;8.565570;8.565610;0
20210330 094600;8.565620;8.569650;8.564880;8.569090;0
20210330 094700;8.569090;8.574390;8.568940;8.574340;0
20210330 094800;8.574340;8.576730;8.572590;8.576730;0
20210330 094900;8.576730;8.580480;8.572920;8.573110;0
20210330 095000;8.573430;8.576560;8.571810;8.575970;0
20210330 095100;8.576130;8.576130;8.571780;8.572560;0
20210330 095200;8.572360;8.572550;8.570000;8.572480;0
20210330 095300;8.572480;8.573020;8.568280;8.570670;0
20210330 095400;8.570670;8.570670;8.566600;8.568270;0
20210330 095500;8.568180;8.570130;8.564560;8.564560;0
20210330 095600;8.564560;8.564560;8.562920;8.563790;0
20210330 095700;8.564070;8.566090;8.564070;8.564150;0
20210330 095800;8.563990;8.563990;8.561060;8.561520;0
20210330 095900;8.561630;8.562050;8.559930;8.561580;0
20210330 100000;8.561570;8.566230;8.561570;8.564100;0
20210330 100100;8.564100;8.564730;8.562490;8.562580;0
20210330 100200;8.562650;8.564450;8.561160;8.562330;0
20210330 100300;8.562580;8.563210;8.560000;8.562560;0
20210330 100400;8.562820;8.566790;8.562140;8.564930;0
20210330 100500;8.564180;8.564750;8.561670;8.562820;0
20210330 100600;8.562770;8.568030;8.562770;8.567920;0
20210330 100700;8.567820;8.575300;8.567310;8.571160;0
20210330 100800;8.571180;8.571640;8.565610;8.566530;0
20210330 100900;8.566280;8.566550;8.559800;8.559800;0
20210330 101000;8.559740;8.562990;8.559740;8.561530;0
20210330 101100;8.561600;8.562650;8.555910;8.559070;0
20210330 101200;8.559260;8.559590;8.557320;8.557320;0
20210330 101300;8.557320;8.557330;8.553780;8.553910;0
20210330 101400;8.553760;8.556270;8.553760;8.556270;0
20210330 101500;8.556390;8.557230;8.555810;8.556790;0
20210330 101600;8.556870;8.560690;8.556870;8.559480;0
20210330 101700;8.559340;8.560100;8.557380;8.558660;0
20210330 101800;8.558620;8.561220;8.558620;8.559510;0
20210330 101900;8.559600;8.560870;8.558820;8.559420;0
20210330 102000;8.559340;8.561580;8.558940;8.559750;0
20210330 102100;8.559750;8.563100;8.559020;8.559020;0
20210330 102200;8.559020;8.560870;8.558880;8.560870;0
20210330 102300;8.560960;8.563630;8.560960;8.562640;0
20210330 102400;8.562640;8.562650;8.555650;8.555910;0
20210330 102500;8.556210;8.557410;8.554760;8.554760;0
20210330 102600;8.554650;8.555440;8.554490;8.555440;0
20210330 102700;8.555440;8.558490;8.555440;8.556930;0
20210330 102800;8.556930;8.558750;8.554650;8.555350;0
20210330 102900;8.555350;8.556450;8.548880;8.548880;0
20210330 103000;8.548710;8.550380;8.548710;8.549170;0
20210330 103100;8.549170;8.549170;8.545810;8.545810;0
20210330 103200;8.545690;8.547400;8.543390;8.546820;0
20210330 103300;8.546950;8.550230;8.546950;8.550160;0
20210330 103400;8.550250;8.550680;8.548840;8.550100;0
20210330 103500;8.550310;8.550800;8.547950;8.550740;0
20210330 103600;8.550680;8.553480;8.549270;8.552940;0
20210330 103700;8.552890;8.553050;8.551910;8.553050;0
20210330 103800;8.553130;8.558920;8.553130;8.556940;0
20210330 103900;8.556980;8.558190;8.555500;8.557970;0
20210330 104000;8.557750;8.558790;8.552270;8.552420;0
20210330 104100;8.552890;8.554250;8.550470;8.553600;0
20210330 104200;8.553600;8.554720;8.549860;8.549860;0
20210330 104300;8.549860;8.550710;8.547930;8.549300;0
20210330 104400;8.549230;8.549280;8.545880;8.546190;0
20210330 104500;8.546200;8.548270;8.543150;8.545290;0
20210330 104600;8.545360;8.548060;8.544150;8.544340;0
20210330 104700;8.544480;8.550930;8.544420;8.550790;0
20210330 104800;8.550640;8.551970;8.548580;8.551190;0
20210330 104900;8.551190;8.551430;8.550020;8.550590;0
20210330 105000;8.550500;8.551950;8.545810;8.551950;0
20210330 105100;8.551950;8.552020;8.549630;8.551690;0
20210330 105200;8.551690;8.553620;8.551270;8.552350;0
20210330 105300;8.552280;8.552280;8.549030;8.550410;0
20210330 105400;8.550400;8.552250;8.549490;8.550330;0
20210330 105500;8.550320;8.556330;8.550010;8.556220;0
20210330 105600;8.556120;8.557420;8.553670;8.554250;0
20210330 105700;8.554240;8.554800;8.549690;8.553320;0
20210330 105800;8.553420;8.553520;8.547370;8.547910;0
20210330 105900;8.547860;8.549720;8.546780;8.549370;0
20210330 110000;8.549360;8.549580;8.547160;8.547680;0
20210330 110100;8.547680;8.549000;8.544990;8.546670;0
20210330 110200;8.546600;8.547030;8.545080;8.545410;0
20210330 110300;8.545420;8.547590;8.545190;8.547330;0
20210330 110400;8.547560;8.549930;8.546440;8.546630;0
20210330 110500;8.546490;8.546810;8.545250;8.546060;0
20210330 110600;8.546170;8.548440;8.545620;8.548100;0
20210330 110700;8.547950;8.547950;8.546270;8.547720;0
20210330 110800;8.547740;8.547810;8.545420;8.546020;0
20210330 110900;8.545920;8.545940;8.543210;8.543210;0
20210330 111000;8.543440;8.546990;8.543440;8.546970;0
20210330 111100;8.547100;8.547280;8.544310;8.544950;0
20210330 111200;8.544950;8.546180;8.544640;8.545350;0
20210330 111300;8.545280;8.545920;8.544830;8.545070;0
20210330 111400;8.545220;8.545760;8.545030;8.545270;0
20210330 111500;8.545240;8.545770;8.544470;8.545000;0
20210330 111600;8.545080;8.546320;8.544660;8.545690;0
20210330 111700;8.545620;8.546730;8.545280;8.545440;0
20210330 111800;8.545440;8.545440;8.544220;8.545170;0
20210330 111900;8.545180;8.545580;8.544060;8.545430;0
20210330 112000;8.545450;8.549260;8.545120;8.549100;0
20210330 112100;8.549170;8.551490;8.549170;8.551490;0
20210330 112200;8.551140;8.552310;8.550400;8.551820;0
20210330 112300;8.551700;8.552150;8.550840;8.551180;0
20210330 112400;8.551220;8.552600;8.551040;8.552600;0
20210330 112500;8.552800;8.554760;8.551740;8.552600;0
20210330 112600;8.552600;8.554540;8.551990;8.554540;0
20210330 112700;8.554380;8.554380;8.550630;8.551960;0
20210330 112800;8.551960;8.553700;8.550000;8.553620;0
20210330 112900;8.553380;8.553380;8.550840;8.551620;0
20210330 113000;8.551620;8.552330;8.550380;8.550680;0
20210330 113100;8.550660;8.550800;8.547670;8.549370;0
20210330 113200;8.549360;8.549700;8.548140;8.548710;0
20210330 113300;8.548710;8.548720;8.547910;8.548060;0
20210330 113400;8.548050;8.550730;8.547920;8.550400;0
20210330 113500;8.550400;8.552370;8.549810;8.552370;0
20210330 113600;8.552360;8.552790;8.550090;8.550900;0
20210330 113700;8.550880;8.550890;8.549540;8.550000;0
20210330 113800;8.549950;8.551060;8.549590;8.550950;0
20210330 113900;8.550950;8.551390;8.550150;8.550560;0
20210330 114000;8.550300;8.550350;8.549020;8.550200;0
20210330 114100;8.550040;8.551540;8.549960;8.550200;0
20210330 114200;8.550360;8.551660;8.550310;8.551660;0
20210330 114300;8.551660;8.551660;8.550690;8.551060;0
20210330 114400;8.551120;8.552550;8.550940;8.552460;0
20210330 114500;8.552460;8.552830;8.551720;8.551920;0
20210330 114600;8.552030;8.552190;8.548960;8.549110;0
20210330 114700;8.549110;8.549180;8.547580;8.547900;0
20210330 114800;8.547780;8.548420;8.547280;8.548060;0
20210330 114900;8.548130;8.548130;8.547120;8.547600;0
20210330 115000;8.547520;8.548420;8.547240;8.547650;0
20210330 115100;8.547660;8.548770;8.547450;8.548380;0
20210330 115200;8.548300;8.548730;8.546920;8.548540;0
20210330 115300;8.548460;8.549940;8.548140;8.548240;0
20210330 115400;8.548050;8.548400;8.547830;8.548260;0
20210330 115500;8.548550;8.549370;8.548550;8.548810;0
20210330 115600;8.548890;8.549540;8.548680;8.549540;0
20210330 115700;8.549460;8.549480;8.548850;8.548990;0
20210330 115800;8.549140;8.549350;8.548220;8.548440;0
20210330 115900;8.548300;8.549460;8.548300;8.548530;0
20210330 120000;8.548460;8.548900;8.547070;8.547070;0
20210330 120100;8.547130;8.547270;8.545820;8.546550;0
20210330 120200;8.546370;8.547060;8.546060;8.547060;0
20210330 120300;8.546930;8.546930;8.545760;8.546130;0
20210330 120400;8.546050;8.546640;8.546050;8.546140;0
20210330 120500;8.546010;8.546500;8.545810;8.546150;0
20210330 120600;8.546080;8.547440;8.545920;8.547440;0
20210330 120700;8.547520;8.547610;8.547150;8.547470;0
20210330 120800;8.547390;8.547450;8.547150;8.547230;0
20210330 120900;8.547010;8.547010;8.546320;8.546600;0
20210330 121000;8.546620;8.547040;8.545850;8.546920;0
20210330 121100;8.546920;8.548120;8.546920;8.547980;0
20210330 121200;8.547980;8.548400;8.547850;8.548010;0
20210330 121300;8.548180;8.548560;8.548020;8.548440;0
20210330 121400;8.548420;8.549180;8.548300;8.548360;0
20210330 121500;8.548360;8.549290;8.548240;8.548730;0
20210330 121600;8.548870;8.548870;8.547010;8.547560;0
20210330 121700;8.547410;8.547920;8.547050;8.547820;0
20210330 121800;8.547920;8.548450;8.547860;8.548440;0
20210330 121900;8.548580;8.549620;8.548580;8.549550;0
20210330 122000;8.549620;8.552180;8.549550;8.551870;0
20210330 122100;8.552020;8.552630;8.551400;8.551960;0
20210330 122200;8.551960;8.553420;8.548980;8.548980;0
20210330 122300;8.549030;8.550140;8.549030;8.550130;0
20210330 122400;8.550280;8.550450;8.549980;8.550280;0
20210330 122500;8.550190;8.550590;8.549660;8.549760;0
20210330 122600;8.549810;8.550880;8.549730;8.550240;0
20210330 122700;8.550240;8.550780;8.549690;8.550000;0
20210330 122800;8.549780;8.550180;8.549510;8.550180;0
20210330 122900;8.550180;8.550830;8.549160;8.550830;0
20210330 123000;8.550840;8.552090;8.550840;8.551940;0
20210330 123100;8.551950;8.553480;8.551940;8.553340;0
20210330 123200;8.553350;8.553610;8.552740;8.553270;0
20210330 123300;8.553190;8.553280;8.551860;8.553280;0
20210330 123400;8.553410;8.554080;8.552280;8.553670;0
20210330 123500;8.553810;8.555240;8.553580;8.555240;0
20210330 123600;8.555100;8.555790;8.554810;8.555370;0
20210330 123700;8.555370;8.555580;8.555110;8.555540;0
20210330 123800;8.555420;8.555480;8.553300;8.553350;0
20210330 123900;8.553360;8.553480;8.552190;8.552270;0
20210330 124000;8.552180;8.552490;8.551920;8.551940;0
20210330 124100;8.551890;8.552180;8.551660;8.552170;0
20210330 124200;8.552100;8.552100;8.551730;8.552010;0
20210330 124300;8.552470;8.552950;8.552220;8.552600;0
20210330 124400;8.552630;8.552970;8.551720;8.551820;0
20210330 124500;8.551810;8.554100;8.551560;8.554090;0
20210330 124600;8.554090;8.554100;8.552920;8.553590;0
20210330 124700;8.553590;8.553590;8.552630;8.553260;0
20210330 124800;8.553400;8.553560;8.552420;8.552940;0
20210330 124900;8.552950;8.553970;8.552940;8.553970;0
20210330 125000;8.553980;8.554180;8.552560;8.553780;0
20210330 125100;8.553780;8.554060;8.553770;8.553990;0
20210330 125200;8.553760;8.553840;8.552060;8.552090;0
20210330 125300;8.552080;8.552510;8.551350;8.551590;0
20210330 125400;8.551590;8.551590;8.550210;8.551020;0
20210330 125500;8.551020;8.551260;8.550680;8.551260;0
20210330 125600;8.551330;8.551710;8.551330;8.551470;0
20210330 125700;8.551400;8.551670;8.550900;8.551230;0
20210330 125800;8.551070;8.551910;8.551010;8.551690;0
20210330 125900;8.551930;8.552330;8.551660;8.552110;0
20210330 130000;8.552240;8.552550;8.551890;8.551990;0
20210330 130100;8.551940;8.552890;8.551900;8.551900;0
20210330 130200;8.552030;8.552240;8.551440;8.551970;0
20210330 130300;8.552110;8.553280;8.552030;8.552500;0
20210330 130400;8.552520;8.552540;8.550370;8.550370;0
20210330 130500;8.550520;8.551020;8.550340;8.551020;0
20210330 130600;8.551150;8.551590;8.551090;8.551090;0
20210330 130700;8.551190;8.552390;8.551190;8.552320;0
20210330 130800;8.552340;8.552420;8.550620;8.552320;0
20210330 130900;8.551460;8.552250;8.550180;8.551490;0
20210330 131000;8.551570;8.552040;8.551330;8.551670;0
20210330 131100;8.551590;8.551590;8.551310;8.551580;0
20210330 131200;8.551710;8.552030;8.551420;8.552030;0
20210330 131300;8.551900;8.552030;8.550240;8.552010;0
20210330 131400;8.551880;8.552620;8.551730;8.552410;0
20210330 131500;8.552490;8.553910;8.551110;8.553900;0
20210330 131600;8.553770;8.554190;8.553550;8.553750;0
20210330 131700;8.553640;8.553640;8.551930;8.552450;0
20210330 131800;8.552580;8.552890;8.551960;8.552100;0
20210330 131900;8.551950;8.552130;8.551650;8.551950;0
20210330 132000;8.551850;8.552030;8.550940;8.551130;0
20210330 132100;8.551090;8.551150;8.550390;8.550450;0
20210330 132200;8.550450;8.551140;8.550180;8.551140;0
20210330 132300;8.551050;8.551490;8.550910;8.551190;0
20210330 132400;8.551320;8.551610;8.550960;8.551610;0
20210330 132500;8.551760;8.551760;8.551460;8.551530;0
20210330 132600;8.551820;8.552020;8.551420;8.551420;0
20210330 132700;8.551400;8.551410;8.549650;8.549810;0
20210330 132800;8.549780;8.549970;8.549420;8.549690;0
20210330 132900;8.549790;8.550380;8.549790;8.550120;0
20210330 133000;8.550130;8.551220;8.550130;8.550820;0
20210330 133100;8.550820;8.552630;8.550820;8.552410;0
20210330 133200;8.552200;8.552720;8.551920;8.551920;0
20210330 133300;8.551840;8.551840;8.551380;8.551760;0
20210330 133400;8.551760;8.551780;8.551100;8.551100;0
20210330 133500;8.550960;8.551410;8.550960;8.551410;0
20210330 133600;8.551330;8.551470;8.551120;8.551430;0
20210330 133700;8.551510;8.551820;8.551510;8.551800;0
20210330 133800;8.551910;8.551910;8.551100;8.551100;0
20210330 133900;8.551120;8.551460;8.551120;8.551180;0
20210330 134000;8.551170;8.551670;8.551170;8.551670;0
20210330 134100;8.551660;8.551860;8.551430;8.551660;0
20210330 134200;8.551660;8.551660;8.551410;8.551480;0
20210330 134300;8.551480;8.551480;8.551340;8.551340;0
20210330 134400;8.551420;8.551780;8.551420;8.551780;0
20210330 134500;8.551910;8.552210;8.551340;8.551780;0
20210330 134600;8.551710;8.551710;8.545920;8.548240;0
20210330 134700;8.548240;8.549880;8.548240;8.549660;0
20210330 134800;8.549690;8.550020;8.549110;8.549370;0
20210330 134900;8.549380;8.549380;8.548210;8.548370;0
20210330 135000;8.548370;8.548370;8.547900;8.548050;0
20210330 135100;8.548060;8.549390;8.547790;8.549180;0
20210330 135200;8.549060;8.549060;8.547070;8.547630;0
20210330 135300;8.547640;8.547640;8.545100;8.545110;0
20210330 135400;8.545100;8.547950;8.543670;8.547950;0
20210330 135500;8.547960;8.549690;8.544040;8.544710;0
20210330 135600;8.544720;8.544800;8.543550;8.544210;0
20210330 135700;8.544340;8.544990;8.544010;8.544010;0
20210330 135800;8.544010;8.548850;8.544010;8.548580;0
20210330 135900;8.548580;8.550690;8.548360;8.550690;0
20210330 140000;8.550690;8.550910;8.550410;8.550750;0
20210330 140100;8.550750;8.550750;8.550190;8.550240;0
20210330 140200;8.550320;8.550410;8.549790;8.550230;0
20210330 140300;8.550110;8.550190;8.549550;8.549610;0
20210330 140400;8.549570;8.549880;8.549530;8.549530;0
20210330 140500;8.549540;8.550090;8.549250;8.549380;0
20210330 140600;8.549340;8.549340;8.549220;8.549320;0
20210330 140700;8.549280;8.549590;8.549280;8.549340;0
20210330 140800;8.549420;8.549660;8.549210;8.549660;0
20210330 140900;8.549500;8.549590;8.548910;8.548990;0
20210330 141000;8.549080;8.549550;8.548970;8.549250;0
20210330 141100;8.549310;8.549920;8.549290;8.549920;0
20210330 141200;8.549810;8.549820;8.549090;8.549740;0
20210330 141300;8.549550;8.549550;8.548020;8.548240;0
20210330 141400;8.548280;8.548530;8.547780;8.547810;0
20210330 141500;8.548170;8.548430;8.547770;8.548410;0
20210330 141600;8.548400;8.548400;8.548070;8.548260;0
20210330 141700;8.548250;8.548250;8.547700;8.547830;0
20210330 141800;8.547870;8.547950;8.547440;8.547590;0
20210330 141900;8.547530;8.547630;8.547330;8.547610;0
20210330 142000;8.547570;8.547570;8.547040;8.547130;0
20210330 142100;8.547190;8.548320;8.547190;8.548130;0
20210330 142200;8.548220;8.549120;8.547740;8.547870;0
20210330 142300;8.547820;8.548490;8.547820;8.548390;0
20210330 142400;8.548350;8.548810;8.547990;8.548600;0
20210330 142500;8.548500;8.548740;8.547700;8.548430;0
20210330 142600;8.548510;8.548820;8.547840;8.548710;0
20210330 142700;8.548660;8.549120;8.548220;8.549120;0
20210330 142800;8.548920;8.549120;8.548420;8.548430;0
20210330 142900;8.548430;8.549020;8.548340;8.548720;0
20210330 143000;8.548980;8.549060;8.548310;8.548550;0
20210330 143100;8.548560;8.548860;8.548500;8.548790;0
20210330 143200;8.548780;8.549010;8.548780;8.548840;0
20210330 143300;8.548840;8.549500;8.548590;8.548600;0
20210330 143400;8.548630;8.548730;8.548540;8.548680;0
20210330 143500;8.549000;8.549400;8.548980;8.549350;0
20210330 143600;8.549360;8.549520;8.549070;8.549120;0
20210330 143700;8.549060;8.549060;8.548200;8.548220;0
20210330 143800;8.548200;8.548240;8.548180;8.548220;0
20210330 143900;8.548270;8.549220;8.548270;8.549170;0
20210330 144000;8.549130;8.549630;8.549060;8.549430;0
20210330 144100;8.549360;8.549360;8.548860;8.548880;0
20210330 144200;8.548940;8.548940;8.548650;8.548900;0
20210330 144300;8.548900;8.549620;8.548880;8.549420;0
20210330 144400;8.549440;8.549530;8.548850;8.549100;0
20210330 144500;8.549140;8.549160;8.549100;8.549130;0
20210330 144600;8.549100;8.549320;8.548950;8.549060;0
20210330 144700;8.549060;8.549210;8.549040;8.549160;0
20210330 144800;8.549200;8.549620;8.549020;8.549130;0
20210330 144900;8.549120;8.549240;8.548930;8.549010;0
20210330 145000;8.549050;8.549280;8.548950;8.549090;0
20210330 145100;8.549070;8.549240;8.549060;8.549120;0
20210330 145200;8.549110;8.549110;8.548590;8.548680;0
20210330 145300;8.548700;8.548730;8.547780;8.548060;0
20210330 145400;8.548050;8.548510;8.548050;8.548450;0
20210330 145500;8.548450;8.548450;8.547580;8.547580;0
20210330 145600;8.547580;8.547620;8.547510;8.547600;0
20210330 145700;8.547590;8.547590;8.547030;8.547280;0
20210330 145800;8.547280;8.547280;8.544720;8.544720;0
20210330 145900;8.544770;8.545620;8.543000;8.543180;0
20210330 150000;8.543180;8.543800;8.542690;8.543150;0
20210330 150100;8.543080;8.543230;8.542740;8.542790;0
20210330 150200;8.542740;8.542820;8.540580;8.540820;0
20210330 150300;8.540840;8.540840;8.539760;8.540010;0
20210330 150400;8.540000;8.540010;8.539110;8.539720;0
20210330 150500;8.539310;8.539950;8.539190;8.539520;0
20210330 150600;8.539530;8.539530;8.538700;8.538730;0
20210330 150700;8.538770;8.538770;8.538160;8.538430;0
20210330 150800;8.538430;8.538470;8.537780;8.538130;0
20210330 150900;8.538060;8.538900;8.537670;8.538730;0
20210330 151000;8.538480;8.539390;8.538220;8.538660;0
20210330 151100;8.538660;8.539290;8.538660;8.539080;0
20210330 151200;8.539050;8.539060;8.538450;8.539060;0
20210330 151300;8.539130;8.541410;8.539130;8.541410;0
20210330 151400;8.541360;8.541410;8.540940;8.541260;0
20210330 151500;8.540900;8.541370;8.540550;8.540560;0
20210330 151600;8.540560;8.540720;8.540320;8.540500;0
20210330 151700;8.540510;8.541550;8.540510;8.541550;0
20210330 151800;8.541500;8.541510;8.540530;8.541260;0
20210330 151900;8.541270;8.541420;8.541100;8.541310;0
20210330 152000;8.541310;8.541310;8.541000;8.541270;0
20210330 152100;8.541280;8.541810;8.541270;8.541800;0
20210330 152200;8.541800;8.541930;8.541800;8.541800;0
20210330 152300;8.541610;8.541640;8.541520;8.541630;0
20210330 152400;8.541560;8.541570;8.540550;8.541010;0
20210330 152500;8.540960;8.541280;8.540670;8.540670;0
20210330 152600;8.540680;8.541460;8.540680;8.541020;0
20210330 152700;8.540960;8.541000;8.540660;8.540700;0
20210330 152800;8.540830;8.541580;8.540830;8.541580;0
20210330 152900;8.541580;8.541940;8.541580;8.541920;0
20210330 153000;8.541890;8.543140;8.541840;8.542920;0
20210330 153100;8.543080;8.543190;8.542140;8.543010;0
20210330 153200;8.542930;8.543160;8.541190;8.541550;0
20210330 153300;8.541700;8.542110;8.540670;8.540990;0
20210330 153400;8.541040;8.541360;8.540940;8.541180;0
20210330 153500;8.541070;8.542020;8.541030;8.541950;0
20210330 153600;8.541880;8.541950;8.541720;8.541950;0
20210330 153700;8.542080;8.542250;8.541950;8.542160;0
20210330 153800;8.542230;8.543150;8.542170;8.543100;0
20210330 153900;8.543120;8.543970;8.542870;8.543550;0
20210330 154000;8.543600;8.544670;8.542970;8.542970;0
20210330 154100;8.542970;8.543340;8.542010;8.542380;0
20210330 154200;8.542380;8.542390;8.541950;8.542060;0
20210330 154300;8.542100;8.542710;8.541840;8.542610;0
20210330 154400;8.542660;8.542700;8.542230;8.542560;0
20210330 154500;8.542550;8.542610;8.542470;8.542490;0
20210330 154600;8.542470;8.543550;8.542470;8.542930;0
20210330 154700;8.542920;8.542930;8.542220;8.542370;0
20210330 154800;8.542580;8.543040;8.542400;8.542650;0
20210330 154900;8.542640;8.542780;8.542640;8.542770;0
20210330 155000;8.542810;8.543380;8.542810;8.543320;0
20210330 155100;8.543350;8.543740;8.543180;8.543380;0
20210330 155200;8.543390;8.543540;8.543150;8.543220;0
20210330 155300;8.543190;8.543640;8.543050;8.543460;0
20210330 155400;8.543460;8.543530;8.543190;8.543310;0
20210330 155500;8.543340;8.547880;8.543340;8.547880;0
20210330 155600;8.548160;8.549650;8.548160;8.549200;0
20210330 155700;8.549210;8.549250;8.548300;8.548580;0
20210330 155800;8.548580;8.551400;8.548510;8.550490;0
20210330 155900;8.550490;8.550500;8.543870;8.544260;0
20210330 160000;8.544660;8.545970;8.544090;8.544580;0
20210330 160100;8.544340;8.544670;8.543790;8.544390;0
20210330 160200;8.544390;8.544850;8.544090;8.544830;0
20210330 160300;8.544830;8.544860;8.544750;8.544760;0
20210330 160400;8.544760;8.545070;8.544750;8.545070;0
20210330 160500;8.545090;8.545390;8.544940;8.545350;0
20210330 160600;8.545380;8.545470;8.545000;8.545470;0
20210330 160700;8.545470;8.546290;8.545150;8.545910;0
20210330 160800;8.546130;8.546920;8.545990;8.546150;0
20210330 160900;8.545770;8.547230;8.545680;8.547230;0
20210330 161000;8.547430;8.547790;8.547030;8.547680;0
20210330 161100;8.547690;8.548410;8.547690;8.548400;0
20210330 161200;8.548410;8.548430;8.548020;8.548120;0
20210330 161300;8.548130;8.548130;8.547780;8.547800;0
20210330 161400;8.547800;8.547940;8.547710;8.547870;0
20210330 161500;8.547920;8.548500;8.547820;8.547820;0
20210330 161600;8.547830;8.547830;8.547380;8.547410;0
20210330 161700;8.547410;8.547780;8.547410;8.547520;0
20210330 161800;8.547500;8.547510;8.547490;8.547510;0
20210330 161900;8.547510;8.547820;8.547510;8.547780;0
20210330 162000;8.547790;8.548150;8.547640;8.547930;0
20210330 162100;8.547920;8.547930;8.547870;8.547890;0
20210330 162200;8.547910;8.547910;8.547600;8.547890;0
20210330 162300;8.547890;8.547980;8.547610;8.547910;0
20210330 162400;8.547910;8.548090;8.547490;8.548060;0
20210330 162500;8.548060;8.548070;8.547640;8.548030;0
20210330 162600;8.548040;8.548040;8.547700;8.547830;0
20210330 162700;8.547830;8.547860;8.547820;8.547820;0
20210330 162800;8.547830;8.547870;8.547420;8.547520;0
20210330 162900;8.547710;8.548220;8.547200;8.547690;0
20210330 163000;8.547690;8.547990;8.547030;8.547260;0
20210330 163100;8.547390;8.547970;8.546960;8.547960;0
20210330 163200;8.547910;8.548210;8.547370;8.547960;0
20210330 163300;8.548050;8.548250;8.547760;8.548020;0
20210330 163400;8.548050;8.548120;8.547620;8.548020;0
20210330 163500;8.548030;8.548690;8.548030;8.548600;0
20210330 163600;8.548560;8.550060;8.548380;8.548960;0
20210330 163700;8.548960;8.549110;8.547800;8.548490;0
20210330 163800;8.548490;8.548890;8.547750;8.548890;0
20210330 163900;8.548700;8.549320;8.548530;8.548930;0
20210330 164000;8.548690;8.548720;8.548000;8.548400;0
20210330 164100;8.548530;8.548530;8.547510;8.547800;0
20210330 164200;8.547770;8.548140;8.547620;8.547910;0
20210330 164300;8.547710;8.548700;8.547710;8.548700;0
20210330 164400;8.548700;8.548710;8.547550;8.547560;0
20210330 164500;8.547420;8.548420;8.547410;8.548410;0
20210330 164600;8.548410;8.548410;8.548120;8.548410;0
20210330 164700;8.548410;8.548410;8.548410;8.548410;0
20210330 164800;8.548710;8.549010;8.548710;8.549000;0
20210330 164900;8.549000;8.549370;8.549000;8.549220;0
20210330 165000;8.549220;8.549320;8.548880;8.548890;0
20210330 165100;8.548890;8.549090;8.548650;8.548870;0
20210330 165200;8.548650;8.549010;8.548500;8.548500;0
20210330 165300;8.548790;8.548790;8.548570;8.548570;0
20210330 165400;8.548650;8.549310;8.548530;8.549020;0
20210330 165500;8.548300;8.549330;8.548300;8.548450;0
20210330 165600;8.548370;8.548950;8.548370;8.548950;0
20210330 165700;8.548950;8.551530;8.548930;8.551220;0
20210330 165800;8.551120;8.552620;8.550830;8.552220;0
20210330 165900;8.552320;8.552720;8.549220;8.549220;0
20210330 170000;8.550720;8.554720;8.550720;8.554020;0
20210330 170100;8.554030;8.554120;8.554030;8.554120;0
20210330 170200;8.554120;8.554620;8.554120;8.554620;0
20210330 170300;8.554720;8.555020;8.554430;8.554920;0
20210330 170400;8.554920;8.554920;8.554920;8.554920;0
20210330 170500;8.555120;8.555320;8.555120;8.555320;0
20210330 170600;8.555730;8.555930;8.555630;8.555720;0
20210330 170700;8.555520;8.555520;8.555320;8.555320;0
20210330 170800;8.555320;8.555320;8.555320;8.555320;0
20210330 170900;8.555630;8.555830;8.555630;8.555830;0
20210330 171000;8.555820;8.555820;8.555120;8.555120;0
20210330 171200;8.555730;8.555730;8.555120;8.555220;0
20210330 171300;8.555020;8.555020;8.555020;8.555020;0
20210330 171400;8.555030;8.555030;8.551820;8.551820;0
20210330 171500;8.551920;8.551920;8.551920;8.551920;0
20210330 171600;8.551830;8.551830;8.551620;8.551620;0
20210330 171700;8.551720;8.551720;8.551520;8.551520;0
20210330 171800;8.551020;8.551020;8.550920;8.550920;0
20210330 171900;8.550820;8.550820;8.550820;8.550820;0
20210330 172200;8.550720;8.550720;8.550630;8.550630;0
20210330 172300;8.550520;8.550520;8.550520;8.550520;0
20210330 172400;8.550620;8.550620;8.550620;8.550620;0
20210330 172500;8.550520;8.550520;8.550420;8.550420;0
20210330 172700;8.550720;8.550720;8.550720;8.550720;0
20210330 172900;8.551220;8.551220;8.551220;8.551220;0
20210330 173000;8.554420;8.554420;8.551120;8.551320;0
20210330 173100;8.551220;8.551420;8.551220;8.551420;0
20210330 173200;8.551520;8.551520;8.551520;8.551520;0
20210330 173500;8.552720;8.552720;8.552220;8.552220;0
20210330 173700;8.552020;8.552020;8.551830;8.551830;0
20210330 173800;8.551620;8.551620;8.551520;8.551520;0
20210330 173900;8.551330;8.551330;8.551330;8.551330;0
20210330 174000;8.551230;8.551230;8.551230;8.551230;0
20210330 174300;8.550920;8.550920;8.550920;8.550920;0
20210330 174400;8.550820;8.551020;8.550820;8.551020;0
20210330 174700;8.551120;8.551120;8.551120;8.551120;0
20210330 174800;8.551520;8.551520;8.551520;8.551520;0
20210330 174900;8.552030;8.552030;8.551920;8.551920;0
20210330 175000;8.551620;8.551620;8.551320;8.551320;0
20210330 175100;8.551220;8.551330;8.551220;8.551330;0
20210330 175200;8.551530;8.551720;8.551220;8.551220;0
20210330 175300;8.550720;8.551520;8.550720;8.551420;0
20210330 175700;8.551520;8.551520;8.551520;8.551520;0
20210330 175800;8.551230;8.551230;8.551230;8.551230;0
20210330 180000;8.554420;8.554420;8.547520;8.549930;0
20210330 180100;8.550230;8.552220;8.549420;8.549420;0
20210330 180200;8.549130;8.550920;8.549030;8.549920;0
20210330 180300;8.549830;8.550840;8.548770;8.550020;0
20210330 180400;8.549920;8.552220;8.548020;8.550940;0
20210330 180500;8.550710;8.550920;8.546720;8.547230;0
20210330 180600;8.547420;8.548720;8.547220;8.548430;0
20210330 180700;8.548320;8.549810;8.547220;8.547720;0
20210330 180800;8.547920;8.548620;8.547120;8.547220;0
20210330 180900;8.547420;8.548620;8.547220;8.547820;0
20210330 181000;8.547620;8.549820;8.547220;8.549570;0
20210330 181100;8.549180;8.550220;8.546620;8.547220;0
20210330 181200;8.547130;8.549720;8.546920;8.548620;0
20210330 181300;8.548910;8.550280;8.548120;8.549360;0
20210330 181400;8.549710;8.551270;8.548740;8.549120;0
20210330 181500;8.549110;8.551010;8.547290;8.547500;0
20210330 181600;8.547790;8.552200;8.547320;8.548120;0
20210330 181700;8.548220;8.549320;8.547520;8.548720;0
20210330 181800;8.548820;8.551810;8.547120;8.551130;0
20210330 181900;8.551130;8.551620;8.548720;8.550220;0
20210330 182000;8.550020;8.552290;8.549420;8.549620;0
20210330 182100;8.549520;8.550330;8.549020;8.549430;0
20210330 182200;8.549620;8.552100;8.548820;8.549520;0
20210330 182300;8.549220;8.550930;8.547620;8.550930;0
20210330 182400;8.550920;8.552210;8.548520;8.548920;0
20210330 182500;8.548820;8.551940;8.548320;8.548320;0
20210330 182600;8.548020;8.549220;8.548020;8.548920;0
20210330 182700;8.549030;8.551930;8.548420;8.548420;0
20210330 182800;8.548520;8.551580;8.548120;8.551300;0
20210330 182900;8.551300;8.551630;8.548120;8.549720;0
20210330 183000;8.549420;8.551990;8.548520;8.549430;0
20210330 183100;8.549520;8.551720;8.548720;8.549520;0
20210330 183200;8.549720;8.550530;8.549320;8.550430;0
20210330 183300;8.550330;8.551840;8.549330;8.551020;0
20210330 183400;8.550920;8.551130;8.548820;8.551120;0
20210330 183500;8.550720;8.552120;8.545820;8.546020;0
20210330 183600;8.546120;8.552220;8.545920;8.548720;0
20210330 183700;8.548820;8.550850;8.548520;8.550220;0
20210330 183800;8.550330;8.553340;8.549020;8.549020;0
20210330 183900;8.549120;8.549720;8.548720;8.549220;0
20210330 184000;8.549320;8.552400;8.548520;8.550020;0
20210330 184100;8.550220;8.550630;8.548730;8.549920;0
20210330 184200;8.550020;8.551560;8.548320;8.548520;0
20210330 184300;8.548920;8.550720;8.547820;8.548830;0
20210330 184400;8.548730;8.549620;8.548520;8.549520;0
20210330 184500;8.548920;8.550330;8.547820;8.548020;0
20210330 184600;8.548420;8.551530;8.548030;8.548620;0
20210330 184700;8.548720;8.551000;8.548430;8.550040;0
20210330 184800;8.550430;8.551850;8.548220;8.548220;0
20210330 184900;8.548520;8.550670;8.546930;8.548920;0
20210330 185000;8.549020;8.551450;8.549020;8.550420;0
20210330 185100;8.550620;8.550910;8.548130;8.549930;0
20210330 185200;8.550020;8.553270;8.550020;8.552570;0
20210330 185300;8.552940;8.554060;8.549030;8.549230;0
20210330 185400;8.549320;8.552350;8.548820;8.551960;0
20210330 185500;8.551950;8.552270;8.547720;8.550340;0
20210330 185600;8.550520;8.551270;8.549120;8.549620;0
20210330 185700;8.549720;8.551500;8.549430;8.551500;0
20210330 185800;8.551510;8.551510;8.547720;8.548020;0
20210330 185900;8.547920;8.550520;8.547230;8.550120;0
20210330 190000;8.550020;8.553020;8.549420;8.551330;0
20210330 190100;8.551420;8.553120;8.549920;8.550320;0
20210330 190200;8.550220;8.551320;8.548920;8.549020;0
20210330 190300;8.549230;8.550720;8.548520;8.548620;0
20210330 190400;8.548720;8.549830;8.548420;8.548720;0
20210330 190500;8.548620;8.549630;8.547020;8.548120;0
20210330 190600;8.548220;8.548820;8.545530;8.545620;0
20210330 190700;8.545720;8.548420;8.545620;8.547220;0
20210330 190800;8.547020;8.549620;8.546820;8.548020;0
20210330 190900;8.548220;8.549120;8.547020;8.547720;0
20210330 191000;8.548120;8.548830;8.547420;8.547530;0
20210330 191100;8.547630;8.549120;8.547320;8.547620;0
20210330 191200;8.547820;8.548820;8.547120;8.548520;0
20210330 191300;8.549030;8.549030;8.546920;8.547120;0
20210330 191400;8.547230;8.548420;8.547230;8.548020;0
20210330 191500;8.548120;8.549420;8.547330;8.547420;0
20210330 191600;8.547530;8.548920;8.547120;8.547620;0
20210330 191700;8.547720;8.548320;8.546120;8.547220;0
20210330 191800;8.547020;8.548220;8.546520;8.547520;0
20210330 191900;8.547630;8.549120;8.546620;8.546720;0
20210330 192000;8.546830;8.548420;8.546720;8.548420;0
20210330 192100;8.547530;8.548720;8.546920;8.547220;0
20210330 192200;8.547420;8.548020;8.545720;8.546620;0
20210330 192300;8.546730;8.547330;8.545220;8.547220;0
20210330 192400;8.547320;8.547620;8.545230;8.545630;0
20210330 192500;8.545520;8.546920;8.544820;8.545020;0
20210330 192600;8.545130;8.546820;8.544920;8.545330;0
20210330 192700;8.545220;8.546830;8.545120;8.545320;0
20210330 192800;8.545220;8.547430;8.545220;8.545530;0
20210330 192900;8.545820;8.546820;8.545420;8.546020;0
20210330 193000;8.546120;8.546430;8.544720;8.545620;0
20210330 193100;8.545820;8.548280;8.545430;8.546020;0
20210330 193200;8.545920;8.546120;8.544520;8.544620;0
20210330 193300;8.544520;8.547120;8.544520;8.546230;0
20210330 193400;8.546520;8.548180;8.544720;8.544720;0
20210330 193500;8.544820;8.546320;8.544420;8.544620;0
20210330 193600;8.544520;8.547150;8.544520;8.545220;0
20210330 193700;8.545030;8.546720;8.544620;8.545420;0
20210330 193800;8.545620;8.546630;8.545020;8.545230;0
20210330 193900;8.545120;8.546320;8.544720;8.545020;0
20210330 194000;8.544920;8.546220;8.544420;8.544830;0
20210330 194100;8.545020;8.546530;8.544520;8.545520;0
20210330 194200;8.545320;8.546420;8.544530;8.545030;0
20210330 194300;8.544920;8.547620;8.544820;8.545320;0
20210330 194400;8.545020;8.547430;8.544420;8.544720;0
20210330 194500;8.545030;8.546120;8.544030;8.545330;0
20210330 194600;8.544720;8.545830;8.544320;8.544720;0
20210330 194700;8.544520;8.546120;8.544030;8.544320;0
20210330 194800;8.544520;8.547460;8.543720;8.543720;0
20210330 194900;8.543820;8.545620;8.543220;8.543920;0
20210330 195000;8.544030;8.545220;8.543520;8.544920;0
20210330 195100;8.545030;8.547180;8.543620;8.544620;0
20210330 195200;8.544320;8.544720;8.543430;8.543920;0
20210330 195300;8.544230;8.546020;8.543620;8.545920;0
20210330 195400;8.546020;8.547320;8.544320;8.545720;0
20210330 195500;8.545930;8.546880;8.544220;8.545420;0
20210330 195600;8.545520;8.545620;8.544220;8.544620;0
20210330 195700;8.544720;8.545710;8.544320;8.544920;0
20210330 195800;8.545370;8.545720;8.542720;8.543020;0
20210330 195900;8.543050;8.545400;8.542320;8.543920;0
20210330 200000;8.543820;8.546220;8.543520;8.545220;0
20210330 200100;8.545320;8.550070;8.545220;8.550070;0
20210330 200200;8.550070;8.551560;8.542720;8.543830;0
20210330 200300;8.543420;8.544820;8.541230;8.542620;0
20210330 200400;8.542820;8.548020;8.542420;8.545730;0
20210330 200500;8.545630;8.548920;8.545630;8.548920;0
20210330 200600;8.549220;8.549280;8.548710;8.549280;0
20210330 200700;8.549600;8.550030;8.549600;8.550030;0
20210330 200800;8.549880;8.549880;8.549310;8.549310;0
20210330 200900;8.549170;8.550030;8.549170;8.549660;0
20210330 201000;8.549530;8.549530;8.548480;8.548560;0
20210330 201100;8.548770;8.549210;8.547160;8.547800;0
20210330 201200;8.547650;8.547650;8.547650;8.547650;0
20210330 201300;8.547870;8.548450;8.547730;8.547730;0
20210330 201400;8.547300;8.547360;8.546120;8.546120;0
20210330 201500;8.545980;8.547920;8.545980;8.547610;0
20210330 201600;8.547610;8.548100;8.547300;8.547310;0
20210330 201700;8.547310;8.547370;8.547300;8.547300;0
20210330 201800;8.547230;8.547380;8.547080;8.547370;0
20210330 201900;8.547440;8.547510;8.547080;8.547080;0
20210330 202000;8.546930;8.546930;8.546640;8.546640;0
20210330 202100;8.546640;8.546640;8.546640;8.546640;0
20210330 202200;8.546710;8.547090;8.546710;8.547090;0
20210330 202300;8.546860;8.547250;8.546420;8.546860;0
20210330 202400;8.546860;8.547080;8.541050;8.541870;0
20210330 202500;8.541540;8.544710;8.541140;8.544710;0
20210330 202600;8.544710;8.545580;8.543980;8.543980;0
20210330 202700;8.544190;8.544190;8.544040;8.544040;0
20210330 202800;8.544040;8.544040;8.541300;8.541440;0
20210330 202900;8.541450;8.542400;8.541450;8.542400;0
20210330 203000;8.542330;8.542390;8.541750;8.541950;0
20210330 203100;8.541950;8.542250;8.539840;8.541840;0
20210330 203200;8.541990;8.542060;8.541330;8.541420;0
20210330 203300;8.541490;8.541490;8.538920;8.541020;0
20210330 203400;8.541020;8.541510;8.540550;8.540770;0
20210330 203500;8.540850;8.540850;8.539910;8.540120;0
20210330 203600;8.540270;8.542250;8.539460;8.542250;0
20210330 203700;8.542470;8.545760;8.542470;8.545560;0
20210330 203800;8.545710;8.545720;8.540800;8.542460;0
20210330 203900;8.542520;8.542830;8.542050;8.542740;0
20210330 204000;8.542910;8.543230;8.542760;8.543190;0
20210330 204100;8.543230;8.543590;8.542940;8.542940;0
20210330 204200;8.542570;8.544320;8.542570;8.543000;0
20210330 204300;8.542870;8.542870;8.542280;8.542420;0
20210330 204400;8.542640;8.543150;8.542640;8.543150;0
20210330 204500;8.543300;8.543660;8.542390;8.542390;0
20210330 204800;8.542170;8.543950;8.542170;8.543650;0
20210330 204900;8.543580;8.545030;8.543580;8.544510;0
20210330 205000;8.544440;8.544440;8.540020;8.541420;0
20210330 205100;8.541420;8.544540;8.540260;8.540260;0
20210330 205200;8.540260;8.542090;8.539940;8.542090;0
20210330 205300;8.542030;8.545680;8.541870;8.545670;0
20210330 205400;8.545520;8.545750;8.542640;8.543000;0
20210330 205500;8.543070;8.543890;8.539030;8.543140;0
20210330 205600;8.543280;8.544870;8.542680;8.542680;0
20210330 205700;8.542610;8.543950;8.542540;8.543950;0
20210330 205800;8.543970;8.544140;8.543410;8.544020;0
20210330 205900;8.544150;8.544150;8.541520;8.543320;0
20210330 210000;8.543520;8.544720;8.542380;8.543220;0
20210330 210100;8.543020;8.544400;8.542860;8.544400;0
20210330 210200;8.544460;8.546330;8.542130;8.542420;0
20210330 210300;8.542620;8.544730;8.542620;8.543560;0
20210330 210400;8.543730;8.544170;8.543700;8.544170;0
20210330 210500;8.544030;8.544100;8.543670;8.543750;0
20210330 210600;8.543820;8.544320;8.543820;8.544250;0
20210330 210700;8.544110;8.544110;8.543670;8.543670;0
20210330 210800;8.543680;8.543830;8.542720;8.542790;0
20210330 210900;8.542590;8.543170;8.542360;8.543170;0
20210330 211000;8.543160;8.544260;8.543160;8.543890;0
20210330 211100;8.543960;8.545360;8.543960;8.545210;0
20210330 211200;8.545350;8.545490;8.544250;8.544250;0
20210330 211300;8.544330;8.544330;8.544180;8.544250;0
20210330 211400;8.544260;8.545520;8.544260;8.544950;0
20210330 211500;8.544810;8.544810;8.544580;8.544710;0
20210330 211600;8.543530;8.545190;8.542160;8.544580;0
20210330 211700;8.544720;8.545040;8.544350;8.544570;0
20210330 211800;8.544500;8.544680;8.544500;8.544680;0
20210330 211900;8.544820;8.544970;8.544820;8.544970;0
20210330 212000;8.545020;8.545320;8.544970;8.545190;0
20210330 212100;8.545220;8.548890;8.544090;8.546320;0
20210330 212200;8.546220;8.546320;8.545620;8.546060;0
20210330 212300;8.546270;8.547360;8.546190;8.547360;0
20210330 212400;8.547280;8.548380;8.547280;8.548310;0
20210330 212500;8.548460;8.549300;8.548460;8.549300;0
20210330 212600;8.549150;8.549190;8.548970;8.549060;0
20210330 212700;8.549040;8.549480;8.548240;8.549190;0
20210330 212800;8.549110;8.549480;8.548970;8.548970;0
20210330 212900;8.548900;8.549330;8.548900;8.549190;0
20210330 213000;8.549180;8.550320;8.549180;8.550060;0
20210330 213100;8.550120;8.550430;8.549910;8.550210;0
20210330 213200;8.550270;8.550490;8.549530;8.550430;0
20210330 213300;8.550320;8.554290;8.550310;8.551420;0
20210330 213400;8.551120;8.554870;8.550120;8.554270;0
20210330 213500;8.554300;8.554870;8.553200;8.554770;0
20210330 213600;8.555020;8.555170;8.548120;8.551230;0
20210330 213700;8.551080;8.551080;8.550060;8.550760;0
20210330 213800;8.550670;8.550670;8.550670;8.550670;0
20210330 213900;8.550820;8.551040;8.550820;8.550830;0
20210330 214000;8.550840;8.552010;8.550840;8.551800;0
20210330 214100;8.551800;8.552040;8.551750;8.551970;0
20210330 214200;8.551820;8.552040;8.551590;8.552030;0
20210330 214300;8.551880;8.552790;8.551880;8.552790;0
20210330 214400;8.552930;8.553670;8.552330;8.553150;0
20210330 214500;8.552930;8.552930;8.550520;8.551230;0
20210330 214600;8.551370;8.551370;8.550790;8.551150;0
20210330 214700;8.551370;8.551740;8.551220;8.551360;0
20210330 214800;8.551450;8.551550;8.551290;8.551550;0
20210330 214900;8.551550;8.552130;8.551550;8.552050;0
20210330 215000;8.551910;8.551910;8.551770;8.551770;0
20210330 215100;8.551760;8.551760;8.550740;8.550880;0
20210330 215200;8.550820;8.550880;8.550230;8.550880;0
20210330 215300;8.550740;8.550740;8.550300;8.550520;0
20210330 215400;8.550460;8.551030;8.550460;8.551030;0
20210330 215500;8.551190;8.551400;8.550960;8.550960;0
20210330 215600;8.550040;8.550040;8.547520;8.547910;0
20210330 215700;8.548300;8.549000;8.548010;8.548390;0
20210330 215800;8.548520;8.548700;8.548050;8.548300;0
20210330 215900;8.548320;8.548320;8.548010;8.548010;0
20210330 220000;8.548230;8.548820;8.548230;8.548450;0
20210330 220100;8.548380;8.548890;8.548380;8.548890;0
20210330 220200;8.549020;8.552380;8.549020;8.552010;0
20210330 220300;8.551930;8.552380;8.551930;8.552380;0
20210330 220400;8.552380;8.552680;8.552380;8.552520;0
20210330 220500;8.552450;8.553560;8.552450;8.553320;0
20210330 220600;8.553250;8.553320;8.552450;8.552450;0
20210330 220700;8.552600;8.553320;8.552600;8.553050;0
20210330 220800;8.552900;8.552940;8.552380;8.552940;0
20210330 220900;8.552860;8.552870;8.552280;8.552280;0
20210330 221000;8.552420;8.552870;8.552420;8.552790;0
20210330 221100;8.552650;8.552870;8.552350;8.552570;0
20210330 221200;8.552720;8.552860;8.552640;8.552640;0
20210330 221300;8.552720;8.552860;8.552360;8.552360;0
20210330 221400;8.552430;8.552500;8.552280;8.552350;0
20210330 221500;8.552290;8.552730;8.552060;8.552430;0
20210330 221600;8.552280;8.552570;8.552130;8.552420;0
20210330 221700;8.552130;8.552500;8.551620;8.551620;0
20210330 221800;8.551770;8.552420;8.551630;8.551690;0
20210330 221900;8.551840;8.552060;8.551770;8.551770;0
20210330 222000;8.551920;8.551920;8.551490;8.551490;0
20210330 222100;8.551560;8.552000;8.551470;8.551840;0
20210330 222200;8.551910;8.552200;8.551910;8.552200;0
20210330 222300;8.552290;8.552420;8.552060;8.552420;0
20210330 222500;8.552500;8.557980;8.552500;8.554820;0
20210330 222600;8.554920;8.555430;8.554240;8.555220;0
20210330 222700;8.555020;8.555120;8.554370;8.554680;0
20210330 222800;8.554730;8.554730;8.554500;8.554500;0
20210330 222900;8.554350;8.554430;8.554130;8.554130;0
20210330 223000;8.554350;8.559170;8.550010;8.554370;0
20210330 223100;8.554700;8.556720;8.550010;8.550030;0
20210330 223200;8.550050;8.560250;8.549460;8.552220;0
20210330 223300;8.552320;8.554340;8.549720;8.554340;0
20210330 223400;8.554470;8.555020;8.552710;8.555020;0
20210330 223500;8.552540;8.559980;8.552540;8.556410;0
20210330 223600;8.556400;8.557890;8.556190;8.557710;0
20210330 223700;8.557870;8.558060;8.557560;8.557560;0
20210330 223800;8.557490;8.557520;8.557130;8.557520;0
20210330 223900;8.557740;8.557960;8.557450;8.557600;0
20210330 224000;8.557740;8.558170;8.557740;8.558100;0
20210330 224100;8.558030;8.558030;8.557660;8.557660;0
20210330 224200;8.557750;8.557980;8.557690;8.557840;0
20210330 224300;8.557760;8.558420;8.557760;8.558420;0
20210330 224400;8.558350;8.558420;8.555920;8.556550;0
20210330 224500;8.556460;8.561120;8.555920;8.557070;0
20210330 224600;8.557000;8.557150;8.556250;8.557090;0
20210330 224700;8.557160;8.557310;8.557090;8.557310;0
20210330 224900;8.557090;8.557090;8.556720;8.556950;0
20210330 225000;8.557230;8.557320;8.557040;8.557320;0
20210330 225100;8.557250;8.557320;8.557250;8.557300;0
20210330 225200;8.557310;8.557310;8.557260;8.557260;0
20210330 225300;8.557260;8.557260;8.556630;8.556640;0
20210330 225400;8.556560;8.558380;8.555920;8.555920;0
20210330 225500;8.555970;8.556810;8.555920;8.556650;0
20210330 225600;8.556510;8.557190;8.556310;8.557030;0
20210330 225700;8.557030;8.558060;8.556730;8.557990;0
20210330 225800;8.557920;8.561560;8.557920;8.560990;0
20210330 225900;8.560910;8.561000;8.560620;8.561000;0
20210330 230000;8.561060;8.564620;8.556330;8.558020;0
20210330 230100;8.558020;8.559350;8.557890;8.559350;0
20210330 230200;8.559640;8.559840;8.558890;8.559030;0
20210330 230300;8.558890;8.559180;8.558890;8.559180;0
20210330 230400;8.559030;8.559690;8.559030;8.559690;0
20210330 230500;8.559910;8.560860;8.559910;8.560860;0
20210330 230600;8.560980;8.561920;8.560980;8.561570;0
20210330 230700;8.561340;8.562420;8.561340;8.562420;0
20210330 230800;8.562230;8.562420;8.560770;8.560910;0
20210330 230900;8.560990;8.560990;8.559600;8.559960;0
20210330 231000;8.559740;8.560250;8.559740;8.560250;0
20210330 231100;8.560330;8.561060;8.560330;8.561060;0
20210330 231200;8.560840;8.560850;8.560430;8.560630;0
20210330 231300;8.560690;8.560690;8.560000;8.560160;0
20210330 231400;8.560000;8.560000;8.559640;8.559790;0
20210330 231500;8.559640;8.560010;8.559420;8.559420;0
20210330 231600;8.559500;8.559860;8.559490;8.559650;0
20210330 231700;8.559710;8.560000;8.552250;8.556950;0
20210330 231800;8.557040;8.557320;8.556950;8.556950;0
20210330 231900;8.556920;8.557520;8.556920;8.557520;0
20210330 232000;8.557590;8.557590;8.557150;8.557370;0
20210330 232100;8.557300;8.557300;8.557080;8.557150;0
20210330 232200;8.557150;8.557460;8.556710;8.557380;0
20210330 232300;8.557530;8.557530;8.557150;8.557150;0
20210330 232400;8.557230;8.557340;8.556620;8.556620;0
20210330 232500;8.556590;8.556790;8.556350;8.556790;0
20210330 232600;8.556790;8.556790;8.556240;8.556240;0
20210330 232700;8.556100;8.556100;8.555680;8.555980;0
20210330 232800;8.555980;8.556850;8.555830;8.556440;0
20210330 232900;8.556510;8.556510;8.555780;8.555780;0
20210330 233000;8.555660;8.555660;8.552300;8.553210;0
20210330 233100;8.553310;8.553590;8.553310;8.553440;0
20210330 233200;8.553370;8.553370;8.553070;8.553140;0
20210330 233300;8.553070;8.553430;8.553070;8.553430;0
20210330 233400;8.553580;8.553660;8.553360;8.553430;0
20210330 233500;8.553590;8.553810;8.553430;8.553600;0
20210330 233600;8.553730;8.553900;8.553680;8.553830;0
20210330 233700;8.553970;8.554040;8.553900;8.553900;0
20210330 233800;8.553900;8.554050;8.553560;8.553940;0
20210330 233900;8.553790;8.553790;8.553420;8.553420;0
20210330 234000;8.553370;8.553370;8.553060;8.553060;0
20210330 234100;8.553210;8.553360;8.553210;8.553360;0
20210330 234200;8.553420;8.553720;8.553420;8.553580;0
20210330 234300;8.553420;8.553420;8.553130;8.553280;0
20210330 234400;8.553350;8.553510;8.553070;8.553070;0
20210330 234500;8.553280;8.553420;8.553130;8.553200;0
20210330 234600;8.553350;8.553350;8.553200;8.553350;0
20210330 234700;8.553500;8.553650;8.553420;8.553530;0
20210330 234800;8.553760;8.554150;8.553710;8.554150;0
20210330 234900;8.554220;8.554800;8.554220;8.554520;0
20210330 235000;8.554450;8.554670;8.554450;8.554670;0
20210330 235100;8.554590;8.554590;8.554290;8.554590;0
20210330 235200;8.554660;8.554680;8.554660;8.554680;0
20210330 235300;8.554750;8.554750;8.554680;8.554740;0
20210330 235400;8.554810;8.554810;8.554680;8.554680;0
20210330 235500;8.554520;8.554520;8.554300;8.554300;0
20210330 235600;8.554520;8.554600;8.554370;8.554600;0
20210330 235700;8.554520;8.554520;8.554220;8.554220;0
20210330 235800;8.554160;8.554160;8.553710;8.554000;0
20210330 235900;8.554070;8.554380;8.554010;8.554370;0
20210331 000000;8.554320;8.554730;8.554320;8.554670;0
20210331 000100;8.554810;8.554960;8.554800;8.554960;0
20210331 000200;8.554820;8.555040;8.554820;8.554900;0
20210331 000300;8.555040;8.555420;8.555040;8.555410;0
20210331 000400;8.555270;8.555270;8.555050;8.555190;0
20210331 000500;8.555190;8.555190;8.554750;8.554900;0
20210331 000600;8.554750;8.554750;8.554170;8.554170;0
20210331 000700;8.554310;8.554530;8.554300;8.554300;0
20210331 000800;8.554230;8.554590;8.554010;8.554590;0
20210331 000900;8.554520;8.554810;8.554520;8.554810;0
20210331 001000;8.554810;8.555090;8.554750;8.554870;0
20210331 001100;8.554800;8.555090;8.554510;8.554510;0
20210331 001200;8.554730;8.554880;8.554730;8.554880;0
20210331 001300;8.555020;8.555100;8.555020;8.555100;0
20210331 001400;8.554960;8.555100;8.554960;8.555020;0
20210331 001500;8.555170;8.555470;8.555100;8.555470;0
20210331 001600;8.555410;8.555410;8.555110;8.555110;0
20210331 001700;8.555320;8.555990;8.555250;8.555990;0
20210331 001800;8.555910;8.555910;8.555780;8.555910;0
20210331 001900;8.555980;8.556130;8.555980;8.556060;0
20210331 002000;8.555910;8.555930;8.555790;8.555790;0
20210331 002100;8.555930;8.556670;8.555930;8.556670;0
20210331 002200;8.556730;8.556730;8.556610;8.556660;0
20210331 002300;8.556730;8.556730;8.556450;8.556590;0
20210331 002400;8.556670;8.556740;8.556440;8.556440;0
20210331 002500;8.556370;8.556370;8.556220;8.556370;0
20210331 002800;8.556220;8.556510;8.556220;8.556510;0
20210331 002900;8.556660;8.556660;8.556660;8.556660;0
20210331 003000;8.556600;8.556600;8.556370;8.556370;0
20210331 003100;8.556520;8.556600;8.556510;8.556590;0
20210331 003200;8.556730;8.556730;8.556370;8.556370;0
20210331 003300;8.556370;8.556370;8.556370;8.556370;0
20210331 003400;8.556460;8.556530;8.556440;8.556530;0
20210331 003500;8.556510;8.556510;8.556170;8.556170;0
20210331 003600;8.555950;8.555950;8.555590;8.555730;0
20210331 003700;8.555810;8.555880;8.555380;8.555730;0
20210331 003800;8.555810;8.555880;8.555810;8.555880;0
20210331 003900;8.555810;8.555810;8.555370;8.555440;0
20210331 004000;8.555520;8.555520;8.554500;8.554500;0
20210331 004100;8.554650;8.555310;8.554650;8.555310;0
20210331 004200;8.555230;8.555510;8.555220;8.555300;0
20210331 004300;8.555240;8.555370;8.555000;8.555150;0
20210331 004400;8.555230;8.555230;8.554720;8.554720;0
20210331 004500;8.554660;8.554790;8.554430;8.554720;0
20210331 004600;8.554590;8.554660;8.554590;8.554660;0
20210331 004700;8.554580;8.554580;8.554580;8.554580;0
20210331 004800;8.554660;8.554880;8.554660;8.554880;0
20210331 004900;8.555020;8.555100;8.554880;8.554880;0
20210331 005000;8.554660;8.554660;8.554580;8.554580;0
20210331 005200;8.554800;8.555020;8.554800;8.555020;0
20210331 005300;8.555100;8.555910;8.555100;8.555530;0
20210331 005400;8.555680;8.556660;8.555680;8.555930;0
20210331 005500;8.556150;8.556150;8.555800;8.555800;0
20210331 005600;8.555710;8.555710;8.555130;8.555130;0
20210331 005700;8.555060;8.555060;8.554250;8.554250;0
20210331 005800;8.554320;8.554320;8.554030;8.554250;0
20210331 005900;8.554180;8.554690;8.554100;8.554100;0
20210331 010000;8.553950;8.554400;8.553950;8.554320;0
20210331 010100;8.554110;8.554230;8.553930;8.553930;0
20210331 010200;8.554040;8.554040;8.553770;8.553770;0
20210331 010300;8.553900;8.554480;8.553900;8.554480;0
20210331 010400;8.554530;8.554670;8.554450;8.554450;0
20210331 010500;8.554480;8.555660;8.554480;8.555090;0
20210331 010600;8.555220;8.557550;8.555220;8.557430;0
20210331 010700;8.557550;8.557960;8.557240;8.557590;0
20210331 010800;8.557390;8.557450;8.556510;8.556660;0
20210331 010900;8.556510;8.556880;8.556510;8.556520;0
20210331 011000;8.556450;8.556450;8.556290;8.556360;0
20210331 011100;8.556290;8.556290;8.555520;8.555740;0
20210331 011200;8.555740;8.555880;8.555740;8.555740;0
20210331 011300;8.555810;8.555810;8.555660;8.555660;0
20210331 011400;8.555740;8.556100;8.555740;8.556040;0
20210331 011500;8.555970;8.556320;8.555750;8.555750;0
20210331 011600;8.555620;8.555620;8.555530;8.555530;0
20210331 011700;8.555450;8.555450;8.555390;8.555390;0
20210331 011800;8.555250;8.555260;8.555250;8.555260;0
20210331 011900;8.555390;8.555690;8.555250;8.555390;0
20210331 012000;8.555170;8.555170;8.554510;8.554510;0
20210331 012100;8.554220;8.554510;8.554000;8.554510;0
20210331 012200;8.554580;8.554580;8.554440;8.554480;0
20210331 012300;8.554560;8.555210;8.554560;8.555210;0
20210331 012400;8.555140;8.556290;8.554800;8.556290;0
20210331 012500;8.556440;8.556440;8.555840;8.556070;0
20210331 012600;8.556290;8.556290;8.556290;8.556290;0
20210331 012700;8.556300;8.558040;8.556140;8.557560;0
20210331 012800;8.557700;8.558230;8.557650;8.557650;0
20210331 012900;8.557580;8.557960;8.557440;8.557580;0
20210331 013000;8.557460;8.557460;8.557460;8.557460;0
20210331 013100;8.557310;8.557310;8.551260;8.552510;0
20210331 013200;8.552570;8.552710;8.551870;8.552620;0
20210331 013300;8.552620;8.553210;8.552620;8.553200;0
20210331 013400;8.553200;8.553220;8.553200;8.553210;0
20210331 013500;8.553210;8.553500;8.553210;8.553500;0
20210331 013600;8.553500;8.553640;8.553120;8.553180;0
20210331 013700;8.553110;8.553110;8.552340;8.552700;0
20210331 013800;8.552700;8.552700;8.552150;8.552320;0
20210331 013900;8.552390;8.552460;8.552240;8.552260;0
20210331 014000;8.552320;8.552690;8.552320;8.552610;0
20210331 014100;8.552540;8.552540;8.552390;8.552390;0
20210331 014200;8.552530;8.552680;8.552460;8.552460;0
20210331 014300;8.552610;8.552900;8.552610;8.552750;0
20210331 014400;8.552610;8.553260;8.552240;8.553260;0
20210331 014500;8.553190;8.553260;8.552430;8.552430;0
20210331 014600;8.552360;8.552370;8.552060;8.552210;0
20210331 014700;8.552300;8.552510;8.552300;8.552510;0
20210331 014800;8.552280;8.552570;8.550290;8.550360;0
20210331 014900;8.552040;8.553270;8.550240;8.551280;0
20210331 015000;8.551140;8.552000;8.551140;8.551940;0
20210331 015100;8.551930;8.552310;8.551930;8.552310;0
20210331 015200;8.552410;8.552470;8.551900;8.551900;0
20210331 015300;8.551830;8.551830;8.549070;8.550140;0
20210331 015400;8.550070;8.550860;8.550070;8.550860;0
20210331 015500;8.550940;8.553210;8.550940;8.552920;0
20210331 015600;8.552770;8.554670;8.552630;8.554470;0
20210331 015700;8.554530;8.554970;8.552010;8.554880;0
20210331 015800;8.554940;8.554940;8.551570;8.551570;0
20210331 015900;8.551780;8.552440;8.551500;8.552150;0
20210331 020000;8.552560;8.554570;8.550220;8.554250;0
20210331 020100;8.554300;8.554790;8.553540;8.554220;0
20210331 020200;8.554180;8.555170;8.553420;8.555170;0
20210331 020300;8.555190;8.555690;8.551400;8.553580;0
20210331 020400;8.553650;8.557850;8.552490;8.557010;0
20210331 020500;8.557020;8.557160;8.555730;8.556270;0
20210331 020600;8.556780;8.557120;8.553640;8.556860;0
20210331 020700;8.556850;8.557440;8.555930;8.556400;0
20210331 020800;8.556400;8.557940;8.556260;8.557940;0
20210331 020900;8.557810;8.558000;8.556170;8.556940;0
20210331 021000;8.556800;8.557180;8.555540;8.556770;0
20210331 021100;8.556920;8.557070;8.555630;8.556060;0
20210331 021200;8.556060;8.556970;8.555960;8.556670;0
20210331 021300;8.556590;8.557020;8.556300;8.556980;0
20210331 021400;8.556980;8.556980;8.553690;8.554360;0
20210331 021500;8.554150;8.554480;8.552470;8.553500;0
20210331 021600;8.553640;8.553690;8.552060;8.552560;0
20210331 021700;8.552870;8.554640;8.550960;8.551810;0
20210331 021800;8.551810;8.552070;8.549380;8.549650;0
20210331 021900;8.549660;8.550930;8.549650;8.550370;0
20210331 022000;8.549780;8.552170;8.549660;8.550340;0
20210331 022100;8.550360;8.551960;8.549190;8.551960;0
20210331 022200;8.551970;8.552700;8.551270;8.551570;0
20210331 022300;8.551680;8.552560;8.550590;8.551670;0
20210331 022400;8.551740;8.552210;8.551500;8.551750;0
20210331 022500;8.551610;8.551660;8.549290;8.550150;0
20210331 022600;8.550240;8.550670;8.548330;8.550470;0
20210331 022700;8.550540;8.553350;8.549940;8.553350;0
20210331 022800;8.553260;8.553900;8.550730;8.550960;0
20210331 022900;8.550940;8.550940;8.548510;8.548820;0
20210331 023000;8.548750;8.549860;8.548350;8.548710;0
20210331 023100;8.548990;8.549550;8.547370;8.549070;0
20210331 023200;8.549040;8.549130;8.546160;8.548590;0
20210331 023300;8.548620;8.549380;8.546790;8.546790;0
20210331 023400;8.546870;8.547870;8.546470;8.547270;0
20210331 023500;8.547340;8.548350;8.546540;8.548090;0
20210331 023600;8.548240;8.548710;8.544580;8.545190;0
20210331 023700;8.545110;8.546040;8.544950;8.545400;0
20210331 023800;8.545560;8.545560;8.544200;8.544200;0
20210331 023900;8.544060;8.544060;8.542150;8.543390;0
20210331 024000;8.543380;8.547190;8.543090;8.545870;0
20210331 024100;8.545790;8.552600;8.544520;8.547390;0
20210331 024200;8.547570;8.552480;8.547200;8.552190;0
20210331 024300;8.552040;8.555190;8.551530;8.554690;0
20210331 024400;8.554740;8.554740;8.548570;8.549830;0
20210331 024500;8.549840;8.552700;8.548590;8.548710;0
20210331 024600;8.548860;8.548870;8.547420;8.547420;0
20210331 024700;8.547360;8.548170;8.547070;8.547670;0
20210331 024800;8.547800;8.548790;8.547760;8.548430;0
20210331 024900;8.548340;8.552560;8.547790;8.548880;0
20210331 025000;8.549010;8.549660;8.546250;8.546640;0
20210331 025100;8.546670;8.547510;8.546320;8.547510;0
20210331 025200;8.547500;8.549400;8.547500;8.548480;0
20210331 025300;8.548480;8.550040;8.548480;8.549730;0
20210331 025400;8.549650;8.549650;8.548260;8.548430;0
20210331 025500;8.548560;8.548560;8.546720;8.547070;0
20210331 025600;8.547090;8.547160;8.543660;8.543660;0
20210331 025700;8.543190;8.543610;8.541960;8.542880;0
20210331 025800;8.543020;8.545070;8.541390;8.545070;0
20210331 025900;8.545200;8.549420;8.544880;8.546050;0
20210331 030000;8.545980;8.548030;8.541910;8.544700;0
20210331 030100;8.544700;8.549630;8.543960;8.547720;0
20210331 030200;8.547890;8.548810;8.545310;8.546100;0
20210331 030300;8.546160;8.548180;8.544560;8.547420;0
20210331 030400;8.547410;8.547410;8.543250;8.545170;0
20210331 030500;8.545170;8.545250;8.543430;8.544050;0
20210331 030600;8.543940;8.545800;8.540890;8.543070;0
20210331 030700;8.543030;8.543080;8.538180;8.539400;0
20210331 030800;8.539320;8.539350;8.536250;8.536750;0
20210331 030900;8.536760;8.536800;8.534080;8.534080;0
20210331 031000;8.534050;8.535560;8.533560;8.534280;0
20210331 031100;8.534300;8.534450;8.531220;8.531930;0
20210331 031200;8.531790;8.532100;8.527530;8.527530;0
20210331 031300;8.527680;8.530080;8.527590;8.529450;0
20210331 031400;8.529460;8.529490;8.525710;8.527890;0
20210331 031500;8.527890;8.530170;8.527700;8.527990;0
20210331 031600;8.527990;8.530060;8.527900;8.528040;0
20210331 031700;8.528090;8.529780;8.527840;8.529670;0
20210331 031800;8.529710;8.529710;8.526130;8.526170;0
20210331 031900;8.526040;8.529140;8.523860;8.528770;0
20210331 032000;8.528800;8.531210;8.528110;8.529910;0
20210331 032100;8.529820;8.529830;8.527550;8.527550;0
20210331 032200;8.527550;8.529180;8.525210;8.525560;0
20210331 032300;8.525560;8.526060;8.522340;8.523190;0
20210331 032400;8.523190;8.524410;8.523070;8.523470;0
20210331 032500;8.523530;8.524760;8.523070;8.523980;0
20210331 032600;8.523990;8.526400;8.523870;8.524100;0
20210331 032700;8.524100;8.525210;8.524100;8.524870;0
20210331 032800;8.524720;8.525000;8.524180;8.524990;0
20210331 032900;8.524980;8.525590;8.521580;8.521580;0
20210331 033000;8.521550;8.523590;8.521210;8.522670;0
20210331 033100;8.522670;8.525940;8.522590;8.524380;0
20210331 033200;8.524380;8.527070;8.523820;8.526980;0
20210331 033300;8.526880;8.528050;8.526880;8.528050;0
20210331 033400;8.528060;8.528860;8.526980;8.528860;0
20210331 033500;8.528740;8.529420;8.528490;8.528690;0
20210331 033600;8.528750;8.529010;8.527140;8.528750;0
20210331 033700;8.528640;8.528970;8.526550;8.527280;0
20210331 033800;8.527280;8.529230;8.527160;8.529230;0
20210331 033900;8.529230;8.529240;8.528700;8.528950;0
20210331 034000;8.528870;8.532120;8.528560;8.531660;0
20210331 034100;8.531720;8.533990;8.529780;8.530160;0
20210331 034200;8.530080;8.531280;8.529940;8.531220;0
20210331 034300;8.531220;8.531440;8.530050;8.530380;0
20210331 034400;8.530380;8.533740;8.530380;8.532630;0
20210331 034500;8.532620;8.535020;8.531300;8.535020;0
20210331 034600;8.535090;8.536400;8.533820;8.535680;0
20210331 034700;8.535730;8.535730;8.533590;8.533640;0
20210331 034800;8.533640;8.534130;8.530910;8.531240;0
20210331 034900;8.531250;8.534500;8.529860;8.533310;0
20210331 035000;8.533310;8.535680;8.533220;8.535510;0
20210331 035100;8.535510;8.535510;8.533480;8.533510;0
20210331 035200;8.533370;8.533600;8.532110;8.532340;0
20210331 035300;8.532230;8.532260;8.531220;8.531630;0
20210331 035400;8.531760;8.533020;8.531760;8.532500;0
20210331 035500;8.532350;8.532460;8.528930;8.530160;0
20210331 035600;8.530160;8.533690;8.529580;8.533160;0
20210331 035700;8.533250;8.533590;8.532350;8.533370;0
20210331 035800;8.533350;8.533460;8.531920;8.532660;0
20210331 035900;8.532670;8.532760;8.531480;8.532310;0
20210331 040000;8.532090;8.533330;8.531630;8.532090;0
20210331 040100;8.532100;8.536880;8.532030;8.536520;0
20210331 040200;8.536530;8.536780;8.533980;8.535350;0
20210331 040300;8.535350;8.535360;8.533670;8.533670;0
20210331 040400;8.533520;8.534300;8.533520;8.534280;0
20210331 040500;8.534280;8.537690;8.533360;8.537190;0
20210331 040600;8.537330;8.538620;8.537040;8.538620;0
20210331 040700;8.538710;8.539020;8.535060;8.535660;0
20210331 040800;8.535650;8.539030;8.535410;8.538880;0
20210331 040900;8.538870;8.540440;8.538870;8.539460;0
20210331 041000;8.539390;8.541370;8.538870;8.541330;0
20210331 041100;8.541330;8.542420;8.541330;8.541950;0
20210331 041200;8.542170;8.546590;8.542170;8.545060;0
20210331 041300;8.545050;8.545050;8.543290;8.543360;0
20210331 041400;8.543360;8.548050;8.543360;8.547570;0
20210331 041500;8.547320;8.547840;8.545770;8.546320;0
20210331 041600;8.546190;8.546580;8.544330;8.544330;0
20210331 041700;8.544190;8.544480;8.541100;8.542410;0
20210331 041800;8.542340;8.543220;8.541400;8.543060;0
20210331 041900;8.543180;8.544880;8.543180;8.543480;0
20210331 042000;8.543600;8.543600;8.541890;8.542490;0
20210331 042100;8.542450;8.542450;8.535410;8.538190;0
20210331 042200;8.538450;8.539040;8.536240;8.537780;0
20210331 042300;8.537660;8.537800;8.534960;8.535250;0
20210331 042400;8.535380;8.536000;8.533310;8.533310;0
20210331 042500;8.533150;8.533230;8.528900;8.530680;0
20210331 042600;8.530720;8.534940;8.530300;8.532680;0
20210331 042700;8.532620;8.532920;8.531010;8.531010;0
20210331 042800;8.531080;8.532020;8.528560;8.529360;0
20210331 042900;8.529370;8.535110;8.529170;8.534630;0
20210331 043000;8.534630;8.537350;8.532350;8.533910;0
20210331 043100;8.533910;8.534320;8.532560;8.534040;0
20210331 043200;8.534370;8.536780;8.534180;8.536770;0
20210331 043300;8.536780;8.538800;8.536640;8.538520;0
20210331 043400;8.538520;8.539340;8.535970;8.536170;0
20210331 043500;8.536160;8.538650;8.535490;8.537440;0
20210331 043600;8.537370;8.538510;8.534990;8.535060;0
20210331 043700;8.535100;8.536770;8.534750;8.536430;0
20210331 043800;8.536360;8.537220;8.535840;8.535920;0
20210331 043900;8.535790;8.535790;8.527270;8.527270;0
20210331 044000;8.527280;8.528520;8.527030;8.528520;0
20210331 044100;8.528600;8.530690;8.528600;8.528760;0
20210331 044200;8.528760;8.531260;8.527860;8.530040;0
20210331 044300;8.530840;8.532260;8.530590;8.530870;0
20210331 044400;8.530870;8.533810;8.530580;8.530680;0
20210331 044500;8.530550;8.536060;8.530420;8.533300;0
20210331 044600;8.533290;8.533890;8.531240;8.533890;0
20210331 044700;8.533890;8.533980;8.529980;8.529980;0
20210331 044800;8.530070;8.530470;8.526900;8.526900;0
20210331 044900;8.526980;8.528630;8.525870;8.527280;0
20210331 045000;8.527270;8.527280;8.523880;8.525340;0
20210331 045100;8.525420;8.530000;8.525420;8.525870;0
20210331 045200;8.525860;8.527570;8.523730;8.523730;0
20210331 045300;8.523730;8.525020;8.522600;8.524790;0
20210331 045400;8.524910;8.525270;8.521980;8.522280;0
20210331 045500;8.522240;8.523540;8.521700;8.522850;0
20210331 045600;8.522650;8.522650;8.519480;8.519480;0
20210331 045700;8.519250;8.519250;8.517710;8.517860;0
20210331 045800;8.517690;8.519710;8.517690;8.519040;0
20210331 045900;8.518830;8.519220;8.518010;8.518020;0
20210331 050000;8.518160;8.523770;8.517950;8.523770;0
20210331 050100;8.523760;8.525520;8.523410;8.525420;0
20210331 050200;8.525430;8.526160;8.524730;8.524920;0
20210331 050300;8.524850;8.524850;8.522180;8.522840;0
20210331 050400;8.522730;8.523820;8.522730;8.523610;0
20210331 050500;8.523650;8.523990;8.521420;8.521420;0
20210331 050600;8.521390;8.523200;8.521390;8.522540;0
20210331 050700;8.522540;8.523120;8.519920;8.520930;0
20210331 050800;8.520970;8.524480;8.520550;8.522940;0
20210331 050900;8.522950;8.526170;8.522950;8.526040;0
20210331 051000;8.526170;8.526280;8.521610;8.521610;0
20210331 051100;8.521650;8.521980;8.520020;8.520730;0
20210331 051200;8.520670;8.521550;8.519740;8.519850;0
20210331 051300;8.519970;8.522250;8.519170;8.522240;0
20210331 051400;8.522280;8.523980;8.520330;8.520330;0
20210331 051500;8.520330;8.521800;8.519120;8.520070;0
20210331 051600;8.520030;8.520040;8.518300;8.518860;0
20210331 051700;8.518800;8.519540;8.518490;8.518690;0
20210331 051800;8.518680;8.519270;8.517870;8.519050;0
20210331 051900;8.519200;8.520150;8.518550;8.519470;0
20210331 052000;8.519330;8.519330;8.518130;8.518530;0
20210331 052100;8.518400;8.518570;8.517760;8.518330;0
20210331 052200;8.518310;8.519360;8.517510;8.519360;0
20210331 052300;8.519440;8.519440;8.518600;8.518600;0
20210331 052400;8.518700;8.518880;8.517650;8.518620;0
20210331 052500;8.518530;8.524420;8.518470;8.520470;0
20210331 052600;8.519920;8.520750;8.519450;8.519540;0
20210331 052700;8.519540;8.520760;8.519440;8.519440;0
20210331 052800;8.519450;8.519450;8.517900;8.518240;0
20210331 052900;8.518240;8.518300;8.517370;8.517510;0
20210331 053000;8.517550;8.517550;8.516480;8.516480;0
20210331 053100;8.516460;8.519920;8.516350;8.519690;0
20210331 053200;8.519650;8.521260;8.519580;8.520680;0
20210331 053300;8.520670;8.520670;8.519790;8.520020;0
20210331 053400;8.520000;8.520040;8.519140;8.519410;0
20210331 053500;8.519450;8.519450;8.517750;8.518180;0
20210331 053600;8.518370;8.518370;8.513870;8.514450;0
20210331 053700;8.514730;8.517370;8.514230;8.516800;0
20210331 053800;8.516660;8.519380;8.516380;8.518610;0
20210331 053900;8.518610;8.519200;8.517090;8.517670;0
20210331 054000;8.517820;8.519070;8.517360;8.518380;0
20210331 054100;8.518490;8.518670;8.517260;8.518670;0
20210331 054200;8.518880;8.522370;8.518880;8.521630;0
20210331 054300;8.521520;8.522020;8.520800;8.522020;0
20210331 054400;8.522090;8.524300;8.522090;8.524300;0
20210331 054500;8.524300;8.526040;8.523730;8.524650;0
20210331 054600;8.524510;8.525490;8.523770;8.524770;0
20210331 054700;8.524700;8.525320;8.522090;8.524620;0
20210331 054800;8.524560;8.526510;8.523660;8.525130;0
20210331 054900;8.525130;8.527510;8.525130;8.527510;0
20210331 055000;8.527520;8.531500;8.526170;8.531380;0
20210331 055100;8.531450;8.531450;8.528840;8.528930;0
20210331 055200;8.528820;8.528820;8.526810;8.527890;0
20210331 055300;8.527830;8.530200;8.527220;8.527220;0
20210331 055400;8.527260;8.529750;8.527190;8.527750;0
20210331 055500;8.527900;8.527900;8.525040;8.526300;0
20210331 055600;8.526450;8.527320;8.526290;8.526990;0
20210331 055700;8.526920;8.526920;8.524850;8.525410;0
20210331 055800;8.525590;8.528010;8.525550;8.527000;0
20210331 055900;8.527090;8.528230;8.526050;8.528040;0
20210331 060000;8.528090;8.528690;8.526830;8.527570;0
20210331 060100;8.527650;8.529160;8.526120;8.526340;0
20210331 060200;8.526370;8.526910;8.519530;8.519530;0
20210331 060300;8.519420;8.522580;8.515420;8.515420;0
20210331 060400;8.515380;8.518720;8.514810;8.517980;0
20210331 060500;8.518100;8.520060;8.517020;8.518780;0
20210331 060600;8.518570;8.520160;8.516930;8.520160;0
20210331 060700;8.520320;8.525060;8.520320;8.523230;0
20210331 060800;8.523120;8.524430;8.523110;8.523830;0
20210331 060900;8.523790;8.524720;8.523130;8.523130;0
20210331 061000;8.523000;8.523000;8.518030;8.519200;0
20210331 061100;8.519150;8.520170;8.517490;8.517880;0
20210331 061200;8.517770;8.517930;8.512700;8.513580;0
20210331 061300;8.513710;8.517970;8.513710;8.516640;0
20210331 061400;8.516630;8.516640;8.514920;8.514940;0
20210331 061500;8.514870;8.514900;8.511610;8.511940;0
20210331 061600;8.511880;8.512370;8.510950;8.511010;0
20210331 061700;8.510920;8.511840;8.510790;8.511010;0
20210331 061800;8.511010;8.513180;8.511010;8.512530;0
20210331 061900;8.512530;8.518360;8.512530;8.515220;0
20210331 062000;8.515500;8.515760;8.512100;8.515020;0
20210331 062100;8.515010;8.515480;8.513410;8.513410;0
20210331 062200;8.513380;8.514010;8.512800;8.513700;0
20210331 062300;8.513930;8.514420;8.512970;8.513090;0
20210331 062400;8.513080;8.513080;8.512150;8.512150;0
20210331 062500;8.512300;8.513460;8.512180;8.513310;0
20210331 062600;8.513320;8.515970;8.513320;8.515770;0
20210331 062700;8.515790;8.515790;8.515020;8.515250;0
20210331 062800;8.515270;8.515540;8.513810;8.515190;0
20210331 062900;8.515170;8.515380;8.514510;8.515380;0
20210331 063000;8.515420;8.515780;8.514910;8.515780;0
20210331 063100;8.515740;8.518960;8.515740;8.518590;0
20210331 063200;8.518370;8.518370;8.514810;8.514850;0
20210331 063300;8.514840;8.516630;8.514640;8.516310;0
20210331 063400;8.516290;8.516450;8.511020;8.511020;0
20210331 063500;8.511020;8.512250;8.510370;8.511230;0
20210331 063600;8.511210;8.511210;8.510130;8.510470;0
20210331 063700;8.510640;8.510730;8.510190;8.510490;0
20210331 063800;8.510550;8.512400;8.510300;8.512250;0
20210331 063900;8.512250;8.515740;8.511210;8.515740;0
20210331 064000;8.515780;8.516250;8.510640;8.510640;0
20210331 064100;8.510640;8.511850;8.510100;8.511140;0
20210331 064200;8.510830;8.511090;8.509180;8.511090;0
20210331 064300;8.511040;8.511410;8.510800;8.510800;0
20210331 064400;8.510820;8.512260;8.510820;8.511960;0
20210331 064500;8.511960;8.511970;8.510370;8.510910;0
20210331 064600;8.511140;8.511890;8.511140;8.511220;0
20210331 064700;8.511210;8.511460;8.510510;8.510510;0
20210331 064800;8.510370;8.512050;8.510330;8.512050;0
20210331 064900;8.512130;8.512490;8.511390;8.511390;0
20210331 065000;8.511390;8.512180;8.510610;8.510750;0
20210331 065100;8.510740;8.511190;8.510060;8.510060;0
20210331 065200;8.510140;8.510230;8.507990;8.508320;0
20210331 065300;8.508460;8.508470;8.507300;8.507320;0
20210331 065400;8.507580;8.507760;8.507150;8.507510;0
20210331 065500;8.507550;8.507820;8.507160;8.507610;0
20210331 065600;8.507630;8.508120;8.507200;8.508110;0
20210331 065700;8.508070;8.508080;8.507510;8.507530;0
20210331 065800;8.507570;8.508140;8.507540;8.507830;0
20210331 065900;8.507900;8.509070;8.507810;8.508090;0
20210331 070000;8.507920;8.508010;8.503590;8.504460;0
20210331 070100;8.504420;8.507800;8.503910;8.507630;0
20210331 070200;8.507670;8.508500;8.505870;8.506160;0
20210331 070300;8.506080;8.506190;8.505240;8.505450;0
20210331 070400;8.505290;8.505290;8.504860;8.505120;0
20210331 070500;8.505120;8.509960;8.503620;8.504630;0
20210331 070600;8.504420;8.504500;8.502270;8.503910;0
20210331 070700;8.503910;8.505860;8.503580;8.505860;0
20210331 070800;8.505860;8.506280;8.505650;8.506280;0
20210331 070900;8.506200;8.507140;8.506200;8.506680;0
20210331 071000;8.506670;8.506910;8.506440;8.506720;0
20210331 071100;8.507290;8.508800;8.506670;8.506670;0
20210331 071200;8.506680;8.506750;8.504610;8.505770;0
20210331 071300;8.505770;8.506140;8.505330;8.505780;0
20210331 071400;8.505770;8.505890;8.505060;8.505810;0
20210331 071500;8.505730;8.505820;8.504440;8.504600;0
20210331 071600;8.504600;8.504970;8.503790;8.504840;0
20210331 071700;8.505010;8.505170;8.504160;8.504840;0
20210331 071800;8.504840;8.505010;8.503770;8.503820;0
20210331 071900;8.503730;8.504120;8.502520;8.502720;0
20210331 072000;8.502680;8.503330;8.502520;8.503330;0
20210331 072100;8.503380;8.504020;8.502870;8.504020;0
20210331 072200;8.504240;8.509680;8.504200;8.507770;0
20210331 072300;8.507690;8.509080;8.505310;8.505310;0
20210331 072400;8.505310;8.505750;8.505010;8.505750;0
20210331 072500;8.505830;8.511280;8.505830;8.508950;0
20210331 072600;8.508960;8.511950;8.508640;8.511950;0
20210331 072700;8.511900;8.512150;8.510150;8.510210;0
20210331 072800;8.510570;8.513410;8.510180;8.513150;0
20210331 072900;8.513230;8.515980;8.513030;8.514440;0
20210331 073000;8.514390;8.514630;8.512280;8.512280;0
20210331 073100;8.512160;8.513910;8.511600;8.513830;0
20210331 073200;8.513760;8.514260;8.513470;8.513600;0
20210331 073300;8.513450;8.513450;8.512250;8.512250;0
20210331 073400;8.512250;8.512830;8.510130;8.510130;0
20210331 073500;8.510140;8.510200;8.508210;8.508590;0
20210331 073600;8.508930;8.509250;8.508730;8.509120;0
20210331 073700;8.509120;8.509620;8.508960;8.509200;0
20210331 073800;8.509070;8.509080;8.508600;8.508600;0
20210331 073900;8.508660;8.509620;8.508480;8.509620;0
20210331 074000;8.509830;8.510500;8.509700;8.510140;0
20210331 074100;8.510380;8.510820;8.509790;8.510820;0
20210331 074200;8.510730;8.511990;8.510610;8.511990;0
20210331 074300;8.513650;8.513920;8.512540;8.512930;0
20210331 074400;8.513100;8.513130;8.511970;8.512450;0
20210331 074500;8.512660;8.513300;8.512290;8.512620;0
20210331 074600;8.512730;8.512870;8.512070;8.512070;0
20210331 074700;8.512000;8.513680;8.511210;8.513000;0
20210331 074800;8.513230;8.513350;8.511870;8.512280;0
20210331 074900;8.512280;8.513440;8.512270;8.512270;0
20210331 075000;8.512280;8.512280;8.511190;8.511500;0
20210331 075100;8.511520;8.511990;8.511390;8.511940;0
20210331 075200;8.511870;8.512160;8.511210;8.511220;0
20210331 075300;8.511280;8.512750;8.511180;8.511430;0
20210331 075400;8.511350;8.512330;8.511050;8.512330;0
20210331 075500;8.512600;8.512920;8.512140;8.512920;0
20210331 075600;8.512770;8.513420;8.512610;8.513170;0
20210331 075700;8.513050;8.514740;8.511220;8.512050;0
20210331 075800;8.512180;8.512740;8.511070;8.511070;0
20210331 075900;8.510970;8.511450;8.509370;8.509370;0
20210331 080000;8.510740;8.512210;8.509680;8.512210;0
20210331 080100;8.512070;8.512950;8.510410;8.510410;0
20210331 080200;8.510540;8.512700;8.510540;8.512330;0
20210331 080300;8.512190;8.513370;8.512050;8.512780;0
20210331 080400;8.512760;8.515320;8.512760;8.514890;0
20210331 080500;8.515030;8.517060;8.515030;8.515830;0
20210331 080600;8.515770;8.517920;8.515610;8.516950;0
20210331 080700;8.517040;8.518410;8.516400;8.518390;0
20210331 080800;8.518380;8.521470;8.517140;8.521370;0
20210331 080900;8.521370;8.523920;8.519940;8.522180;0
20210331 081000;8.522180;8.522890;8.518890;8.522660;0
20210331 081100;8.522740;8.523320;8.520190;8.520390;0
20210331 081200;8.520380;8.521970;8.519640;8.521700;0
20210331 081300;8.521650;8.524230;8.520100;8.523290;0
20210331 081400;8.523430;8.525300;8.520330;8.522120;0
20210331 081500;8.522350;8.525310;8.519920;8.523140;0
20210331 081600;8.523040;8.523330;8.513690;8.519380;0
20210331 081700;8.519390;8.519390;8.515440;8.517350;0
20210331 081800;8.517300;8.520440;8.516980;8.516990;0
20210331 081900;8.516980;8.518100;8.516060;8.517520;0
20210331 082000;8.517520;8.518370;8.516410;8.517790;0
20210331 082100;8.517780;8.517780;8.516080;8.516910;0
20210331 082200;8.516930;8.522050;8.516410;8.519350;0
20210331 082300;8.519420;8.521270;8.517400;8.520060;0
20210331 082400;8.520270;8.520620;8.518450;8.519150;0
20210331 082500;8.519070;8.521410;8.518440;8.520910;0
20210331 082600;8.520910;8.523280;8.519740;8.523210;0
20210331 082700;8.523340;8.523720;8.521890;8.523360;0
20210331 082800;8.523280;8.523460;8.516800;8.516840;0
20210331 082900;8.516990;8.519750;8.516900;8.518910;0
20210331 083000;8.518900;8.519400;8.518160;8.518370;0
20210331 083100;8.518370;8.518370;8.517050;8.517120;0
20210331 083200;8.517120;8.517120;8.515790;8.516470;0
20210331 083300;8.516260;8.516490;8.514650;8.514650;0
20210331 083400;8.514790;8.517900;8.514790;8.516140;0
20210331 083500;8.516260;8.516390;8.515380;8.515660;0
20210331 083600;8.515730;8.516590;8.515070;8.515070;0
20210331 083700;8.515220;8.519450;8.515220;8.519240;0
20210331 083800;8.519180;8.519230;8.517590;8.518460;0
20210331 083900;8.518250;8.521640;8.517700;8.518670;0
20210331 084000;8.518820;8.520000;8.517990;8.518080;0
20210331 084100;8.518190;8.518490;8.515760;8.516550;0
20210331 084200;8.516490;8.516950;8.513800;8.514640;0
20210331 084300;8.514730;8.516470;8.514680;8.515980;0
20210331 084400;8.515850;8.516450;8.514270;8.514340;0
20210331 084500;8.514300;8.515920;8.514110;8.515920;0
20210331 084600;8.516110;8.519120;8.515890;8.519120;0
20210331 084700;8.519150;8.521000;8.519070;8.520220;0
20210331 084800;8.520200;8.520370;8.519260;8.519500;0
20210331 084900;8.519630;8.523720;8.519630;8.523490;0
20210331 085000;8.523490;8.525620;8.523410;8.525430;0
20210331 085100;8.525370;8.525420;8.524540;8.524830;0
20210331 085200;8.524830;8.525280;8.522170;8.523610;0
20210331 085300;8.523530;8.523700;8.522850;8.523540;0
20210331 085400;8.523630;8.524190;8.523430;8.523640;0
20210331 085500;8.523640;8.526130;8.523440;8.524550;0
20210331 085600;8.524620;8.525780;8.523580;8.525780;0
20210331 085700;8.525830;8.529040;8.525830;8.528170;0
20210331 085800;8.528070;8.528120;8.526330;8.527070;0
20210331 085900;8.527080;8.527080;8.526030;8.526290;0
20210331 090000;8.526370;8.527550;8.526140;8.527510;0
20210331 090100;8.527430;8.530400;8.527430;8.529010;0
20210331 090200;8.529350;8.530870;8.529350;8.530150;0
20210331 090300;8.530080;8.530080;8.527750;8.529500;0
20210331 090400;8.529520;8.529800;8.527630;8.527990;0
20210331 090500;8.527980;8.531550;8.527760;8.531340;0
20210331 090600;8.531270;8.535570;8.531200;8.534760;0
20210331 090700;8.534680;8.535800;8.534560;8.535600;0
20210331 090800;8.535490;8.535910;8.534890;8.535190;0
20210331 090900;8.535390;8.536240;8.535160;8.535190;0
20210331 091000;8.535200;8.537570;8.535200;8.536970;0
20210331 091100;8.537100;8.539680;8.537030;8.537410;0
20210331 091200;8.537410;8.538090;8.535250;8.535280;0
20210331 091300;8.535280;8.536050;8.532770;8.532940;0
20210331 091400;8.532940;8.535690;8.529070;8.534880;0
20210331 091500;8.534760;8.536760;8.534490;8.535630;0
20210331 091600;8.535630;8.538820;8.535630;8.537930;0
20210331 091700;8.538080;8.538870;8.535070;8.535220;0
20210331 091800;8.535520;8.539470;8.535380;8.538870;0
20210331 091900;8.538880;8.538880;8.537300;8.537490;0
20210331 092000;8.537770;8.537770;8.535640;8.535750;0
20210331 092100;8.535780;8.539840;8.535510;8.535990;0
20210331 092200;8.535990;8.536850;8.534020;8.535190;0
20210331 092300;8.535340;8.536410;8.533340;8.533870;0
20210331 092400;8.533800;8.533800;8.530900;8.532290;0
20210331 092500;8.532370;8.535600;8.532140;8.532140;0
20210331 092600;8.532190;8.535030;8.532190;8.532480;0
20210331 092700;8.532440;8.532630;8.531430;8.531460;0
20210331 092800;8.531460;8.531460;8.528690;8.530280;0
20210331 092900;8.530410;8.530490;8.529470;8.529750;0
20210331 093000;8.529840;8.530700;8.524870;8.525150;0
20210331 093100;8.525180;8.530530;8.523420;8.528520;0
20210331 093200;8.528320;8.529870;8.523640;8.523800;0
20210331 093300;8.523290;8.524520;8.520820;8.521870;0
20210331 093400;8.523570;8.526200;8.523250;8.525200;0
20210331 093500;8.525180;8.525180;8.520390;8.521180;0
20210331 093600;8.521190;8.523070;8.519870;8.522480;0
20210331 093700;8.522480;8.524940;8.521720;8.524330;0
20210331 093800;8.524330;8.525900;8.522110;8.522130;0
20210331 093900;8.522040;8.526410;8.521920;8.523930;0
20210331 094000;8.523640;8.523640;8.521250;8.521610;0
20210331 094100;8.521610;8.524020;8.520810;8.524020;0
20210331 094200;8.524250;8.525650;8.523320;8.525510;0
20210331 094300;8.525650;8.526710;8.524690;8.526630;0
20210331 094400;8.526720;8.529670;8.524840;8.529480;0
20210331 094500;8.529610;8.529930;8.528250;8.529280;0
20210331 094600;8.529300;8.534830;8.529280;8.531790;0
20210331 094700;8.531790;8.533520;8.530990;8.533160;0
20210331 094800;8.533150;8.533150;8.531300;8.532760;0
20210331 094900;8.532710;8.534220;8.530730;8.532960;0
20210331 095000;8.532960;8.533440;8.530560;8.532180;0
20210331 095100;8.532360;8.533140;8.530420;8.533100;0
20210331 095200;8.532940;8.536210;8.532840;8.535370;0
20210331 095300;8.535590;8.539010;8.535590;8.538550;0
20210331 095400;8.538580;8.539540;8.538520;8.538970;0
20210331 095500;8.538930;8.539540;8.537920;8.538790;0
20210331 095600;8.538870;8.539150;8.536410;8.537080;0
20210331 095700;8.537070;8.537130;8.533750;8.533760;0
20210331 095800;8.533750;8.534550;8.531970;8.534550;0
20210331 095900;8.534470;8.536970;8.534470;8.536570;0
20210331 100000;8.536500;8.536850;8.533680;8.536850;0
20210331 100100;8.536650;8.537140;8.535610;8.537040;0
20210331 100200;8.536550;8.537330;8.535020;8.535800;0
20210331 100300;8.535710;8.535710;8.532170;8.533080;0
20210331 100400;8.533080;8.534370;8.531450;8.531510;0
20210331 100500;8.531800;8.533490;8.530150;8.531340;0
20210331 100600;8.531340;8.531340;8.529690;8.531050;0
20210331 100700;8.531170;8.532350;8.531090;8.531160;0
20210331 100800;8.531010;8.531170;8.529740;8.530750;0
20210331 100900;8.530620;8.530820;8.529050;8.529050;0
20210331 101000;8.528970;8.529550;8.527570;8.527650;0
20210331 101100;8.527640;8.527640;8.525750;8.526390;0
20210331 101200;8.526390;8.527890;8.525710;8.527760;0
20210331 101300;8.527750;8.529630;8.527550;8.529020;0
20210331 101400;8.529030;8.529030;8.524370;8.524370;0
20210331 101500;8.524290;8.524410;8.522600;8.523230;0
20210331 101600;8.523310;8.526350;8.523310;8.526100;0
20210331 101700;8.526380;8.530340;8.526300;8.529310;0
20210331 101800;8.529340;8.529480;8.523380;8.523440;0
20210331 101900;8.523480;8.524070;8.521240;8.521240;0
20210331 102000;8.521190;8.524810;8.521160;8.524630;0
20210331 102100;8.524610;8.527430;8.524040;8.527340;0
20210331 102200;8.527360;8.532340;8.527360;8.531450;0
20210331 102300;8.531350;8.531360;8.528980;8.528980;0
20210331 102400;8.529000;8.530910;8.527690;8.530910;0
20210331 102500;8.530710;8.531310;8.527880;8.528800;0
20210331 102600;8.528800;8.531780;8.528390;8.531170;0
20210331 102700;8.531170;8.531180;8.525780;8.526150;0
20210331 102800;8.526110;8.530150;8.525440;8.530150;0
20210331 102900;8.530230;8.530510;8.526180;8.526690;0
20210331 103000;8.526390;8.526390;8.521450;8.523110;0
20210331 103100;8.523130;8.526400;8.521910;8.524880;0
20210331 103200;8.524880;8.525410;8.523560;8.524450;0
20210331 103300;8.524370;8.525930;8.522770;8.525720;0
20210331 103400;8.525980;8.526610;8.523610;8.526360;0
20210331 103500;8.526380;8.528020;8.523630;8.527600;0
20210331 103600;8.527400;8.529810;8.525090;8.528960;0
20210331 103700;8.529070;8.530640;8.528870;8.530230;0
20210331 103800;8.530310;8.530630;8.528600;8.529480;0
20210331 103900;8.529240;8.534960;8.528390;8.531670;0
20210331 104000;8.531670;8.531940;8.528620;8.530800;0
20210331 104100;8.530520;8.531780;8.530120;8.531150;0
20210331 104200;8.531080;8.531240;8.529390;8.530980;0
20210331 104300;8.530670;8.532760;8.530120;8.531930;0
20210331 104400;8.532220;8.532580;8.530480;8.532580;0
20210331 104500;8.532670;8.534980;8.531320;8.534700;0
20210331 104600;8.534750;8.534930;8.530290;8.531670;0
20210331 104700;8.531620;8.534460;8.528650;8.532280;0
20210331 104800;8.532290;8.535720;8.530960;8.532150;0
20210331 104900;8.532150;8.532930;8.531780;8.532930;0
20210331 105000;8.532890;8.532890;8.528150;8.528160;0
20210331 105100;8.528160;8.531800;8.526910;8.527920;0
20210331 105200;8.527920;8.531160;8.524280;8.531160;0
20210331 105300;8.531290;8.531570;8.528470;8.531160;0
20210331 105400;8.531230;8.538600;8.531220;8.538140;0
20210331 105500;8.538360;8.538360;8.527490;8.527650;0
20210331 105600;8.527650;8.530720;8.523800;8.524910;0
20210331 105700;8.524910;8.532850;8.521000;8.532600;0
20210331 105800;8.532160;8.536860;8.531060;8.534260;0
20210331 105900;8.533950;8.533950;8.529670;8.533670;0
20210331 110000;8.533750;8.538150;8.533200;8.533800;0
20210331 110100;8.533700;8.536130;8.532750;8.533160;0
20210331 110200;8.533310;8.536310;8.531960;8.535130;0
20210331 110300;8.535200;8.538300;8.533760;8.538300;0
20210331 110400;8.538300;8.538300;8.531820;8.531820;0
20210331 110500;8.531680;8.535820;8.530870;8.535400;0
20210331 110600;8.535470;8.537380;8.534620;8.537010;0
20210331 110700;8.537010;8.539300;8.537010;8.539080;0
20210331 110800;8.539080;8.539630;8.535800;8.538340;0
20210331 110900;8.538280;8.539290;8.535450;8.535450;0
20210331 111000;8.535390;8.536150;8.533920;8.534080;0
20210331 111100;8.534200;8.534650;8.533100;8.533610;0
20210331 111200;8.533610;8.537660;8.533610;8.536350;0
20210331 111300;8.536550;8.536910;8.531040;8.531250;0
20210331 111400;8.531470;8.534300;8.531470;8.532960;0
20210331 111500;8.532970;8.534290;8.532960;8.533450;0
20210331 111600;8.533450;8.534990;8.533300;8.533910;0
20210331 111700;8.533770;8.533950;8.531080;8.532850;0
20210331 111800;8.532890;8.537140;8.532470;8.536720;0
20210331 111900;8.536860;8.537040;8.533980;8.535670;0
20210331 112000;8.535550;8.536270;8.535170;8.535950;0
20210331 112100;8.535970;8.540790;8.535750;8.540500;0
20210331 112200;8.540570;8.540650;8.538650;8.539160;0
20210331 112300;8.539120;8.539970;8.538680;8.538740;0
20210331 112400;8.538920;8.538920;8.537110;8.538180;0
20210331 112500;8.538220;8.542130;8.538210;8.541660;0
20210331 112600;8.541660;8.542500;8.540430;8.542090;0
20210331 112700;8.542080;8.545260;8.541960;8.543850;0
20210331 112800;8.543760;8.545940;8.541240;8.541480;0
20210331 112900;8.541280;8.542480;8.536480;8.537340;0
20210331 113000;8.537340;8.539370;8.537000;8.538840;0
20210331 113100;8.539080;8.539450;8.537720;8.538680;0
20210331 113200;8.538680;8.540420;8.538610;8.540420;0
20210331 113300;8.540420;8.542810;8.540210;8.542490;0
20210331 113400;8.542540;8.542810;8.540580;8.541080;0
20210331 113500;8.540850;8.541660;8.539650;8.539940;0
20210331 113600;8.539900;8.540720;8.539780;8.540520;0
20210331 113700;8.540600;8.543070;8.540550;8.542510;0
20210331 113800;8.542510;8.543220;8.541540;8.541540;0
20210331 113900;8.541560;8.541590;8.538060;8.538430;0
20210331 114000;8.538640;8.539330;8.537000;8.537260;0
20210331 114100;8.537250;8.538240;8.536700;8.538170;0
20210331 114200;8.538140;8.539870;8.537410;8.538990;0
20210331 114300;8.539070;8.539870;8.538570;8.538920;0
20210331 114400;8.538890;8.539500;8.538240;8.538240;0
20210331 114500;8.538240;8.538580;8.533940;8.534330;0
20210331 114600;8.534190;8.534720;8.533870;8.533870;0
20210331 114700;8.533870;8.534260;8.532810;8.532860;0
20210331 114800;8.533150;8.535300;8.533140;8.535300;0
20210331 114900;8.535220;8.535930;8.534460;8.535660;0
20210331 115000;8.535650;8.539170;8.535650;8.537300;0
20210331 115100;8.537080;8.537280;8.534750;8.534760;0
20210331 115200;8.534880;8.534880;8.532820;8.533520;0
20210331 115300;8.533450;8.533450;8.532240;8.532790;0
20210331 115400;8.532790;8.533210;8.531900;8.532340;0
20210331 115500;8.532340;8.532520;8.531570;8.531850;0
20210331 115600;8.531850;8.533840;8.531850;8.533570;0
20210331 115700;8.533570;8.533660;8.531670;8.532450;0
20210331 115800;8.532450;8.532450;8.530750;8.531030;0
20210331 115900;8.531040;8.533070;8.530670;8.533070;0
20210331 120000;8.533050;8.533060;8.529380;8.529380;0
20210331 120100;8.529380;8.529380;8.528250;8.529110;0
20210331 120200;8.529040;8.530450;8.528330;8.530320;0
20210331 120300;8.530320;8.530860;8.529580;8.529880;0
20210331 120400;8.529800;8.530230;8.528860;8.529030;0
20210331 120500;8.529030;8.529030;8.525330;8.526340;0
20210331 120600;8.526460;8.526460;8.524590;8.525920;0
20210331 120700;8.525920;8.525930;8.524770;8.524900;0
20210331 120800;8.524890;8.525120;8.520620;8.521580;0
20210331 120900;8.521590;8.523240;8.521590;8.522860;0
20210331 121000;8.522870;8.524570;8.522870;8.524350;0
20210331 121100;8.524360;8.524390;8.523010;8.523700;0
20210331 121200;8.523850;8.524290;8.522670;8.523330;0
20210331 121300;8.523330;8.523430;8.521370;8.522460;0
20210331 121400;8.522170;8.523110;8.522020;8.522310;0
20210331 121500;8.522220;8.522220;8.521660;8.522000;0
20210331 121600;8.522000;8.522000;8.521030;8.521480;0
20210331 121700;8.521260;8.521610;8.519720;8.520080;0
20210331 121800;8.520070;8.520730;8.519950;8.520730;0
20210331 121900;8.520650;8.520930;8.519810;8.519880;0
20210331 122000;8.519750;8.521090;8.519450;8.521090;0
20210331 122100;8.521300;8.521940;8.521010;8.521800;0
20210331 122200;8.521680;8.522300;8.521360;8.522300;0
20210331 122300;8.522310;8.522420;8.520530;8.522420;0
20210331 122400;8.522360;8.522600;8.521970;8.522600;0
20210331 122500;8.522600;8.523210;8.522370;8.523150;0
20210331 122600;8.523150;8.523410;8.521870;8.522290;0
20210331 122700;8.522420;8.523040;8.522420;8.522710;0
20210331 122800;8.522850;8.523460;8.522580;8.523230;0
20210331 122900;8.523150;8.524660;8.523150;8.523850;0
20210331 123000;8.523780;8.523780;8.523280;8.523360;0
20210331 123100;8.523500;8.524060;8.523500;8.523860;0
20210331 123200;8.523850;8.523990;8.523360;8.523840;0
20210331 123300;8.523770;8.523840;8.523540;8.523780;0
20210331 123400;8.523700;8.523880;8.522540;8.523880;0
20210331 123500;8.523750;8.523750;8.521400;8.522210;0
20210331 123600;8.522080;8.522960;8.522080;8.522620;0
20210331 123700;8.522590;8.522920;8.522520;8.522660;0
20210331 123800;8.522650;8.522650;8.521640;8.522090;0
20210331 123900;8.522090;8.522990;8.521950;8.522910;0
20210331 124000;8.522910;8.523410;8.522480;8.523330;0
20210331 124100;8.523330;8.523490;8.522820;8.523490;0
20210331 124200;8.523500;8.524100;8.523490;8.523790;0
20210331 124300;8.523780;8.523840;8.520800;8.521010;0
20210331 124400;8.520870;8.520890;8.519410;8.520360;0
20210331 124500;8.520480;8.521220;8.520140;8.520450;0
20210331 124600;8.520450;8.520900;8.520130;8.520900;0
20210331 124700;8.520820;8.520820;8.520030;8.520380;0
20210331 124800;8.520380;8.522190;8.520330;8.522190;0
20210331 124900;8.522290;8.523340;8.522010;8.523330;0
20210331 125000;8.523330;8.525320;8.523330;8.524860;0
20210331 125100;8.524770;8.525660;8.524420;8.525650;0
20210331 125200;8.525650;8.526160;8.525300;8.526130;0
20210331 125300;8.526140;8.526140;8.525280;8.525610;0
20210331 125400;8.525620;8.526800;8.525410;8.526580;0
20210331 125500;8.526580;8.526580;8.525550;8.525640;0
20210331 125600;8.525530;8.526310;8.525280;8.525290;0
20210331 125700;8.525280;8.526250;8.525280;8.525710;0
20210331 125800;8.525710;8.526850;8.524840;8.525150;0
20210331 125900;8.525150;8.525280;8.524490;8.524620;0
20210331 130000;8.524580;8.525010;8.524020;8.524020;0
20210331 130100;8.523870;8.524490;8.523810;8.524340;0
20210331 130200;8.524740;8.524910;8.524260;8.524620;0
20210331 130300;8.524740;8.525420;8.524600;8.524880;0
20210331 130400;8.525060;8.525950;8.524740;8.525830;0
20210331 130500;8.525830;8.526170;8.525580;8.525800;0
20210331 130600;8.525790;8.526900;8.525720;8.526780;0
20210331 130700;8.526690;8.526690;8.524710;8.525260;0
20210331 130800;8.525480;8.526240;8.524730;8.524970;0
20210331 130900;8.524970;8.525290;8.523570;8.523860;0
20210331 131000;8.523850;8.523870;8.522050;8.522200;0
20210331 131100;8.522270;8.523040;8.521590;8.522470;0
20210331 131200;8.522610;8.523090;8.522190;8.522910;0
20210331 131300;8.523060;8.523390;8.522560;8.523390;0
20210331 131400;8.523250;8.523520;8.522880;8.523380;0
20210331 131500;8.523520;8.524100;8.523310;8.523960;0
20210331 131600;8.524030;8.524760;8.523890;8.524750;0
20210331 131700;8.524830;8.527260;8.524830;8.527260;0
20210331 131800;8.527270;8.528440;8.527270;8.528440;0
20210331 131900;8.528360;8.528360;8.527890;8.528020;0
20210331 132000;8.528100;8.528100;8.527650;8.528050;0
20210331 132100;8.528060;8.528100;8.527340;8.527870;0
20210331 132200;8.527870;8.528900;8.527870;8.528540;0
20210331 132300;8.528330;8.528690;8.528170;8.528400;0
20210331 132400;8.528260;8.528500;8.528120;8.528500;0
20210331 132500;8.528490;8.528920;8.528490;8.528840;0
20210331 132600;8.528840;8.529780;8.528840;8.529510;0
20210331 132700;8.529650;8.529650;8.529050;8.529580;0
20210331 132800;8.529720;8.530970;8.529390;8.530970;0
20210331 132900;8.531050;8.531100;8.530680;8.531100;0
20210331 133000;8.531110;8.531320;8.530750;8.531030;0
20210331 133100;8.531040;8.531040;8.530270;8.530270;0
20210331 133200;8.530380;8.533890;8.529960;8.531940;0
20210331 133300;8.531970;8.532900;8.531940;8.532900;0
20210331 133400;8.532900;8.533420;8.532770;8.533420;0
20210331 133500;8.533330;8.533780;8.532970;8.533660;0
20210331 133600;8.533730;8.533780;8.532010;8.532160;0
20210331 133700;8.532210;8.533750;8.532010;8.533750;0
20210331 133800;8.533730;8.533730;8.532940;8.533320;0
20210331 133900;8.533440;8.534130;8.533270;8.534010;0
20210331 134000;8.533950;8.535840;8.533900;8.535640;0
20210331 134100;8.535510;8.535970;8.535200;8.535710;0
20210331 134200;8.535720;8.536090;8.535240;8.535240;0
20210331 134300;8.535300;8.535620;8.534620;8.535420;0
20210331 134400;8.535440;8.535830;8.535230;8.535300;0
20210331 134500;8.535330;8.536990;8.532420;8.536820;0
20210331 134600;8.536700;8.537890;8.536700;8.537710;0
20210331 134700;8.537530;8.538980;8.537080;8.538510;0
20210331 134800;8.538670;8.539740;8.538500;8.539460;0
20210331 134900;8.539460;8.539870;8.539050;8.539610;0
20210331 135000;8.539510;8.539510;8.539120;8.539120;0
20210331 135100;8.539160;8.539220;8.538540;8.538680;0
20210331 135200;8.538620;8.538620;8.536730;8.538140;0
20210331 135300;8.538240;8.538630;8.537870;8.538230;0
20210331 135400;8.538030;8.539980;8.538030;8.539960;0
20210331 135500;8.540070;8.540080;8.539530;8.539600;0
20210331 135600;8.539600;8.539850;8.538870;8.539450;0
20210331 135700;8.539420;8.539720;8.538900;8.539390;0
20210331 135800;8.539390;8.539540;8.538390;8.539540;0
20210331 135900;8.539590;8.540420;8.537880;8.539190;0
20210331 140000;8.539230;8.539380;8.538340;8.538790;0
20210331 140100;8.538830;8.539340;8.538830;8.539200;0
20210331 140200;8.538920;8.539860;8.538650;8.539180;0
20210331 140300;8.539150;8.539900;8.538940;8.539890;0
20210331 140400;8.539970;8.541260;8.539970;8.541250;0
20210331 140500;8.541250;8.542410;8.541250;8.542330;0
20210331 140600;8.542330;8.542330;8.541340;8.541490;0
20210331 140700;8.541490;8.541510;8.540980;8.541500;0
20210331 140800;8.541620;8.542300;8.541500;8.542300;0
20210331 140900;8.542290;8.543230;8.541990;8.543140;0
20210331 141000;8.543140;8.544240;8.543140;8.543810;0
20210331 141100;8.543800;8.544510;8.543800;8.544290;0
20210331 141200;8.544290;8.544840;8.544140;8.544630;0
20210331 141300;8.544630;8.544780;8.544490;8.544690;0
20210331 141400;8.544680;8.544850;8.544400;8.544640;0
20210331 141500;8.544640;8.544640;8.544330;8.544480;0
20210331 141600;8.544480;8.544710;8.544200;8.544210;0
20210331 141700;8.544210;8.544570;8.544210;8.544420;0
20210331 141800;8.544410;8.544590;8.544200;8.544430;0
20210331 141900;8.544430;8.544850;8.544430;8.544680;0
20210331 142000;8.544680;8.545590;8.544680;8.545140;0
20210331 142100;8.545150;8.545380;8.544800;8.545370;0
20210331 142200;8.545370;8.546020;8.545370;8.545940;0
20210331 142300;8.545930;8.546800;8.545820;8.546430;0
20210331 142400;8.546430;8.547190;8.546430;8.546660;0
20210331 142500;8.546380;8.546640;8.546090;8.546190;0
20210331 142600;8.546180;8.546180;8.545590;8.545590;0
20210331 142700;8.545790;8.546090;8.545790;8.546020;0
20210331 142800;8.545910;8.546880;8.545730;8.546800;0
20210331 142900;8.546880;8.547050;8.545890;8.545890;0
20210331 143000;8.545890;8.545890;8.545390;8.545390;0
20210331 143100;8.545240;8.546160;8.545190;8.545940;0
20210331 143200;8.545940;8.546320;8.545940;8.545950;0
20210331 143300;8.545950;8.545950;8.545890;8.545890;0
20210331 143400;8.545670;8.546560;8.545670;8.546410;0
20210331 143500;8.546490;8.548820;8.546430;8.547890;0
20210331 143600;8.547770;8.548510;8.547640;8.548510;0
20210331 143700;8.548510;8.548710;8.548200;8.548570;0
20210331 143800;8.548640;8.549280;8.548460;8.549270;0
20210331 143900;8.549260;8.550060;8.549250;8.549830;0
20210331 144000;8.549840;8.549840;8.549390;8.549770;0
20210331 144100;8.549630;8.549630;8.548610;8.548610;0
20210331 144200;8.548690;8.548990;8.547670;8.547820;0
20210331 144300;8.547830;8.549820;8.547830;8.549270;0
20210331 144400;8.549270;8.549780;8.549270;8.549560;0
20210331 144500;8.549720;8.550130;8.549410;8.550070;0
20210331 144600;8.550200;8.552520;8.550200;8.552280;0
20210331 144700;8.552280;8.552280;8.550720;8.551790;0
20210331 144800;8.551790;8.552760;8.551790;8.552270;0
20210331 144900;8.552270;8.552270;8.551620;8.552140;0
20210331 145000;8.552200;8.552770;8.552200;8.552770;0
20210331 145100;8.552770;8.552770;8.551490;8.552340;0
20210331 145200;8.552120;8.552220;8.551170;8.551610;0
20210331 145300;8.551620;8.552380;8.551240;8.551250;0
20210331 145400;8.551310;8.551660;8.550730;8.551320;0
20210331 145500;8.551330;8.553090;8.551170;8.552540;0
20210331 145600;8.552550;8.553270;8.551830;8.552910;0
20210331 145700;8.552920;8.554110;8.552920;8.553670;0
20210331 145800;8.553820;8.557540;8.553820;8.555740;0
20210331 145900;8.555690;8.559090;8.555110;8.556800;0
20210331 150000;8.556800;8.557220;8.555560;8.557090;0
20210331 150100;8.556950;8.558300;8.554690;8.556650;0
20210331 150200;8.555690;8.556820;8.555520;8.556030;0
20210331 150300;8.556110;8.556880;8.556100;8.556640;0
20210331 150400;8.556640;8.556640;8.555580;8.555810;0
20210331 150500;8.555820;8.555980;8.555570;8.555740;0
20210331 150600;8.555730;8.555730;8.555350;8.555360;0
20210331 150700;8.555350;8.555350;8.554680;8.555160;0
20210331 150800;8.555170;8.555520;8.555070;8.555230;0
20210331 150900;8.555240;8.555240;8.553540;8.554580;0
20210331 151000;8.554380;8.554380;8.552960;8.553180;0
20210331 151100;8.553090;8.555640;8.553090;8.555410;0
20210331 151200;8.555410;8.555410;8.554660;8.554780;0
20210331 151300;8.554500;8.554570;8.554370;8.554370;0
20210331 151400;8.554570;8.554950;8.554500;8.554660;0
20210331 151500;8.554650;8.554790;8.554300;8.554400;0
20210331 151600;8.554350;8.554700;8.553980;8.554490;0
20210331 151700;8.554630;8.554630;8.553840;8.553980;0
20210331 151800;8.554040;8.555230;8.554040;8.555190;0
20210331 151900;8.555210;8.555330;8.554720;8.554970;0
20210331 152000;8.554870;8.554900;8.553420;8.553640;0
20210331 152100;8.553610;8.554070;8.553190;8.553190;0
20210331 152200;8.553180;8.553310;8.552930;8.553180;0
20210331 152300;8.553230;8.553450;8.552630;8.553280;0
20210331 152400;8.553220;8.554410;8.552880;8.554160;0
20210331 152500;8.554230;8.554270;8.553450;8.553590;0
20210331 152600;8.553660;8.553780;8.553420;8.553520;0
20210331 152700;8.553440;8.553810;8.553220;8.553510;0
20210331 152800;8.553520;8.553860;8.550380;8.552300;0
20210331 152900;8.552170;8.553260;8.552110;8.553260;0
20210331 153000;8.553400;8.553610;8.553380;8.553480;0
20210331 153100;8.553470;8.554010;8.553380;8.554010;0
20210331 153200;8.553740;8.553900;8.553590;8.553700;0
20210331 153300;8.553690;8.553690;8.550400;8.552500;0
20210331 153400;8.552540;8.555810;8.550210;8.551540;0
20210331 153500;8.551940;8.554270;8.551870;8.553610;0
20210331 153600;8.553610;8.553610;8.553270;8.553410;0
20210331 153700;8.553360;8.553380;8.553010;8.553060;0
20210331 153800;8.553050;8.553860;8.553050;8.553720;0
20210331 153900;8.553720;8.554230;8.553560;8.553930;0
20210331 154000;8.554000;8.556960;8.554000;8.556700;0
20210331 154100;8.556710;8.556710;8.555340;8.555420;0
20210331 154200;8.555500;8.555620;8.555200;8.555280;0
20210331 154300;8.555240;8.555680;8.554430;8.555440;0
20210331 154400;8.555130;8.556240;8.554610;8.555560;0
20210331 154500;8.555600;8.556140;8.555090;8.555410;0
20210331 154600;8.555360;8.555570;8.555200;8.555300;0
20210331 154700;8.555310;8.556270;8.555310;8.556270;0
20210331 154800;8.556300;8.556640;8.554070;8.554840;0
20210331 154900;8.554840;8.555210;8.553740;8.554320;0
20210331 155000;8.554000;8.554410;8.553740;8.554070;0
20210331 155100;8.554130;8.555810;8.553820;8.554390;0
20210331 155200;8.554430;8.555540;8.554090;8.554960;0
20210331 155300;8.555000;8.555000;8.553510;8.553510;0
20210331 155400;8.553490;8.553950;8.553460;8.553950;0
20210331 155500;8.553950;8.554510;8.553580;8.553900;0
20210331 155600;8.553980;8.553980;8.551910;8.551910;0
20210331 155700;8.551870;8.552340;8.551660;8.552120;0
20210331 155800;8.552110;8.552990;8.551670;8.551930;0
20210331 155900;8.551900;8.552930;8.551780;8.552430;0
20210331 160000;8.552310;8.552590;8.551790;8.552030;0
20210331 160100;8.552090;8.552200;8.551660;8.552190;0
20210331 160200;8.552150;8.552530;8.551670;8.551820;0
20210331 160300;8.551910;8.552580;8.551870;8.552570;0
20210331 160400;8.552660;8.553550;8.552660;8.553030;0
20210331 160500;8.553020;8.554110;8.552950;8.553870;0
20210331 160600;8.553870;8.555860;8.553870;8.555430;0
20210331 160700;8.555420;8.556240;8.555090;8.555950;0
20210331 160800;8.556020;8.557720;8.556020;8.557310;0
20210331 160900;8.557310;8.557970;8.556650;8.556650;0
20210331 161000;8.557970;8.557980;8.555690;8.555690;0
20210331 161100;8.555690;8.555980;8.555320;8.555770;0
20210331 161200;8.555850;8.556970;8.555470;8.555980;0
20210331 161300;8.555980;8.555980;8.555030;8.555030;0
20210331 161400;8.555030;8.555190;8.555030;8.555190;0
20210331 161500;8.555200;8.555330;8.555040;8.555170;0
20210331 161600;8.555170;8.555390;8.555170;8.555250;0
20210331 161700;8.555170;8.556640;8.555170;8.555480;0
20210331 161800;8.555480;8.555850;8.554690;8.555850;0
20210331 161900;8.555690;8.555820;8.555550;8.555550;0
20210331 162000;8.555550;8.556090;8.555550;8.556090;0
20210331 162100;8.556310;8.557150;8.556180;8.557150;0
20210331 162200;8.557150;8.557150;8.556780;8.556780;0
20210331 162300;8.556780;8.556900;8.556780;8.556890;0
20210331 162400;8.556900;8.556970;8.556890;8.556960;0
20210331 162500;8.556960;8.556970;8.556420;8.556420;0
20210331 162600;8.556400;8.556630;8.556290;8.556470;0
20210331 162700;8.556550;8.556610;8.556340;8.556340;0
20210331 162800;8.556340;8.556650;8.556060;8.556150;0
20210331 162900;8.556140;8.556660;8.556140;8.556360;0
20210331 163000;8.556590;8.556770;8.556170;8.556350;0
20210331 163100;8.556430;8.556670;8.549640;8.552580;0
20210331 163200;8.552570;8.553820;8.552260;8.553790;0
20210331 163300;8.553790;8.553800;8.553010;8.553010;0
20210331 163400;8.553140;8.553300;8.552260;8.553120;0
20210331 163500;8.553270;8.553860;8.552990;8.553410;0
20210331 163600;8.553410;8.553630;8.552760;8.552830;0
20210331 163700;8.552900;8.553100;8.552750;8.552910;0
20210331 163800;8.552960;8.553670;8.552540;8.552690;0
20210331 163900;8.552540;8.552920;8.552540;8.552660;0
20210331 164000;8.552720;8.552960;8.552720;8.552910;0
20210331 164100;8.552900;8.553330;8.552730;8.552980;0
20210331 164200;8.552920;8.555370;8.552630;8.552940;0
20210331 164300;8.552950;8.554320;8.552950;8.554250;0
20210331 164400;8.554010;8.554250;8.553070;8.553550;0
20210331 164500;8.553570;8.555100;8.553340;8.555100;0
20210331 164600;8.554950;8.555420;8.554510;8.555240;0
20210331 164700;8.555110;8.555220;8.554340;8.555110;0
20210331 164800;8.554480;8.555110;8.553880;8.554450;0
20210331 164900;8.554500;8.555400;8.553450;8.554170;0
20210331 165000;8.552970;8.553040;8.552020;8.552440;0
20210331 165100;8.552590;8.552860;8.551540;8.551800;0
20210331 165200;8.551980;8.552430;8.551830;8.551900;0
20210331 165300;8.552080;8.552760;8.551800;8.552200;0
20210331 165400;8.552410;8.553290;8.551920;8.552030;0
20210331 165500;8.550470;8.550830;8.549720;8.550470;0
20210331 165600;8.550470;8.550630;8.549840;8.549870;0
20210331 165700;8.549870;8.550220;8.549700;8.549980;0
20210331 165800;8.549980;8.550130;8.549700;8.549700;0
20210331 165900;8.549700;8.549730;8.546520;8.546520;0
20210331 170000;8.546220;8.546220;8.546220;8.546220;0
20210331 170200;8.535830;8.543630;8.535830;8.543630;0
20210331 170300;8.543620;8.544330;8.543620;8.544020;0
20210331 170400;8.544120;8.545030;8.544120;8.545030;0
20210331 170500;8.545020;8.545220;8.544920;8.545220;0
20210331 170600;8.545420;8.545420;8.545030;8.545030;0
20210331 170700;8.545020;8.545320;8.545020;8.545320;0
20210331 170800;8.545020;8.545030;8.545020;8.545030;0
20210331 170900;8.545020;8.545720;8.545020;8.545720;0
20210331 171000;8.545620;8.545620;8.545620;8.545620;0
20210331 171100;8.545720;8.545720;8.545720;8.545720;0
20210331 171200;8.545820;8.545820;8.545720;8.545720;0
20210331 171300;8.545830;8.546020;8.545320;8.545320;0
20210331 171400;8.546420;8.546820;8.545720;8.545930;0
20210331 171500;8.546120;8.546620;8.546030;8.546420;0
20210331 171600;8.546220;8.546220;8.545720;8.545720;0
20210331 171700;8.545820;8.545830;8.545620;8.545830;0
20210331 171800;8.546120;8.546220;8.546120;8.546220;0
20210331 171900;8.546120;8.546120;8.546120;8.546120;0
20210331 172000;8.546020;8.546020;8.545820;8.545820;0
20210331 172100;8.545620;8.545620;8.545620;8.545620;0
20210331 172300;8.545720;8.545820;8.545630;8.545720;0
20210331 172400;8.545520;8.545520;8.545520;8.545520;0
20210331 172500;8.545420;8.545420;8.545420;8.545420;0
20210331 172600;8.545530;8.547420;8.545420;8.545420;0
20210331 172700;8.545120;8.545220;8.545120;8.545220;0
20210331 172800;8.545020;8.545530;8.545020;8.545230;0
20210331 172900;8.544920;8.545630;8.544830;8.545320;0
20210331 173000;8.536340;8.545720;8.517820;8.545330;0
20210331 173100;8.545430;8.546230;8.545430;8.545520;0
20210331 173200;8.545420;8.545620;8.545420;8.545520;0
20210331 173300;8.545420;8.546230;8.545420;8.546230;0
20210331 173400;8.546120;8.549030;8.546120;8.549030;0
20210331 173500;8.549120;8.549720;8.549120;8.549720;0
20210331 173600;8.549820;8.550720;8.549220;8.549220;0
20210331 173700;8.549430;8.550730;8.549020;8.549320;0
20210331 173800;8.549020;8.550620;8.548720;8.549020;0
20210331 173900;8.549120;8.550530;8.548720;8.548730;0
20210331 174000;8.548920;8.550430;8.548720;8.549020;0
20210331 174100;8.548820;8.550420;8.548630;8.548820;0
20210331 174200;8.548620;8.550420;8.548520;8.549020;0
20210331 174300;8.548920;8.550320;8.548520;8.548920;0
20210331 174400;8.548720;8.550120;8.548720;8.548820;0
20210331 174500;8.548920;8.550420;8.548830;8.549020;0
20210331 174600;8.548820;8.550330;8.548820;8.549020;0
20210331 174700;8.549220;8.550220;8.549220;8.549420;0
20210331 174800;8.549220;8.550320;8.549120;8.549420;0
20210331 174900;8.550220;8.551320;8.549420;8.550030;0
20210331 175000;8.549820;8.551220;8.549620;8.550920;0
20210331 175100;8.551720;8.551720;8.549820;8.549820;0
20210331 175200;8.550530;8.550530;8.549820;8.549820;0
20210331 175300;8.549720;8.550430;8.549520;8.549620;0
20210331 175500;8.549820;8.549930;8.549820;8.549930;0
20210331 175600;8.549720;8.549720;8.549720;8.549720;0
20210331 175800;8.549920;8.550420;8.548520;8.548520;0
20210331 175900;8.548620;8.551220;8.548220;8.549820;0
20210331 180000;8.551620;8.551720;8.549220;8.550930;0
20210331 180100;8.550260;8.550660;8.548820;8.549520;0
20210331 180200;8.549420;8.550970;8.548820;8.549620;0
20210331 180300;8.549720;8.551020;8.549420;8.551020;0
20210331 180400;8.550920;8.551420;8.549020;8.549220;0
20210331 180500;8.549420;8.550130;8.548720;8.549130;0
20210331 180600;8.549220;8.551120;8.549030;8.550020;0
20210331 180700;8.549920;8.551620;8.549620;8.550720;0
20210331 180800;8.550820;8.552120;8.550620;8.551620;0
20210331 180900;8.551560;8.551720;8.550830;8.551520;0
20210331 181000;8.551220;8.552430;8.550720;8.552320;0
20210331 181100;8.552220;8.552730;8.550920;8.551320;0
20210331 181200;8.551430;8.552520;8.550420;8.551230;0
20210331 181300;8.551220;8.552320;8.550320;8.551520;0
20210331 181400;8.551420;8.552420;8.551120;8.552020;0
20210331 181500;8.551920;8.553230;8.551820;8.552520;0
20210331 181600;8.552420;8.552730;8.551520;8.551930;0
20210331 181700;8.552020;8.553020;8.551920;8.552620;0
20210331 181800;8.552520;8.553120;8.551020;8.551420;0
20210331 181900;8.551720;8.551720;8.548720;8.549120;0
20210331 182000;8.549020;8.550920;8.548320;8.550520;0
20210331 182100;8.550620;8.550820;8.549630;8.550520;0
20210331 182200;8.550620;8.550620;8.549320;8.549920;0
20210331 182300;8.550020;8.550230;8.549220;8.549420;0
20210331 182400;8.549420;8.550330;8.549320;8.549730;0
20210331 182500;8.549620;8.549730;8.548620;8.549420;0
20210331 182600;8.549520;8.549920;8.548820;8.549720;0
20210331 182700;8.549720;8.549730;8.549020;8.549320;0
20210331 182800;8.549220;8.549630;8.547820;8.547920;0
20210331 182900;8.547820;8.548620;8.547420;8.548330;0
20210331 183000;8.548420;8.548730;8.547520;8.547920;0
20210331 183100;8.547820;8.547920;8.547220;8.547420;0
20210331 183200;8.547320;8.548120;8.546920;8.548120;0
20210331 183300;8.548220;8.549820;8.547620;8.549820;0
20210331 183400;8.549820;8.550120;8.549120;8.549520;0
20210331 183500;8.549430;8.549520;8.548220;8.548420;0
20210331 183600;8.548220;8.549730;8.548120;8.549720;0
20210331 183700;8.549620;8.549820;8.548920;8.549320;0
20210331 183800;8.549420;8.549720;8.548420;8.548520;0
20210331 183900;8.548330;8.548520;8.547320;8.547420;0
20210331 184000;8.547220;8.547650;8.547020;8.547520;0
20210331 184100;8.547420;8.548140;8.547020;8.547720;0
20210331 184200;8.547620;8.548320;8.547030;8.547930;0
20210331 184300;8.547720;8.548020;8.546920;8.547320;0
20210331 184400;8.547120;8.547320;8.546430;8.546720;0
20210331 184500;8.546820;8.547770;8.546320;8.546320;0
20210331 184600;8.546420;8.547520;8.546220;8.547420;0
20210331 184700;8.547420;8.548040;8.547120;8.547330;0
20210331 184800;8.547420;8.547620;8.546220;8.546620;0
20210331 184900;8.546620;8.547800;8.546420;8.547130;0
20210331 185000;8.547020;8.547020;8.546020;8.546020;0
20210331 185100;8.546120;8.547230;8.545920;8.547220;0
20210331 185200;8.547020;8.548120;8.547020;8.548020;0
20210331 185300;8.548130;8.550120;8.547520;8.549820;0
20210331 185400;8.549720;8.549720;8.548430;8.549620;0
20210331 185500;8.549520;8.549820;8.549020;8.549620;0
20210331 185600;8.549620;8.550650;8.548800;8.549730;0
20210331 185700;8.549820;8.550730;8.549620;8.550220;0
20210331 185800;8.550220;8.550820;8.549430;8.550220;0
20210331 185900;8.550130;8.550630;8.549920;8.550630;0
20210331 190000;8.550320;8.552920;8.550030;8.552820;0
20210331 190100;8.552620;8.553020;8.551620;8.552420;0
20210331 190200;8.552620;8.553530;8.551720;8.552530;0
20210331 190300;8.552420;8.552420;8.550430;8.550820;0
20210331 190400;8.550630;8.551720;8.550320;8.551620;0
20210331 190500;8.551520;8.552230;8.551020;8.551320;0
20210331 190600;8.551220;8.552020;8.550620;8.551720;0
20210331 190700;8.551820;8.552320;8.551020;8.552020;0
20210331 190800;8.551920;8.552020;8.550830;8.551020;0
20210331 190900;8.550920;8.552020;8.550620;8.551220;0
20210331 191000;8.551120;8.551320;8.550220;8.550330;0
20210331 191100;8.550230;8.551730;8.550220;8.551020;0
20210331 191200;8.551220;8.552420;8.550820;8.551220;0
20210331 191300;8.551330;8.551530;8.548920;8.549920;0
20210331 191400;8.549820;8.550640;8.549420;8.549520;0
20210331 191500;8.549620;8.550120;8.549220;8.549520;0
20210331 191600;8.549520;8.550130;8.549120;8.549820;0
20210331 191700;8.549420;8.549920;8.548220;8.548830;0
20210331 191800;8.548720;8.549320;8.547920;8.548720;0
20210331 191900;8.548820;8.549130;8.547720;8.547920;0
20210331 192000;8.548220;8.549320;8.547820;8.548520;0
20210331 192100;8.548320;8.549440;8.548220;8.548920;0
20210331 192200;8.549020;8.549630;8.548920;8.549120;0
20210331 192300;8.549030;8.549520;8.548420;8.548720;0
20210331 192400;8.548620;8.549580;8.548120;8.548520;0
20210331 192500;8.548520;8.549560;8.547920;8.548820;0
20210331 192600;8.548620;8.549130;8.547720;8.548120;0
20210331 192700;8.548120;8.549420;8.548120;8.548520;0
20210331 192800;8.548630;8.548930;8.548330;8.548820;0
20210331 192900;8.548620;8.549030;8.548120;8.548530;0
20210331 193000;8.548230;8.549230;8.547720;8.548820;0
20210331 193100;8.549020;8.549430;8.548320;8.548620;0
20210331 193200;8.548530;8.550020;8.548330;8.549030;0
20210331 193300;8.548920;8.549820;8.548320;8.548920;0
20210331 193400;8.549120;8.549410;8.548160;8.548310;0
20210331 193500;8.548330;8.549040;8.547950;8.548330;0
20210331 193600;8.548310;8.548970;8.547220;8.547930;0
20210331 193700;8.547920;8.548720;8.546620;8.547720;0
20210331 193800;8.547830;8.548520;8.545420;8.546530;0
20210331 193900;8.546120;8.548030;8.546120;8.547730;0
20210331 194000;8.547620;8.547830;8.546620;8.546630;0
20210331 194100;8.546520;8.547530;8.545820;8.546120;0
20210331 194200;8.546030;8.546220;8.544830;8.546220;0
20210331 194300;8.546120;8.548270;8.546120;8.546920;0
20210331 194400;8.546830;8.548020;8.545920;8.546830;0
20210331 194500;8.547020;8.548020;8.546520;8.547720;0
20210331 194600;8.547620;8.548350;8.546820;8.548020;0
20210331 194700;8.548120;8.550120;8.548020;8.548420;0
20210331 194800;8.548420;8.549430;8.547520;8.549220;0
20210331 194900;8.549020;8.549020;8.546920;8.547920;0
20210331 195000;8.547830;8.548420;8.547020;8.548220;0
20210331 195100;8.548120;8.548730;8.548020;8.548120;0
20210331 195200;8.548220;8.548560;8.545220;8.546720;0
20210331 195300;8.546330;8.547130;8.545420;8.547130;0
20210331 195400;8.547220;8.547830;8.546620;8.547420;0
20210331 195500;8.547520;8.547520;8.543820;8.544420;0
20210331 195600;8.544320;8.544720;8.544030;8.544320;0
20210331 195700;8.544220;8.545060;8.544210;8.545040;0
20210331 195800;8.545130;8.545180;8.544540;8.545070;0
20210331 195900;8.544930;8.544980;8.543670;8.543670;0
20210331 200000;8.543920;8.545140;8.542740;8.544760;0
20210331 200100;8.544990;8.545350;8.544920;8.544950;0
20210331 200200;8.545020;8.546620;8.544850;8.546470;0
20210331 200300;8.546320;8.546830;8.546320;8.546620;0
20210331 200400;8.546760;8.547200;8.546760;8.546810;0
20210331 200500;8.546590;8.552640;8.546590;8.552640;0
20210331 200600;8.552710;8.553440;8.546720;8.551670;0
20210331 200700;8.551570;8.552290;8.551240;8.552090;0
20210331 200800;8.552000;8.553280;8.550760;8.553120;0
20210331 200900;8.553120;8.553920;8.553120;8.553750;0
20210331 201000;8.553600;8.554040;8.553160;8.553820;0
20210331 201100;8.553750;8.554330;8.552670;8.553750;0
20210331 201200;8.553890;8.554500;8.553890;8.553960;0
20210331 201300;8.553960;8.554330;8.553090;8.553090;0
20210331 201400;8.553230;8.553450;8.552800;8.552800;0
20210331 201500;8.552730;8.552730;8.551850;8.552080;0
20210331 201600;8.552070;8.552140;8.551700;8.551700;0
20210331 201700;8.551920;8.552430;8.551920;8.552150;0
20210331 201800;8.552080;8.552290;8.551920;8.551990;0
20210331 201900;8.552000;8.552040;8.551750;8.551780;0
20210331 202000;8.551920;8.552830;8.551920;8.552830;0
20210331 202100;8.552900;8.553130;8.552900;8.553120;0
20210331 202200;8.553410;8.555780;8.553410;8.555780;0
20210331 202300;8.555720;8.559910;8.547330;8.550620;0
20210331 202400;8.550520;8.553120;8.549520;8.551720;0
20210331 202500;8.551720;8.552360;8.551690;8.552360;0
20210331 202600;8.552130;8.552420;8.551600;8.552420;0
20210331 202700;8.552200;8.552320;8.551530;8.551530;0
20210331 202800;8.551580;8.556050;8.547620;8.548720;0
20210331 202900;8.548620;8.551670;8.548520;8.551380;0
20210331 203000;8.550990;8.554900;8.550030;8.554810;0
20210331 203100;8.554810;8.555360;8.554810;8.554970;0
20210331 203200;8.554820;8.554830;8.545220;8.547820;0
20210331 203300;8.548020;8.549530;8.547120;8.549530;0
20210331 203400;8.549390;8.549660;8.548820;8.548900;0
20210331 203500;8.549040;8.549190;8.548530;8.548620;0
20210331 203600;8.548680;8.548900;8.545830;8.546670;0
20210331 203700;8.546600;8.546940;8.546140;8.546360;0
20210331 203800;8.546430;8.546570;8.545310;8.545750;0
20210331 203900;8.545820;8.546780;8.545820;8.546180;0
20210331 204000;8.546110;8.546330;8.545670;8.545960;0
20210331 204100;8.546040;8.546910;8.546040;8.546770;0
20210331 204200;8.546910;8.547520;8.546910;8.547520;0
20210331 204300;8.547670;8.548440;8.547670;8.548290;0
20210331 204400;8.548370;8.548450;8.547270;8.547640;0
20210331 204500;8.547710;8.548080;8.547500;8.548080;0
20210331 204600;8.547930;8.548290;8.547860;8.547860;0
20210331 204700;8.547930;8.547930;8.547850;8.547850;0
20210331 204800;8.548010;8.548220;8.547630;8.547850;0
20210331 204900;8.548070;8.548950;8.548070;8.548950;0
20210331 205000;8.548890;8.548960;8.548020;8.548020;0
20210331 205100;8.547940;8.547940;8.546490;8.546490;0
20210331 205200;8.546280;8.546280;8.544360;8.544490;0
20210331 205300;8.544570;8.545300;8.543770;8.543920;0
20210331 205400;8.543990;8.549280;8.541020;8.547260;0
20210331 205500;8.546950;8.551920;8.544520;8.550650;0
20210331 205600;8.550760;8.553550;8.550020;8.553550;0
20210331 205700;8.552900;8.553030;8.545420;8.549370;0
20210331 205800;8.549370;8.550260;8.549030;8.549680;0
20210331 205900;8.549220;8.549220;8.546770;8.548000;0
20210331 210000;8.547770;8.547770;8.546380;8.546890;0
20210331 210100;8.547050;8.547620;8.546750;8.547480;0
20210331 210200;8.547560;8.548420;8.547560;8.548060;0
20210331 210300;8.548060;8.548060;8.547310;8.547310;0
20210331 210400;8.547220;8.547820;8.547010;8.547610;0
20210331 210500;8.547470;8.548050;8.547320;8.547820;0
20210331 210600;8.547970;8.548200;8.547970;8.548130;0
20210331 210700;8.548330;8.549330;8.548330;8.548780;0
20210331 210800;8.548630;8.549050;8.548410;8.549050;0
20210331 210900;8.549200;8.549900;8.549200;8.549900;0
20210331 211000;8.550120;8.550200;8.549690;8.549910;0
20210331 211100;8.549830;8.549830;8.549110;8.549540;0
20210331 211200;8.549460;8.549520;8.549230;8.549410;0
20210331 211300;8.549260;8.549920;8.549260;8.549860;0
20210331 211400;8.549770;8.549770;8.549190;8.549190;0
20210331 211500;8.549340;8.549340;8.548900;8.548900;0
20210331 211600;8.549040;8.549260;8.548680;8.548830;0
20210331 211800;8.548910;8.549480;8.548910;8.549120;0
20210331 211900;8.549040;8.549190;8.548970;8.549130;0
20210331 212000;8.549040;8.549190;8.549040;8.549050;0
20210331 212100;8.549190;8.549190;8.548970;8.548970;0
20210331 212200;8.549120;8.549120;8.547730;8.548170;0
20210331 212300;8.548170;8.548170;8.547730;8.547800;0
20210331 212400;8.547730;8.547800;8.547510;8.547510;0
20210331 212500;8.547370;8.547370;8.547080;8.547300;0
20210331 212600;8.547440;8.547440;8.547440;8.547440;0
20210331 212700;8.547310;8.547730;8.547310;8.547730;0
20210331 212800;8.547810;8.547810;8.547510;8.547510;0
20210331 212900;8.547440;8.548100;8.547440;8.548100;0
20210331 213000;8.548240;8.553690;8.545520;8.549110;0
20210331 213100;8.549120;8.550050;8.548900;8.548910;0
20210331 213200;8.549000;8.549580;8.548660;8.549580;0
20210331 213300;8.549520;8.549910;8.549380;8.549760;0
20210331 213400;8.549840;8.550600;8.549510;8.549510;0
20210331 213500;8.549730;8.549880;8.549440;8.549730;0
20210331 213600;8.549660;8.549660;8.549220;8.549510;0
20210331 213700;8.549450;8.549450;8.549290;8.549450;0
20210331 213800;8.549370;8.549440;8.548790;8.548790;0
20210331 213900;8.548930;8.549320;8.548880;8.549320;0
20210331 214000;8.549240;8.549240;8.548300;8.548300;0
20210331 214100;8.548150;8.548600;8.548150;8.548600;0
20210331 214200;8.548880;8.548880;8.548820;8.548820;0
20210331 214300;8.549060;8.551550;8.542050;8.547270;0
20210331 214400;8.547270;8.548630;8.547120;8.548300;0
20210331 214500;8.548330;8.551350;8.547810;8.550730;0
20210331 214600;8.550800;8.551850;8.550800;8.551450;0
20210331 214700;8.551380;8.551850;8.551240;8.551850;0
20210331 214800;8.551780;8.551780;8.550690;8.551500;0
20210331 214900;8.551430;8.551850;8.551340;8.551710;0
20210331 215000;8.551780;8.552370;8.551710;8.552370;0
20210331 215100;8.552420;8.552420;8.552060;8.552420;0
20210331 215200;8.552570;8.552750;8.552460;8.552600;0
20210331 215300;8.552540;8.552680;8.552470;8.552680;0
20210331 215400;8.552600;8.552600;8.552240;8.552240;0
20210331 215500;8.552160;8.552160;8.542740;8.544170;0
20210331 215600;8.543800;8.546550;8.543420;8.545480;0
20210331 215700;8.545770;8.547350;8.545640;8.547350;0
20210331 215800;8.547720;8.548360;8.547720;8.548140;0
20210331 215900;8.548070;8.548220;8.547850;8.548220;0
20210331 220000;8.548080;8.548080;8.546750;8.546750;0
20210331 220100;8.546680;8.546680;8.545820;8.546010;0
20210331 220200;8.546160;8.547130;8.546160;8.546540;0
20210331 220300;8.546690;8.547590;8.546690;8.547590;0
20210331 220400;8.547730;8.550590;8.547730;8.550100;0
20210331 220500;8.550030;8.550030;8.547320;8.548430;0
20210331 220600;8.548140;8.548370;8.548140;8.548370;0
20210331 220700;8.548520;8.549010;8.548210;8.549010;0
20210331 220800;8.548930;8.549440;8.548930;8.549440;0
20210331 220900;8.549490;8.549630;8.548990;8.549190;0
20210331 221000;8.549340;8.549480;8.549260;8.549260;0
20210331 221100;8.549120;8.549480;8.549120;8.549480;0
20210331 221200;8.549510;8.549870;8.549220;8.549810;0
20210331 221300;8.549950;8.550460;8.549440;8.550460;0
20210331 221400;8.550490;8.554070;8.550490;8.551140;0
20210331 221500;8.550990;8.551870;8.550850;8.551870;0
20210331 221600;8.551840;8.553250;8.551840;8.553250;0
20210331 221700;8.553610;8.553800;8.553430;8.553790;0
20210331 221800;8.553790;8.553790;8.553270;8.553420;0
20210331 221900;8.553570;8.554510;8.553570;8.554180;0
20210331 222000;8.554170;8.554170;8.554100;8.554100;0
20210331 222100;8.554110;8.554110;8.553730;8.553890;0
20210331 222200;8.553810;8.555460;8.552810;8.555210;0
20210331 222300;8.555000;8.556100;8.553390;8.555040;0
20210331 222400;8.554720;8.555300;8.550980;8.554570;0
20210331 222500;8.554720;8.555030;8.551170;8.552650;0
20210331 222600;8.552870;8.554690;8.551640;8.554370;0
20210331 222700;8.554410;8.556050;8.550800;8.555690;0
20210331 222800;8.555660;8.556980;8.553780;8.555970;0
20210331 222900;8.556130;8.556730;8.555260;8.556520;0
20210331 223000;8.556640;8.556910;8.556130;8.556910;0
20210331 223100;8.557120;8.557120;8.556840;8.557060;0
20210331 223200;8.556990;8.557730;8.556850;8.557730;0
20210331 223300;8.557660;8.557660;8.557430;8.557500;0
20210331 223400;8.557360;8.557580;8.556850;8.557030;0
20210331 223500;8.556940;8.557020;8.556670;8.556670;0
20210331 223600;8.556580;8.556650;8.556400;8.556400;0
20210331 223700;8.556610;8.557490;8.556610;8.556970;0
20210331 223800;8.557060;8.558140;8.557060;8.558140;0
20210331 223900;8.558000;8.558000;8.557350;8.557500;0
20210331 224000;8.557410;8.557570;8.557190;8.557410;0
20210331 224100;8.557480;8.557480;8.556970;8.557120;0
20210331 224200;8.557190;8.557850;8.557060;8.557710;0
20210331 224300;8.557640;8.557640;8.557060;8.557190;0
20210331 224400;8.557340;8.557340;8.556970;8.557140;0
20210331 224500;8.557050;8.557130;8.556460;8.556460;0
20210331 224600;8.556680;8.556760;8.556460;8.556690;0
20210331 224700;8.556770;8.557280;8.556770;8.557130;0
20210331 224800;8.557190;8.557700;8.557190;8.557280;0
20210331 224900;8.557160;8.557160;8.556390;8.556390;0
20210331 225000;8.556240;8.556840;8.556240;8.556340;0
20210331 225100;8.556360;8.557320;8.556340;8.556930;0
20210331 225200;8.557080;8.557860;8.557080;8.557860;0
20210331 225300;8.557640;8.557640;8.556890;8.556950;0
20210331 225400;8.557020;8.557460;8.557020;8.557310;0
20210331 225500;8.557380;8.557870;8.557380;8.557870;0
20210331 225600;8.558020;8.558380;8.558020;8.558380;0
20210331 225700;8.558250;8.558250;8.557950;8.558090;0
20210331 225800;8.558240;8.558280;8.557390;8.557390;0
20210331 225900;8.557320;8.557320;8.557020;8.557020;0
20210331 230000;8.556950;8.556950;8.556660;8.556660;0
20210331 230100;8.556290;8.556880;8.555930;8.556600;0
20210331 230200;8.556370;8.556550;8.556290;8.556290;0
20210331 230300;8.556440;8.556810;8.556390;8.556390;0
20210331 230400;8.556230;8.556310;8.556150;8.556150;0
20210331 230500;8.556010;8.556150;8.556010;8.556080;0
20210331 230600;8.556230;8.556230;8.555930;8.555930;0
20210331 230700;8.555860;8.556080;8.555650;8.556020;0
20210331 230800;8.555940;8.555940;8.555420;8.555420;0
20210331 230900;8.555200;8.555210;8.554930;8.554950;0
20210331 231000;8.555100;8.555110;8.554810;8.554810;0
20210331 231100;8.554810;8.554960;8.554730;8.554760;0
20210331 231200;8.554830;8.554830;8.554830;8.554830;0
20210331 231400;8.554960;8.556800;8.554960;8.555700;0
20210331 231500;8.555850;8.556210;8.555700;8.556000;0
20210331 231600;8.555920;8.556210;8.554570;8.554730;0
20210331 231700;8.554660;8.554880;8.554660;8.554730;0
20210331 231800;8.554820;8.554820;8.551920;8.552660;0
20210331 231900;8.552620;8.554510;8.552620;8.554170;0
20210331 232000;8.554090;8.554090;8.553950;8.554090;0
20210331 232100;8.554150;8.555080;8.554150;8.555080;0
20210331 232200;8.555170;8.556160;8.555170;8.555610;0
20210331 232300;8.555530;8.555530;8.555310;8.555310;0
20210331 232400;8.555310;8.555310;8.547300;8.550080;0
20210331 232500;8.549820;8.551420;8.549820;8.551370;0
20210331 232600;8.551690;8.552050;8.551690;8.552050;0
20210331 232700;8.552120;8.552120;8.552120;8.552120;0
20210331 232900;8.552210;8.553030;8.552210;8.552810;0
20210331 233100;8.552880;8.553390;8.552810;8.553390;0
20210331 233200;8.553550;8.553770;8.553550;8.553770;0
20210331 233300;8.553550;8.553550;8.553400;8.553540;0
20210331 233400;8.553700;8.556380;8.553120;8.556380;0
20210331 233500;8.556590;8.556750;8.551510;8.552450;0
20210331 233600;8.552420;8.552420;8.552110;8.552120;0
20210331 233700;8.552330;8.552330;8.552330;8.552330;0
20210331 233800;8.552430;8.555630;8.552100;8.555320;0
20210331 233900;8.555320;8.555320;8.554760;8.555270;0
20210331 234000;8.555340;8.555700;8.555340;8.555700;0
20210331 234100;8.555760;8.555760;8.555540;8.555540;0
20210331 234200;8.555620;8.556650;8.555620;8.556650;0
20210331 234300;8.556490;8.556640;8.556130;8.556190;0
20210331 234400;8.556110;8.556190;8.555890;8.556190;0
20210331 234500;8.556330;8.556700;8.556190;8.556640;0
20210331 234600;8.556630;8.556630;8.555460;8.556480;0
20210331 234700;8.556340;8.556340;8.554510;8.554510;0
20210331 234800;8.554580;8.554730;8.554520;8.554730;0
20210331 234900;8.554810;8.554810;8.554070;8.554360;0
20210331 235000;8.554360;8.554870;8.554210;8.554870;0
20210331 235100;8.554650;8.554650;8.554140;8.554360;0
20210331 235200;8.554500;8.554500;8.554340;8.554340;0
20210331 235400;8.554400;8.554690;8.554400;8.554620;0
20210331 235500;8.554690;8.555070;8.554690;8.555070;0
20210331 235600;8.555140;8.555790;8.555140;8.555710;0
20210331 235700;8.555860;8.556220;8.555790;8.555930;0
20210331 235800;8.555860;8.555870;8.555350;8.555350;0
